"","-90","-89.0575916230366","-88.1151832460733","-87.1727748691099","-86.2303664921466","-85.2879581151832","-84.3455497382199","-83.4031413612565","-82.4607329842932","-81.5183246073298","-80.5759162303665","-79.6335078534031","-78.6910994764398","-77.7486910994764","-76.8062827225131","-75.8638743455497","-74.9214659685864","-73.979057591623","-73.0366492146597","-72.0942408376963","-71.151832460733","-70.2094240837696","-69.2670157068063","-68.3246073298429","-67.3821989528796","-66.4397905759162","-65.4973821989529","-64.5549738219895","-63.6125654450262","-62.6701570680628","-61.7277486910995","-60.7853403141361","-59.8429319371728","-58.9005235602094","-57.9581151832461","-57.0157068062827","-56.0732984293194","-55.130890052356","-54.1884816753927","-53.2460732984293","-52.303664921466","-51.3612565445026","-50.4188481675393","-49.4764397905759","-48.5340314136126","-47.5916230366492","-46.6492146596859","-45.7068062827225","-44.7643979057592","-43.8219895287958","-42.8795811518325","-41.9371727748691","-40.9947643979058","-40.0523560209424","-39.1099476439791","-38.1675392670157","-37.2251308900524","-36.282722513089","-35.3403141361257","-34.3979057591623","-33.455497382199","-32.5130890052356","-31.5706806282722","-30.6282722513089","-29.6858638743456","-28.7434554973822","-27.8010471204189","-26.8586387434555","-25.9162303664921","-24.9738219895288","-24.0314136125654","-23.0890052356021","-22.1465968586387","-21.2041884816754","-20.261780104712","-19.3193717277487","-18.3769633507853","-17.434554973822","-16.4921465968586","-15.5497382198953","-14.6073298429319","-13.6649214659686","-12.7225130890052","-11.7801047120419","-10.8376963350785","-9.89528795811519","-8.95287958115183","-8.01047120418848","-7.06806282722513","-6.12565445026178","-5.18324607329843","-4.24083769633508","-3.29842931937173","-2.35602094240838","-1.41361256544502","-0.471204188481678","0.471204188481678","1.41361256544502","2.35602094240838","3.29842931937172","4.24083769633508","5.18324607329843","6.12565445026178","7.06806282722513","8.01047120418848","8.95287958115183","9.89528795811518","10.8376963350785","11.7801047120419","12.7225130890052","13.6649214659686","14.6073298429319","15.5497382198953","16.4921465968586","17.434554973822","18.3769633507853","19.3193717277487","20.261780104712","21.2041884816754","22.1465968586387","23.0890052356021","24.0314136125654","24.9738219895288","25.9162303664921","26.8586387434555","27.8010471204188","28.7434554973822","29.6858638743455","30.6282722513089","31.5706806282723","32.5130890052356","33.455497382199","34.3979057591623","35.3403141361257","36.282722513089","37.2251308900524","38.1675392670157","39.1099476439791","40.0523560209424","40.9947643979058","41.9371727748691","42.8795811518325","43.8219895287958","44.7643979057592","45.7068062827225","46.6492146596859","47.5916230366492","48.5340314136126","49.4764397905759","50.4188481675393","51.3612565445026","52.303664921466","53.2460732984293","54.1884816753927","55.130890052356","56.0732984293194","57.0157068062827","57.9581151832461","58.9005235602094","59.8429319371728","60.7853403141361","61.7277486910995","62.6701570680628","63.6125654450262","64.5549738219895","65.4973821989529","66.4397905759162","67.3821989528796","68.3246073298429","69.2670157068063","70.2094240837696","71.151832460733","72.0942408376963","73.0366492146597","73.979057591623","74.9214659685864","75.8638743455497","76.8062827225131","77.7486910994764","78.6910994764398","79.6335078534031","80.5759162303665","81.5183246073298","82.4607329842932","83.4031413612565","84.3455497382199","85.2879581151832","86.2303664921466","87.17277486911","88.1151832460733","89.0575916230366","90"
"-178.75",46.3621978759766,48.303150177002,52.1464462280273,54.9143295288086,58.7663917541504,64.6256332397461,62.9379386901855,55.0285758972168,49.3998756408691,45.451587677002,39.8226737976074,34.6819305419922,33.5624504089355,97.7208404541016,100.160926818848,89.3542175292969,86.0770492553711,82.9222793579102,79.9677658081055,79.6264114379883,80.4348831176758,81.9690551757812,83.1114730834961,85.2898178100586,86.3221740722656,87.3624420166016,88.7946243286133,90.0192947387695,90.7091598510742,95.9598999023438,97.825813293457,96.4367904663086,95.3225021362305,94.4743270874023,93.7982406616211,93.5233612060547,93.5097351074219,93.4156646728516,93.5272445678711,93.67333984375,93.9948806762695,94.4334030151367,95.2842788696289,96.3894195556641,97.1275024414062,97.3014678955078,96.8294677734375,96.4853973388672,97.1473159790039,97.5503311157227,97.5435409545898,97.3502197265625,97.5621109008789,97.7592926025391,97.1423873901367,96.1794662475586,95.4924163818359,94.4719314575195,92.9387893676758,91.9427871704102,91.5296630859375,91.8232879638672,92.4527359008789,93.1863327026367,92.9200210571289,91.8111953735352,91.2848663330078,91.1249694824219,90.5341796875,89.2617797851562,86.7069473266602,83.2788467407227,79.7647171020508,76.3631973266602,73.7431869506836,71.412956237793,68.8760528564453,65.4516525268555,62.8963088989258,61.2087860107422,59.7007293701172,58.3288764953613,57.9736633300781,58.3357200622559,59.6517181396484,60.8478889465332,61.518196105957,61.8372116088867,61.3216896057129,61.3603515625,63.1587295532227,67.158203125,72.2659149169922,77.2117004394531,80.8233489990234,81.7984008789062,80.5889205932617,77.4465408325195,73.2084655761719,70.2248229980469,68.3029937744141,66.4755935668945,64.6959075927734,62.849292755127,61.3165473937988,60.2818222045898,59.5203819274902,59.0771675109863,59.1257209777832,59.2418403625488,59.1781425476074,58.8009338378906,58.1622428894043,57.4294090270996,57.9334831237793,59.6489486694336,61.4879493713379,62.5817642211914,64.2346572875977,66.4116058349609,68.5758438110352,70.7637023925781,72.5560150146484,73.597038269043,74.4452285766602,74.9414825439453,75.0579681396484,76.7849655151367,79.282958984375,81.3818740844727,82.2192153930664,81.953239440918,82.1746368408203,82.2041854858398,82.2801742553711,82.3149490356445,82.5758590698242,83.3353805541992,83.5068283081055,84.0732879638672,84.1196441650391,84.9634170532227,85.7012557983398,86.0969696044922,86.2631607055664,86.2285385131836,86.4250183105469,86.7308578491211,87.6955108642578,89.0097427368164,90.0857849121094,91.2305526733398,92.1428070068359,92.7458419799805,94.2863845825195,95.9883804321289,97.8511657714844,99.0998458862305,100.504432678223,101.112731933594,101.822326660156,102.575904846191,104.613525390625,106.80005645752,110.135581970215,100.466369628906,69.2478790283203,65.011589050293,72.2810974121094,96.3253173828125,98.7837142944336,81.8203430175781,83.3001098632812,70.0626525878906,62.2112159729004,59.3950958251953,55.1662673950195,52.4165534973145,50.4767112731934,50.4688415527344,51.0095138549805,50.4150161743164,49.9188117980957,49.5104026794434,49.7055625915527,50.3696365356445,51.0931243896484,51.1980590820312,51.7006225585938,52.0647773742676,52.1578826904297,51.8201904296875
"-177.5",46.3747482299805,48.3556938171387,52.1471786499023,55.0015449523926,59.1941108703613,65.558349609375,63.5119285583496,55.4130592346191,49.4997024536133,44.6683197021484,38.9623031616211,34.5370254516602,33.5086975097656,103.145942687988,101.879455566406,87.8894882202148,84.3000564575195,81.8083267211914,80.2881546020508,80.3588333129883,81.2002258300781,82.3674087524414,83.1304168701172,85.6069564819336,86.5707626342773,87.7130279541016,89.0031433105469,89.9843597412109,90.8912887573242,95.8944778442383,97.5514755249023,95.9971466064453,94.9142150878906,94.0515670776367,93.4075164794922,93.239860534668,93.3817825317383,93.4275283813477,93.6217041015625,93.7428741455078,94.0743103027344,94.6396026611328,95.7906112670898,97.1065673828125,98.1721038818359,98.0294036865234,97.5052947998047,97.3221588134766,97.4509658813477,97.0030136108398,96.5341567993164,96.4371948242188,96.5986557006836,96.3168334960938,95.3579330444336,94.4645462036133,93.851318359375,92.9246139526367,91.8190612792969,91.1533737182617,90.853141784668,91.2419586181641,91.7906112670898,91.9700317382812,91.0820846557617,89.9411849975586,89.3190002441406,89.3566589355469,89.1527099609375,87.8599548339844,84.8280029296875,81.8343353271484,79.0571060180664,75.9442901611328,73.2217178344727,70.7518310546875,68.0091400146484,64.5678558349609,62.0378074645996,60.7071990966797,59.2510604858398,57.9541130065918,57.723934173584,58.1747245788574,59.1580276489258,60.4181060791016,60.8934707641602,60.6351432800293,60.180492401123,60.904670715332,63.5403594970703,67.9663925170898,73.3127059936523,77.7570648193359,80.3076400756836,81.08837890625,79.9769592285156,76.8860397338867,73.2719345092773,70.3410949707031,68.7457809448242,66.9540786743164,65.1416091918945,63.3888359069824,61.7865447998047,60.6026191711426,59.883129119873,59.1944770812988,59.0607490539551,59.0400505065918,58.9047241210938,58.975341796875,58.8458824157715,58.1767845153809,58.1878051757812,59.5599403381348,61.6772689819336,63.0572853088379,64.8246536254883,67.0276794433594,68.8768463134766,71.2083587646484,73.2137985229492,74.4501571655273,75.1357192993164,75.8260040283203,76.4521179199219,78.2679748535156,80.279167175293,82.0987091064453,83.057975769043,82.6302795410156,82.3634719848633,82.0545806884766,81.7883529663086,81.9536819458008,82.1987838745117,83.1070022583008,83.5190582275391,84.1416397094727,84.3131408691406,84.685173034668,85.4734344482422,86.0910720825195,86.5008850097656,86.4666290283203,86.6408843994141,86.8420944213867,87.8676605224609,89.055046081543,90.0461120605469,90.8169937133789,91.4745712280273,92.0805511474609,93.3058624267578,95.0752868652344,97.0228271484375,98.3359222412109,99.5172805786133,100.172912597656,101.026969909668,101.97216796875,103.518409729004,105.19987487793,109.049339294434,102.228157043457,70.7998809814453,66.8421859741211,84.8836441040039,101.203842163086,101.751518249512,96.3420715332031,89.2201614379883,71.0821685791016,62.5248413085938,59.0764923095703,55.4322090148926,52.4669342041016,50.2094078063965,50.0944366455078,50.7477149963379,50.4727821350098,49.7924156188965,49.5283355712891,49.5764923095703,50.4203910827637,51.0642738342285,50.9833145141602,51.626350402832,51.9716758728027,52.1655426025391,51.8321533203125
"-176.25",46.828971862793,48.2322845458984,52.2196807861328,55.1970291137695,59.5439720153809,66.4365386962891,62.2656936645508,55.3785781860352,48.9834594726562,44.2678604125977,38.4496650695801,34.4991836547852,33.7107810974121,106.992973327637,100.436248779297,86.0507583618164,82.9318466186523,81.3316802978516,80.6447372436523,80.8930816650391,81.3143997192383,82.1374435424805,82.7321014404297,85.521728515625,86.4586715698242,87.7346115112305,89.1432113647461,90.1205062866211,90.7800064086914,95.5203247070312,97.1936874389648,95.5437240600586,94.4699020385742,93.7258377075195,93.1294326782227,92.9767303466797,93.1885833740234,93.4787139892578,93.7455444335938,93.8988342285156,94.1823577880859,94.7512054443359,95.8203353881836,97.155029296875,98.3211212158203,98.2847671508789,97.9335708618164,97.9926910400391,97.2922210693359,96.1978149414062,95.6500778198242,95.704948425293,95.5746002197266,94.6188049316406,93.2397155761719,92.4356384277344,91.942253112793,91.3293609619141,90.8443984985352,90.5881958007812,90.4428634643555,90.7331390380859,90.7720642089844,90.377311706543,89.2160797119141,88.1650238037109,87.7287445068359,87.9516296386719,87.9039764404297,86.3333053588867,83.3999328613281,81.0581817626953,78.3712158203125,75.486328125,72.6702194213867,70.0093765258789,66.8881149291992,63.7040138244629,61.8057746887207,60.5414543151855,59.1551132202148,58.0731506347656,57.5774803161621,57.9223213195801,58.9069747924805,60.0735054016113,60.1523246765137,59.5327606201172,59.4901809692383,61.2042770385742,64.3921279907227,69.1480484008789,74.416633605957,78.0955047607422,80.2826995849609,80.7590866088867,79.6694259643555,77.0934219360352,73.7040405273438,70.5485305786133,68.6345062255859,67.22265625,65.4945983886719,63.7027206420898,62.1574172973633,61.1275596618652,60.31640625,59.8451042175293,59.5966033935547,59.113525390625,58.6584701538086,58.2953300476074,58.6219329833984,58.6292304992676,58.6582870483398,59.5076866149902,61.7028312683105,63.7054252624512,65.514778137207,67.4352722167969,69.3225936889648,71.3951873779297,73.3348388671875,74.6248245239258,75.4716873168945,76.3125915527344,77.1365966796875,79.2775650024414,81.4948120117188,82.8468246459961,83.7066497802734,83.3177490234375,83.0426025390625,82.8789825439453,82.5245895385742,82.3784332275391,82.0794982910156,82.8585739135742,83.3119659423828,84.132194519043,84.6095581054688,84.8999176025391,85.839225769043,86.3803176879883,86.8906478881836,87.0458374023438,87.2527084350586,87.4229049682617,88.1561660766602,89.1803894042969,89.8924713134766,90.2638473510742,90.6511688232422,91.4527206420898,92.4807434082031,94.06982421875,96.0336074829102,97.5731887817383,98.5799102783203,99.475212097168,100.433494567871,101.462867736816,102.601509094238,104.168067932129,108.891456604004,97.1311569213867,67.7064361572266,68.8188781738281,94.629035949707,102.18196105957,102.973052978516,100.693115234375,93.7362365722656,73.1869735717773,63.4495162963867,58.8428573608398,55.602596282959,52.2627029418945,50.0844345092773,49.6728515625,50.3631439208984,50.2803993225098,49.7738609313965,49.4970397949219,49.4554214477539,50.574462890625,50.9625129699707,50.8510475158691,51.552562713623,51.8798370361328,52.1603355407715,51.8430595397949
"-175",46.7648315429688,48.2144470214844,52.2320785522461,55.3670082092285,60.9221687316895,67.6882553100586,64.723876953125,55.8863067626953,48.7793579101562,43.8891868591309,38.1913261413574,34.2063102722168,34.3436393737793,107.883735656738,97.7002487182617,85.0062408447266,83.0306549072266,81.8152313232422,80.9686279296875,81.0970458984375,81.19287109375,81.7678146362305,82.2822647094727,84.907958984375,86.1492004394531,87.7078552246094,89.1842498779297,90.1193237304688,90.4581069946289,94.9466323852539,96.7581176757812,95.0787811279297,94.0907821655273,93.4610900878906,92.9966049194336,92.8232040405273,93.1167602539062,93.5290908813477,93.7910919189453,94.0323028564453,94.3361587524414,94.8409042358398,95.6713104248047,96.9308471679688,98.0825271606445,98.3677597045898,97.8359222412109,97.7029647827148,96.9897232055664,95.8793792724609,95.109489440918,94.9418487548828,94.2993011474609,92.7780532836914,91.3103713989258,90.616096496582,90.2784423828125,90.1799240112305,90.1845855712891,90.177375793457,89.8720626831055,89.7195816040039,89.4700012207031,88.9531021118164,87.8364486694336,87.0447387695312,86.8270492553711,87.0454406738281,86.6946411132812,84.8013610839844,82.3860168457031,80.0623168945312,77.6317825317383,74.8955993652344,71.9033660888672,68.8696670532227,65.6899566650391,63.2430038452148,61.7833976745605,60.710765838623,59.5975379943848,58.5436096191406,57.8260459899902,57.8508110046387,58.547290802002,59.6373138427734,59.6366996765137,59.1011390686035,59.2091789245605,61.7955055236816,65.460693359375,70.5359268188477,75.330436706543,78.6916427612305,80.8549499511719,81.2490005493164,80.0089569091797,77.8251190185547,74.3332595825195,70.7470474243164,68.5320434570312,66.8207550048828,65.7185592651367,64.0105209350586,62.4642181396484,61.6460189819336,60.749080657959,60.3495063781738,60.2479057312012,59.3503608703613,58.4383125305176,57.6437225341797,57.8486213684082,58.5874710083008,59.1605567932129,59.8918113708496,61.9054832458496,64.2577133178711,66.0153350830078,67.6793975830078,69.5545043945312,71.5948944091797,73.5778961181641,74.8987045288086,75.7448806762695,76.3706436157227,76.8629608154297,78.7567977905273,81.3339614868164,82.7760467529297,83.5973968505859,83.6298751831055,83.2717056274414,83.2226104736328,83.181640625,83.0756759643555,82.5197143554688,82.7750625610352,83.0120315551758,83.5136795043945,84.3761672973633,84.7178268432617,85.7768020629883,86.5314559936523,87.2253341674805,87.5445404052734,87.8761215209961,87.9855499267578,88.35888671875,89.2239532470703,89.7229919433594,90.0171737670898,90.1261825561523,90.9014129638672,91.8027648925781,93.3522109985352,95.261833190918,96.9283447265625,97.6518630981445,98.879753112793,99.8171920776367,100.70435333252,101.59351348877,103.793212890625,103.532691955566,78.5746307373047,67.3123550415039,84.0433731079102,99.085823059082,102.350303649902,103.625747680664,103.269653320312,96.9896850585938,78.5243377685547,64.7883605957031,58.8305587768555,55.8801422119141,52.0648612976074,50.0106315612793,49.4469566345215,50.0136337280273,50.0829544067383,49.6210250854492,49.2979774475098,49.4864883422852,50.674503326416,50.8195381164551,50.7734222412109,51.4319152832031,51.8335037231445,52.1561164855957,51.8530158996582
"-173.75",46.3540115356445,48.2068252563477,52.2741470336914,55.5718688964844,62.4418487548828,68.8419418334961,66.4100341796875,56.3818168640137,48.2513313293457,43.249584197998,37.6108665466309,34.4407577514648,35.1715202331543,106.983741760254,95.3900833129883,84.6018829345703,83.3314590454102,82.0627288818359,81.0825881958008,81.3855514526367,81.5043563842773,81.648078918457,82.0906829833984,84.3665618896484,86.0600509643555,87.7638778686523,89.1338348388672,89.9198150634766,90.103645324707,94.2556991577148,96.2964248657227,94.5878143310547,93.7588882446289,93.2499465942383,92.9234008789062,92.8466720581055,93.18408203125,93.5375823974609,93.8507080078125,94.0822372436523,94.4071731567383,94.729736328125,95.4893798828125,96.7300338745117,97.8826522827148,97.8550109863281,97.1853866577148,96.8326721191406,96.1142349243164,95.162971496582,94.4079513549805,93.984260559082,92.8535614013672,91.2860946655273,90.0268402099609,89.3630676269531,89.3496704101562,89.5246047973633,89.6721649169922,89.321891784668,88.6762084960938,88.2773742675781,87.8614807128906,87.4703216552734,86.9359588623047,86.5174026489258,86.4083099365234,86.1838684082031,85.5460510253906,83.7846908569336,81.3525695800781,79.0809478759766,76.9285507202148,73.8702011108398,70.6039657592773,67.283576965332,64.7632904052734,62.8261108398438,61.569263458252,60.7719116210938,60.0796966552734,59.2197265625,58.1834335327148,57.9029159545898,58.1561470031738,58.9106712341309,58.9959182739258,58.7724761962891,59.1935844421387,62.0950241088867,66.3633575439453,71.5131988525391,75.7258682250977,79.3245391845703,81.8965759277344,82.2563095092773,80.9110565185547,78.6951065063477,75.2648696899414,71.4679412841797,68.8522262573242,66.510627746582,65.4172439575195,63.7858428955078,62.4972229003906,61.5742683410645,60.9242401123047,60.6549224853516,60.5103912353516,59.6219596862793,58.673023223877,57.6298484802246,57.2805366516113,57.9953956604004,59.3841133117676,60.3851585388184,62.1731643676758,64.6376266479492,66.3942031860352,68.0593032836914,69.854133605957,71.7984313964844,73.9257507324219,75.2298889160156,75.9889678955078,76.3538665771484,76.5253677368164,77.9518280029297,80.4846649169922,81.898078918457,82.8083953857422,83.2136077880859,83.3591003417969,83.4620361328125,83.2338027954102,83.2535171508789,82.9173355102539,82.9187316894531,82.9671020507812,82.8864059448242,83.6314926147461,83.9249496459961,84.4976501464844,85.3722839355469,86.4258117675781,87.2592620849609,87.7126083374023,87.7263107299805,87.6240921020508,88.4604568481445,89.1929244995117,89.7108306884766,89.6537551879883,90.3418655395508,91.271484375,92.6870498657227,94.5918960571289,96.2684936523438,97.0625076293945,98.4296646118164,99.2057113647461,99.7566299438477,100.414863586426,102.66471862793,98.7640914916992,71.7462158203125,69.6256713867188,90.7916030883789,100.54190826416,102.941284179688,104.164741516113,104.542381286621,99.9650268554688,83.7131729125977,65.7868881225586,59.350227355957,56.0792922973633,52.2436103820801,50.1645317077637,49.4335670471191,49.689640045166,49.8369140625,49.375358581543,49.1750564575195,49.5829238891602,50.7446670532227,50.6066818237305,50.7025527954102,51.3240089416504,51.7778358459473,52.1537933349609,51.862133026123
"-172.5",46.7217559814453,48.4096603393555,52.297492980957,56.0319213867188,63.6505813598633,69.4912261962891,66.1396636962891,55.4803581237793,47.7866744995117,42.3056602478027,37.3487854003906,34.6361618041992,36.2063751220703,106.034606933594,93.4715118408203,84.2456359863281,83.3141555786133,82.1015319824219,81.3795776367188,81.9633331298828,82.0657577514648,81.822265625,82.2334518432617,84.2913284301758,86.1836013793945,87.8261032104492,88.8686752319336,89.6058349609375,89.7173843383789,93.3925933837891,95.7287979125977,94.166748046875,93.4527206420898,93.0824661254883,92.9055862426758,92.9523086547852,93.3230743408203,93.5876235961914,93.853630065918,94.1917266845703,94.5042419433594,94.6201400756836,95.370361328125,96.497932434082,97.148078918457,96.9291839599609,96.2312622070312,95.5428619384766,94.5481338500977,93.5453643798828,93.0402145385742,92.4366149902344,91.1963653564453,89.8475875854492,88.8316650390625,88.4715270996094,88.8064193725586,89.0922241210938,88.8819808959961,88.1218109130859,87.2286682128906,86.772705078125,86.6854553222656,86.363899230957,86.0146865844727,85.7344207763672,85.6149978637695,85.2356338500977,84.3847427368164,82.650520324707,80.4229736328125,78.459342956543,75.951286315918,72.3756637573242,69.0217437744141,66.3946151733398,64.2835006713867,62.5766334533691,61.6640853881836,60.8475074768066,60.5107383728027,59.8714218139648,58.695484161377,58.1061515808105,58.0349884033203,58.2715759277344,57.9468002319336,58.1105155944824,59.1771621704102,62.4732322692871,66.8504943847656,71.5978622436523,75.7107620239258,79.4430999755859,82.0566177368164,82.6319732666016,81.812126159668,79.7608108520508,76.0884017944336,72.2570571899414,69.3439865112305,66.690299987793,64.9513854980469,63.6031875610352,62.3043975830078,61.3869400024414,60.7623596191406,60.6534385681152,60.6758804321289,59.9711227416992,58.9842109680176,57.8863563537598,57.3081130981445,57.785701751709,59.0668067932129,60.6995162963867,62.6853561401367,65.0308685302734,66.7598495483398,68.3908081054688,70.2676010131836,72.250129699707,74.2301635742188,75.8460388183594,76.5157012939453,76.6813430786133,76.7422714233398,77.6717758178711,80.0256271362305,81.0391082763672,81.7610855102539,82.47998046875,82.873420715332,83.2440338134766,82.9642105102539,82.9110260009766,82.731575012207,82.8030395507812,82.9808120727539,82.6329727172852,82.8130111694336,82.9695205688477,83.6430892944336,84.4085235595703,85.3227844238281,86.0061187744141,86.3607406616211,86.4777374267578,86.3530960083008,87.2660217285156,88.0948257446289,88.6943130493164,89.1721878051758,89.7355651855469,90.7576675415039,91.9478454589844,93.9114608764648,95.5740585327148,96.5623550415039,97.7934799194336,98.806266784668,98.7854919433594,99.0449447631836,100.739753723145,94.9657974243164,75.3736267089844,73.8186721801758,96.1231155395508,101.337097167969,103.648620605469,104.773796081543,105.464668273926,102.518409729004,89.1705474853516,67.2940139770508,60.1207237243652,56.0127182006836,52.7533798217773,50.2973709106445,49.4612121582031,49.5857620239258,49.5060119628906,49.2529716491699,48.9830780029297,49.5402030944824,50.6131286621094,50.3909873962402,50.6062927246094,51.2302017211914,51.7264060974121,52.1535377502441,51.870491027832
"-171.25",46.7280158996582,48.0885276794434,52.2692489624023,56.2655754089355,65.1061859130859,70.3580551147461,66.6951904296875,54.2075309753418,46.800910949707,41.5685081481934,36.7803993225098,35.0644454956055,36.7802963256836,104.112670898438,91.5990524291992,83.9673538208008,83.077522277832,82.0452194213867,81.8517303466797,82.5903625488281,82.5204772949219,81.9898681640625,82.419548034668,84.4972991943359,86.3104095458984,87.888427734375,88.5476455688477,89.3160858154297,89.2948226928711,92.4272003173828,95.0567474365234,93.8427810668945,93.1894073486328,92.9773101806641,92.8955307006836,93.1059036254883,93.4686965942383,93.6899642944336,93.899055480957,94.1493225097656,94.4900665283203,94.5946197509766,95.1235198974609,95.7240295410156,96.1120986938477,95.8380889892578,95.040283203125,93.8957748413086,92.4240264892578,91.6952819824219,91.432502746582,90.8257827758789,89.6010894775391,88.7463302612305,88.0277633666992,88.0708999633789,88.4452514648438,88.3463134765625,87.8322525024414,86.8833465576172,86.0286483764648,85.756706237793,85.7203521728516,85.2759246826172,84.8844299316406,84.770881652832,84.7708435058594,84.3814468383789,83.3816604614258,81.4643478393555,79.4362716674805,77.3530426025391,74.4741363525391,70.9136505126953,68.1500549316406,66.1194610595703,64.2748413085938,62.9266738891602,62.298942565918,61.7407760620117,61.3442344665527,60.5840263366699,59.692699432373,58.658145904541,57.939697265625,57.7116661071777,57.3798561096191,57.7062149047852,59.372615814209,63.0834426879883,67.4961929321289,72.2979354858398,76.2611312866211,79.6985473632812,82.3473587036133,83.1819076538086,82.831428527832,80.4751968383789,76.8540573120117,72.8684616088867,69.5628662109375,66.6364974975586,64.5168228149414,63.3588752746582,61.8353042602539,61.0521812438965,60.9683074951172,61.0870971679688,60.7586898803711,60.0289268493652,58.9087867736816,57.8753356933594,57.5006675720215,57.8826179504395,58.8302001953125,60.7356452941895,63.0922012329102,65.4871444702148,67.1965560913086,68.7891311645508,70.691047668457,72.7116775512695,74.6565780639648,76.5374069213867,77.6545181274414,77.6694412231445,77.544563293457,77.6547546386719,79.3173446655273,80.2889251708984,80.7422180175781,81.3556289672852,81.9429473876953,82.4323577880859,82.2325439453125,82.2446594238281,82.3598709106445,82.5276031494141,83.2895050048828,82.7603454589844,82.7023849487305,82.6379852294922,83.1645202636719,83.9126434326172,84.8693695068359,85.4765090942383,85.5473556518555,85.4812316894531,85.380012512207,86.2855758666992,87.385383605957,88.1756210327148,88.8766250610352,89.1702423095703,90.1101226806641,91.2751159667969,93.4181365966797,95.0711059570312,96.1273956298828,97.1695785522461,98.2072372436523,97.7363510131836,97.5253219604492,98.1958312988281,100.942764282227,94.5951919555664,81.2018356323242,99.3664932250977,102.351249694824,104.451309204102,105.62052154541,105.892562866211,103.932289123535,92.541130065918,70.3993911743164,61.1472969055176,55.9094619750977,53.2633819580078,50.4163513183594,49.5816307067871,49.5143966674805,49.2835845947266,49.1078453063965,48.9986114501953,49.2907943725586,50.3836936950684,50.1869659423828,50.5624542236328,51.141170501709,51.6559829711914,52.1563987731934,51.8676338195801
"-170",46.7728538513184,48.018669128418,52.1747245788574,56.7193222045898,66.0501480102539,70.6609268188477,65.7953109741211,52.3427467346191,45.8897399902344,40.6073150634766,36.4352989196777,35.641429901123,37.790454864502,100.99015045166,90.0237350463867,83.5257949829102,82.6699295043945,81.6337966918945,81.9940338134766,83.1993789672852,82.9810485839844,82.1992874145508,82.8246307373047,84.5460205078125,86.4057006835938,87.8330612182617,88.1240844726562,88.835823059082,88.8161087036133,91.5067672729492,94.3897933959961,93.6515121459961,92.9903411865234,92.8024673461914,92.8285827636719,93.1606750488281,93.6193923950195,93.7999496459961,93.9776840209961,94.2181091308594,94.5026702880859,94.532829284668,94.6537857055664,94.8774566650391,95.0892486572266,94.6922073364258,93.6900787353516,92.2047424316406,90.6884155273438,90.3406753540039,89.9782409667969,89.2118377685547,88.2801513671875,87.7823791503906,87.4622344970703,87.7672119140625,87.9355926513672,87.5679779052734,87.0848236083984,86.3367233276367,85.5621795654297,85.4043884277344,85.1263275146484,84.4533386230469,84.0204086303711,83.8660430908203,83.884391784668,83.3391036987305,82.2377014160156,80.4622497558594,78.4704513549805,76.2297134399414,72.9882965087891,69.9925994873047,68.0806274414062,66.1488037109375,64.3223724365234,63.2438354492188,62.8611297607422,62.1738166809082,61.0350112915039,60.0613098144531,60.0933036804199,59.4775581359863,58.2965812683105,57.757080078125,57.3530158996582,57.8073883056641,59.802433013916,63.4606971740723,68.0755615234375,72.8373947143555,76.7614974975586,80.0179977416992,82.5061645507812,83.5717697143555,83.2325744628906,80.4827575683594,76.7934112548828,72.8818969726562,69.495964050293,66.4999694824219,64.0965576171875,62.6408462524414,61.2288284301758,60.8994369506836,61.4869079589844,61.6906852722168,61.2459030151367,60.5293350219727,59.2577285766602,58.1659545898438,57.7654647827148,58.0491409301758,58.6435852050781,60.6043434143066,63.4124908447266,65.8162307739258,67.640510559082,69.0737457275391,70.8972930908203,72.8195877075195,74.7152404785156,76.4546279907227,78.0972366333008,78.4625930786133,78.0823059082031,77.6336441040039,78.3867797851562,79.7360534667969,80.1148452758789,80.5968933105469,81.0050277709961,81.2913436889648,81.1650543212891,81.1251373291016,81.9036712646484,82.4504470825195,83.5277252197266,83.5442428588867,83.1446151733398,83.0162658691406,83.0664291381836,83.8735961914062,84.6613540649414,85.2736129760742,85.1961135864258,85.1298217773438,85.0126419067383,85.6898345947266,86.8942337036133,87.4743881225586,88.1418228149414,88.7606811523438,89.4811859130859,90.5603332519531,92.8502807617188,94.6231460571289,95.8618087768555,97.2545623779297,98.0837631225586,96.9132385253906,96.8163604736328,97.7988357543945,100.592247009277,101.76099395752,100.825584411621,101.982398986816,103.647514343262,105.157196044922,106.448135375977,105.943977355957,104.770690917969,94.0277938842773,74.4723739624023,61.9046363830566,56.2477416992188,53.7553062438965,50.5437698364258,49.7868766784668,49.4444847106934,49.1300735473633,48.9791030883789,48.9631576538086,49.1279754638672,50.0814094543457,50.0090026855469,50.5093994140625,51.0340385437012,51.575496673584,52.1566009521484,51.888500213623
"-168.75",46.7852439880371,48.0992317199707,52.2046813964844,56.731315612793,67.1707153320312,70.9352874755859,64.9440002441406,50.3970718383789,44.6989212036133,39.4910926818848,36.1907806396484,35.9434089660645,38.1772613525391,97.5529556274414,88.5163192749023,82.862678527832,81.9724578857422,80.6966552734375,81.4101028442383,83.4395751953125,83.2280807495117,82.521598815918,83.2380599975586,84.6756286621094,86.4133148193359,87.6168670654297,88.0920715332031,88.6722183227539,88.3872375488281,90.9524993896484,94.1376342773438,93.7130966186523,92.9610366821289,92.7602310180664,92.8154220581055,93.1795501708984,93.757080078125,94.0045700073242,94.1247787475586,94.3166809082031,94.5751342773438,94.3215103149414,94.1369781494141,94.0840072631836,94.1029663085938,93.5130004882812,92.3687210083008,90.7179565429688,89.4281158447266,89.1555557250977,88.8159408569336,88.0113830566406,87.3920135498047,87.0347442626953,86.8155288696289,87.0600280761719,87.1676025390625,86.9551315307617,86.6308517456055,85.9499206542969,85.3963470458984,85.2260360717773,84.712287902832,84.2202224731445,83.8166961669922,83.7798461914062,83.5503692626953,82.612548828125,81.5517959594727,80.2274475097656,78.0949249267578,75.310173034668,72.1091766357422,69.8942947387695,68.1110305786133,66.1809768676758,64.4630966186523,63.764820098877,63.2552642822266,62.4261054992676,61.0932922363281,59.8269996643066,59.7617683410645,59.8390159606934,59.0754356384277,58.278564453125,57.99462890625,58.5068283081055,60.449161529541,63.84326171875,68.4568481445312,73.2821960449219,77.3635787963867,80.4008865356445,82.5336532592773,83.1895523071289,82.8042678833008,80.1634368896484,76.1841888427734,72.5266265869141,69.2673187255859,66.1772918701172,63.9435691833496,62.1762199401855,60.6644325256348,60.959156036377,61.8774452209473,62.177490234375,61.7815780639648,60.9762916564941,59.7802734375,58.6637878417969,58.0014610290527,58.2689094543457,58.7345733642578,60.7445869445801,63.6269073486328,66.16015625,67.9785537719727,69.3791580200195,71.098518371582,72.8900604248047,74.4836883544922,75.8461990356445,77.4821319580078,78.8785095214844,78.899055480957,78.263313293457,78.5478973388672,80.1755142211914,81.0461120605469,81.3095855712891,81.2005081176758,81.2472305297852,81.1846084594727,81.2181625366211,81.6492691040039,82.43408203125,83.6941299438477,84.5453643798828,84.2730102539062,84.0033950805664,83.6052322387695,84.0714950561523,84.8437576293945,85.591682434082,85.3566360473633,85.4131469726562,85.5582122802734,86.0097198486328,87.018798828125,87.1559219360352,87.6552505493164,88.5920867919922,88.9333190917969,89.8820877075195,92.0139312744141,94.2179412841797,96.019401550293,98.0120315551758,99.0841598510742,98.1927642822266,97.9561996459961,99.7947006225586,103.189544677734,105.866905212402,104.722068786621,103.954536437988,105.178573608398,106.031372070312,106.839630126953,105.947723388672,105.022071838379,96.3437194824219,78.4138107299805,62.5155372619629,56.849178314209,53.9231948852539,50.9743576049805,49.9846801757812,49.2634544372559,49.0051307678223,48.9371070861816,48.9320106506348,48.9765701293945,49.8337936401367,49.9153327941895,50.4376640319824,50.9296684265137,51.495662689209,52.155834197998,51.8977394104004
"-167.5",46.3605499267578,48.0671195983887,52.1628875732422,57.3205795288086,68.0666961669922,71.0678634643555,63.9759483337402,48.7459411621094,43.141529083252,38.5126113891602,35.7845611572266,36.2266502380371,38.7809867858887,94.1942901611328,86.3751831054688,82.3188629150391,81.171028137207,80.1552581787109,80.8901138305664,83.1934127807617,83.2876434326172,82.8774185180664,83.5098190307617,84.7666931152344,86.0747222900391,87.1650619506836,87.7780380249023,88.4933242797852,88.2556991577148,90.655158996582,94.0863342285156,93.8593063354492,93.0061416625977,92.8435363769531,93.0031204223633,93.3449554443359,93.9173583984375,94.1633911132812,94.2649917602539,94.3874282836914,94.3469924926758,93.8183288574219,93.502555847168,93.3227920532227,93.2200469970703,92.4404373168945,91.1407165527344,89.4914093017578,88.3894119262695,88.2195816040039,87.8022613525391,86.9992218017578,86.6005096435547,86.2990570068359,86.1066741943359,86.1457061767578,86.2788696289062,86.1611862182617,85.8993377685547,85.4771423339844,85.2372970581055,84.9872360229492,84.4809646606445,84.1436309814453,83.7534942626953,83.4311676025391,82.9626235961914,82.3829650878906,81.536994934082,79.7969131469727,77.3101272583008,74.3913803100586,72.0677337646484,69.9490356445312,68.0268096923828,66.4226913452148,65.4542846679688,64.9047088623047,64.1330490112305,63.1580200195312,61.5577125549316,59.9324798583984,59.34521484375,59.3179550170898,59.0813865661621,58.9580421447754,58.6935882568359,59.0690879821777,60.6865196228027,64.091064453125,68.5627746582031,73.544921875,77.4935607910156,80.4751586914062,82.2144088745117,82.5897979736328,82.2758407592773,79.943733215332,75.9073181152344,72.2644119262695,69.193489074707,66.0869369506836,63.5265731811523,61.7994270324707,60.5467109680176,61.0696487426758,62.0785675048828,62.2458610534668,61.7312088012695,61.1167831420898,60.1509704589844,59.3153839111328,58.5399475097656,58.6528434753418,59.1107940673828,60.8079528808594,63.7316207885742,66.3804016113281,68.2596435546875,69.7208633422852,71.1365814208984,72.7969512939453,74.2100448608398,75.1965179443359,76.5552978515625,78.7017059326172,79.8147048950195,79.4310150146484,79.5518417358398,80.9404296875,81.9814147949219,82.2005996704102,81.7014694213867,81.4205932617188,81.1228942871094,81.1029510498047,81.3985443115234,81.6446533203125,82.373176574707,83.4412002563477,83.7179641723633,83.6283798217773,83.2522735595703,83.5173110961914,84.539680480957,85.5586624145508,85.6911773681641,85.7088775634766,86.1711654663086,86.4775543212891,87.1067733764648,87.1864624023438,86.1608047485352,88.0159454345703,88.2386856079102,89.17578125,91.2737274169922,93.9880294799805,96.6025848388672,99.0280303955078,101.101852416992,101.610153198242,101.035583496094,102.316276550293,105.802589416504,100.679405212402,105.451972961426,106.200843811035,107.034049987793,107.069602966309,107.164993286133,106.064834594727,104.645454406738,98.8775863647461,81.2366943359375,63.7636413574219,57.4813957214355,53.9565658569336,51.3508720397949,50.0358543395996,49.2416229248047,49.0873565673828,48.9419403076172,48.9976463317871,48.9162063598633,49.6560173034668,49.8214492797852,50.404712677002,50.8301200866699,51.4224052429199,52.1516075134277,51.9062614440918
"-166.25",46.3627128601074,48.2779350280762,52.1957473754883,57.7197914123535,69.1165084838867,70.8587112426758,64.6594848632812,48.3201217651367,41.6100730895996,37.287956237793,35.4179954528809,36.4215316772461,46.150749206543,94.6654891967773,84.4297256469727,81.3302383422852,80.0512466430664,79.3628311157227,80.3935546875,82.7739639282227,83.1688613891602,82.9795150756836,83.5078048706055,85.0046615600586,86.4635391235352,87.3398056030273,87.6474914550781,88.2141418457031,88.0388870239258,90.3706741333008,94.0049362182617,93.862419128418,92.9872055053711,92.932975769043,93.2159423828125,93.5630187988281,93.9702453613281,94.2285232543945,94.3530426025391,94.2856292724609,94.0271530151367,93.2855682373047,92.8974227905273,92.5565872192383,92.093391418457,91.1838531494141,89.956413269043,88.343620300293,87.5455856323242,87.3407669067383,86.7043914794922,86.0900344848633,85.8204193115234,85.4270248413086,85.1532592773438,85.2209548950195,85.5249481201172,85.5176162719727,85.3001403808594,85.1208724975586,85.0840759277344,84.7875900268555,84.3260269165039,83.9750518798828,83.6147079467773,82.9304580688477,82.5963668823242,82.0100326538086,80.5609512329102,78.5185394287109,75.7876358032227,73.7327041625977,71.725471496582,69.5444412231445,67.8882904052734,66.734130859375,66.4936294555664,65.9656982421875,64.6986236572266,63.6626205444336,62.2417869567871,60.4718971252441,59.3158378601074,58.9136924743652,59.034309387207,59.4628753662109,59.2936134338379,59.5156593322754,60.9578514099121,64.5470352172852,69.1465072631836,73.9288024902344,77.528564453125,80.0879211425781,81.456428527832,81.7790679931641,81.7057876586914,79.7465209960938,75.908821105957,72.2667388916016,69.2724151611328,66.0813140869141,63.1757278442383,61.2288208007812,60.2215118408203,60.9796257019043,61.8075981140137,61.8073577880859,61.1828880310059,60.6080665588379,60.0846099853516,59.7131195068359,59.0753364562988,59.0367088317871,59.5458145141602,60.8904075622559,63.7488212585449,66.4310607910156,68.2733764648438,69.8959274291992,71.1610946655273,72.3912124633789,73.7815017700195,74.9592742919922,75.9801559448242,77.6218338012695,79.4336700439453,79.6927185058594,79.8919982910156,80.3420867919922,81.1080856323242,81.4850082397461,81.3501205444336,81.1275787353516,80.8995742797852,80.4841690063477,80.7484588623047,80.95751953125,81.0404968261719,81.5660781860352,81.8090209960938,81.9439468383789,81.3839950561523,81.1144790649414,81.8129501342773,83.3096771240234,84.2606048583984,84.9015426635742,85.8140106201172,86.3125534057617,86.9096221923828,87.3405227661133,87.4625244140625,87.6385803222656,87.9667205810547,88.8219223022461,90.8514862060547,94.0402374267578,97.5567626953125,100.413055419922,102.40022277832,103.024726867676,103.158233642578,103.917892456055,100.387451171875,85.8975296020508,103.473876953125,106.431037902832,104.778869628906,107.923721313477,107.503234863281,106.204956054688,104.378761291504,101.541175842285,82.2826919555664,65.9632415771484,57.7697563171387,54.0598335266113,51.6087875366211,49.9593505859375,49.315601348877,49.1303443908691,48.9515571594238,49.000244140625,48.9557418823242,49.6086349487305,49.8033638000488,50.2985343933105,50.7050285339355,51.3534698486328,52.1245460510254,51.914134979248
"-165",46.3975143432617,47.9470520019531,52.2399024963379,58.2436103820801,70.0252304077148,70.3616638183594,63.619327545166,47.1111297607422,40.1252212524414,36.1443328857422,35.2210998535156,36.3427543640137,61.5629806518555,103.116767883301,83.9575347900391,80.7683258056641,79.1808624267578,78.8594589233398,80.0262832641602,82.7748260498047,83.2025299072266,83.0133514404297,83.6191711425781,85.35888671875,86.7634582519531,87.5322494506836,87.6867752075195,87.9864273071289,87.8217544555664,90.1030731201172,93.9147109985352,93.7678451538086,92.8303909301758,92.7943649291992,93.1780700683594,93.5473785400391,93.9384231567383,94.179817199707,94.2071533203125,93.9473495483398,93.5945205688477,92.9586029052734,92.2134475708008,91.4034271240234,90.7119216918945,89.9996185302734,88.8453369140625,87.3564910888672,86.7012405395508,86.4795074462891,85.7378005981445,85.3060302734375,85.1070404052734,84.7886123657227,84.5388031005859,84.7583999633789,85.1835327148438,85.2943572998047,85.1238021850586,85.0712432861328,85.0444717407227,84.6832656860352,84.3056564331055,83.8651809692383,83.416389465332,82.5878677368164,82.1963882446289,81.0973587036133,79.4843444824219,77.0862426757812,75.0073928833008,73.2168807983398,71.2342529296875,69.2678375244141,67.9373779296875,67.1584625244141,67.0452651977539,66.5732879638672,65.3066024780273,64.0834121704102,62.7130928039551,61.0577049255371,59.5813217163086,58.8374290466309,59.1837730407715,59.8346138000488,59.9563407897949,60.215763092041,61.877986907959,65.6359786987305,70.2703323364258,74.6998443603516,77.7469100952148,80.0280685424805,80.9533157348633,80.9010009765625,80.8554534912109,79.3829193115234,75.8398208618164,72.3624267578125,69.4598159790039,66.0844192504883,63.1797218322754,61.2424659729004,60.122917175293,60.3411750793457,61.2229080200195,61.3730506896973,60.6742477416992,60.0573654174805,60.1412734985352,60.0533790588379,59.34912109375,59.2354354858398,59.8283958435059,61.0370903015137,63.4353790283203,66.5160751342773,68.2192764282227,69.7257766723633,71.0676651000977,72.1421279907227,73.1809692382812,74.3193435668945,75.326545715332,76.9560699462891,78.2625350952148,78.6345825195312,78.8082427978516,78.9077987670898,79.1747055053711,79.6685943603516,79.8948059082031,79.8467178344727,79.8360595703125,79.5836334228516,79.8392791748047,79.9435272216797,80.0690994262695,80.4952850341797,80.721435546875,80.9380416870117,80.6439590454102,80.0745162963867,80.3682861328125,81.1974563598633,82.3708038330078,83.3078002929688,84.371337890625,85.2747650146484,86.259895324707,87.1467132568359,87.5835723876953,87.6244430541992,87.8785171508789,88.6580810546875,90.6345825195312,94.1615829467773,98.0906219482422,100.369514465332,97.7368240356445,87.9081726074219,90.9848251342773,103.09056854248,96.3199920654297,80.2262878417969,95.206657409668,103.9638671875,76.122917175293,105.405326843262,108.017959594727,105.99047088623,104.496696472168,103.130874633789,84.1592330932617,67.8128128051758,57.7668952941895,54.2994384765625,51.7045097351074,49.9776763916016,49.3931846618652,49.0489311218262,48.8654899597168,48.9110488891602,49.0146331787109,49.6159782409668,49.8298606872559,50.1242980957031,50.5696296691895,51.265266418457,52.0966682434082,51.9214324951172
"-163.75",46.7478370666504,47.8631286621094,52.3347244262695,58.7168922424316,70.6550598144531,70.3595886230469,62.3593902587891,46.2526779174805,38.6483535766602,34.601016998291,34.6939430236816,36.6148452758789,62.5286560058594,105.131874084473,85.1719741821289,80.8046264648438,78.8014526367188,78.8371963500977,79.9653930664062,82.9144973754883,83.3333740234375,83.0914535522461,83.6428527832031,85.5875625610352,86.9835815429688,87.7315292358398,87.8819274902344,88.0055160522461,87.7963943481445,89.856803894043,93.7439041137695,93.5898208618164,92.6422805786133,92.5427551269531,92.8561630249023,93.2693405151367,93.7757110595703,93.9436569213867,93.8480987548828,93.45166015625,93.2510986328125,92.4339981079102,91.3432846069336,90.2725830078125,89.6669616699219,88.9806976318359,87.8125915527344,86.4250411987305,85.8284606933594,85.6821594238281,85.0241622924805,84.8083267211914,84.6098480224609,84.4363861083984,84.3040618896484,84.6214294433594,85.1836547851562,85.4298248291016,85.2574005126953,85.1156311035156,84.9649505615234,84.7733459472656,84.4614028930664,83.8557815551758,83.150260925293,82.5588684082031,81.7736892700195,80.1949691772461,78.0558776855469,76.3400497436523,74.5133590698242,72.744873046875,70.8661422729492,69.5063858032227,68.4308319091797,67.7470016479492,67.2131805419922,66.7399063110352,65.6898574829102,64.5578460693359,63.1605186462402,61.577262878418,59.9194831848145,58.7665405273438,58.9881401062012,59.9435386657715,60.4143257141113,61.0621109008789,63.2286796569824,67.2506637573242,71.9835510253906,75.706787109375,78.5067138671875,80.3251724243164,80.8719177246094,80.361946105957,80.109245300293,78.8356552124023,75.8298873901367,72.4782867431641,69.5941162109375,66.2150497436523,63.4630241394043,61.511043548584,59.9665870666504,59.959342956543,60.8628044128418,60.8567276000977,60.5465278625488,59.9125022888184,60.2518157958984,60.3699493408203,59.3798027038574,59.3217506408691,60.1432151794434,61.2537269592285,62.8904609680176,66.1176910400391,68.1082763671875,69.5702362060547,70.8184814453125,71.9206771850586,72.775032043457,73.7107772827148,74.7714004516602,76.0132293701172,77.0516738891602,77.2380218505859,77.0520477294922,77.1166610717773,77.3021469116211,78.0644683837891,78.5534210205078,78.8669509887695,78.8950576782227,78.4449768066406,78.250129699707,78.4630889892578,78.5206985473633,79.1101455688477,79.6246032714844,79.8570709228516,79.8995056152344,79.5272903442383,79.6356353759766,80.2129745483398,81.3304138183594,82.5226669311523,83.4777374267578,84.1298751831055,84.9982986450195,86.3325729370117,87.0548706054688,87.3855133056641,87.7450637817383,88.6573028564453,90.4489135742188,93.9711608886719,98.0663375854492,98.3826599121094,83.4967422485352,81.9837875366211,83.1112442016602,103.526458740234,92.1768035888672,78.0871505737305,81.4159088134766,86.8366012573242,71.9820785522461,94.6074295043945,107.981941223145,105.228332519531,104.373344421387,103.073104858398,88.2073135375977,68.633430480957,57.9602088928223,54.4808616638184,51.6843795776367,50.0739784240723,49.3991432189941,48.9215278625488,48.8441314697266,48.8030052185059,48.9403839111328,49.6492767333984,49.7500381469727,49.9409484863281,50.4585609436035,51.1745185852051,52.0681037902832,51.9281768798828
"-162.5",46.8241539001465,48.253002166748,52.2866744995117,59.1419410705566,70.7109603881836,69.9503326416016,59.0283432006836,45.5801620483398,37.5480499267578,33.2982749938965,34.3451042175293,36.8847007751465,61.0724029541016,105.538780212402,86.6427459716797,80.8980255126953,78.5298004150391,78.8816528320312,80.3605270385742,83.1083374023438,83.4381484985352,83.1423034667969,83.5163497924805,85.6944580078125,87.1081085205078,87.867546081543,88.1674270629883,88.1462249755859,87.9133148193359,89.6758499145508,93.5735321044922,93.3719711303711,92.3446884155273,92.2681198120117,92.4484252929688,92.9339447021484,93.4728012084961,93.5887985229492,93.3853530883789,93.0147476196289,92.6428604125977,91.6277465820312,90.507926940918,89.4194641113281,88.8405456542969,88.0872039794922,86.9265747070312,85.6021041870117,85.1489639282227,85.0881118774414,84.6522750854492,84.4960174560547,84.3409423828125,84.2313232421875,84.3503799438477,84.7706909179688,85.2390975952148,85.2615280151367,85.0741806030273,84.9865036010742,84.895378112793,84.7885818481445,84.4105453491211,83.7528839111328,83.0708999633789,82.2703857421875,81.0342559814453,79.1547470092773,77.5916213989258,76.1004791259766,74.3591918945312,72.7591934204102,71.5050048828125,70.2547912597656,69.0085372924805,67.9738159179688,67.2304916381836,66.702278137207,65.9819107055664,65.0396881103516,63.763370513916,62.0186500549316,60.1951332092285,58.9003105163574,59.1503677368164,60.3057289123535,60.9174461364746,62.0433006286621,64.7088165283203,68.9153594970703,73.6256942749023,76.98779296875,79.2574996948242,80.6468505859375,80.7480087280273,80.0870208740234,79.5444030761719,78.333381652832,75.5688247680664,72.4231643676758,69.6552200317383,66.3605422973633,63.7401008605957,61.9103698730469,60.1589813232422,59.7623176574707,60.5900573730469,60.6490478515625,60.416690826416,59.8320846557617,59.8392906188965,60.3305549621582,59.5556144714355,59.4107780456543,60.4375762939453,61.6754379272461,62.5704536437988,65.1142120361328,67.7348480224609,69.5453567504883,70.8269653320312,71.8439178466797,72.5327606201172,73.3000259399414,74.4340667724609,75.671760559082,76.7323760986328,77.1670989990234,76.7298812866211,76.2351379394531,75.9126205444336,76.3517913818359,76.9484634399414,77.2668762207031,77.6953048706055,77.5212936401367,77.2085647583008,76.8878326416016,76.5188674926758,77.070198059082,77.790641784668,78.3865127563477,78.9722518920898,78.9052963256836,79.1126327514648,79.678581237793,80.2516403198242,81.5365982055664,82.5828552246094,83.3739395141602,84.11328125,85.140983581543,86.1169586181641,87.0653991699219,86.4760437011719,88.7483215332031,90.4099426269531,93.7556381225586,97.9532852172852,96.0761184692383,82.8381195068359,82.3356475830078,83.0746459960938,97.5870895385742,86.9128799438477,76.119743347168,79.5297088623047,74.1000595092773,70.8466949462891,72.8723220825195,100.788917541504,103.700035095215,103.913444519043,103.102813720703,90.4688415527344,68.2817764282227,58.6898307800293,54.5398025512695,51.6682395935059,50.1031455993652,49.2250747680664,48.7067604064941,48.8157196044922,48.6640281677246,48.713752746582,49.6341400146484,49.5938301086426,49.6912269592285,50.3708763122559,51.0697898864746,52.0413932800293,51.9344139099121
"-161.25",46.5177803039551,47.5986709594727,52.4785575866699,59.0237503051758,70.7670822143555,69.5190277099609,56.9597511291504,45.0740127563477,37.0852851867676,32.6484260559082,33.9064102172852,37.3115043640137,47.5456275939941,92.47509765625,87.7151870727539,80.8231964111328,78.2565231323242,78.7526245117188,80.863410949707,83.4203567504883,83.5273742675781,83.0699462890625,83.3387298583984,85.701171875,87.130256652832,87.8672714233398,88.3733291625977,88.3601760864258,88.0662231445312,89.4548950195312,93.2722396850586,93.1206283569336,92.0476989746094,91.800666809082,92.0869903564453,92.5347213745117,93.0225067138672,93.1774978637695,92.857292175293,92.5068969726562,91.9661712646484,90.8919677734375,89.8257064819336,88.7597351074219,88.0480270385742,87.3373794555664,86.2977523803711,85.193359375,84.8416900634766,84.8833389282227,84.5076141357422,84.3733444213867,84.1548614501953,84.2690124511719,84.5641479492188,84.9296798706055,85.1772079467773,84.9747467041016,84.7476654052734,84.7770156860352,84.8424453735352,84.8980484008789,84.4123382568359,83.6652526855469,82.840446472168,81.776481628418,80.0002822875977,78.1575622558594,76.8700485229492,75.4166107177734,73.7890625,72.9986801147461,72.1085205078125,70.7831802368164,69.5661315917969,68.5671234130859,67.691780090332,67.1424179077148,66.3451156616211,65.4301528930664,64.2876815795898,62.4345283508301,60.2849388122559,58.8832092285156,59.0479888916016,60.1570320129395,61.2318458557129,62.8459281921387,66.100830078125,70.6068725585938,75.2128067016602,78.0195693969727,79.8302688598633,80.7848434448242,80.8203430175781,80.1666030883789,79.294548034668,77.7839736938477,75.1620941162109,72.1703186035156,69.6570129394531,66.4608306884766,63.9041328430176,62.0571250915527,60.4800300598145,59.9350700378418,60.3384399414062,60.5547904968262,60.334098815918,59.8353385925293,59.6795883178711,60.3488807678223,59.9338798522949,59.6595115661621,60.6380081176758,62.1467361450195,62.7163162231445,64.0838317871094,66.6681060791016,69.4294052124023,71.0198059082031,71.9569473266602,72.5730438232422,73.0625991821289,74.0419235229492,75.3525924682617,76.6277160644531,77.5722732543945,77.906867980957,77.1975250244141,76.3960113525391,76.2599945068359,76.6851272583008,76.84033203125,77.1802749633789,77.3074264526367,77.0498809814453,76.599479675293,75.5499420166016,75.0031585693359,75.5280380249023,76.1518859863281,77.0696487426758,77.8469772338867,78.5331192016602,79.3647613525391,79.7984161376953,80.8599166870117,82.0437240600586,82.8784484863281,83.5430679321289,84.2825622558594,85.33837890625,86.0776977539062,88.4631042480469,86.4096450805664,90.5941925048828,93.8101425170898,89.4483108520508,87.4969253540039,82.6895141601562,83.1033172607422,82.458869934082,81.0731048583984,79.3818435668945,74.7458572387695,74.4748001098633,72.0969085693359,70.0645141601562,71.3159484863281,89.1268539428711,102.047012329102,102.867530822754,103.456703186035,90.9404754638672,68.1310729980469,59.4300918579102,54.2027587890625,51.7993125915527,50.0741233825684,48.943042755127,48.6005859375,48.7092933654785,48.4347801208496,48.3502388000488,49.504222869873,49.433292388916,49.4823722839355,50.2632827758789,50.9791793823242,52.0119209289551,51.9401931762695
"-160",46.3658599853516,47.5221290588379,52.3750343322754,58.8306541442871,70.317756652832,68.5050582885742,55.6723709106445,44.3875198364258,37.2414817810059,32.2049331665039,33.2097244262695,37.8433456420898,43.6171913146973,86.257682800293,90.3562622070312,80.733772277832,77.8107528686523,78.5378341674805,81.1546249389648,83.4327926635742,83.514518737793,83.0539932250977,83.2490463256836,85.6018295288086,87.0399169921875,87.8633041381836,88.3033447265625,88.3411026000977,88.0302581787109,89.0442810058594,92.780517578125,92.8479766845703,91.7457427978516,91.3105621337891,91.5390625,91.9325637817383,92.4485168457031,92.6237411499023,92.1808395385742,91.7762145996094,91.2540283203125,90.2339401245117,89.2065200805664,88.1874237060547,87.4233245849609,86.7878723144531,86.0042724609375,85.1465225219727,84.8512344360352,84.732177734375,84.3086853027344,84.0570449829102,83.9085159301758,84.255615234375,84.6226654052734,84.8514556884766,84.8543701171875,84.5516967773438,84.4427108764648,84.7841033935547,85.016357421875,85.1291427612305,84.5744552612305,83.6255569458008,82.4865951538086,80.8941879272461,78.4081420898438,76.6134414672852,75.4904174804688,74.369270324707,73.6139678955078,73.1417922973633,72.4417572021484,71.568473815918,70.5620727539062,69.5250625610352,68.7520294189453,68.0655288696289,66.9838714599609,65.8583984375,64.829704284668,62.9743423461914,60.613208770752,58.9996070861816,59.0487480163574,59.8973388671875,61.2938690185547,63.6503219604492,67.5201721191406,72.3199691772461,76.1409606933594,78.7108001708984,80.2645645141602,81.0608062744141,81.0079574584961,80.3505630493164,79.2200622558594,77.6316375732422,75.0167007446289,72.0515899658203,69.5585861206055,66.7003555297852,64.2411727905273,62.3692169189453,60.7514038085938,60.271183013916,60.3613014221191,60.4148292541504,60.1447410583496,59.9599342346191,60.1735076904297,60.7078857421875,60.5123901367188,60.3141212463379,60.9824066162109,62.5480728149414,63.3254814147949,64.0074081420898,65.8486938476562,68.7779922485352,71.0570983886719,72.1495742797852,72.7132873535156,73.0120010375977,73.7258987426758,74.9500579833984,76.1772766113281,77.2293167114258,78.2187118530273,78.583381652832,77.8538818359375,77.3675231933594,77.390007019043,77.2548599243164,77.2851257324219,77.3814010620117,76.9568939208984,76.3719329833984,75.3497924804688,74.2046890258789,73.8632049560547,74.1906356811523,75.0942764282227,75.8923492431641,77.1032943725586,78.7650756835938,79.5781097412109,80.4388961791992,81.694694519043,82.6518173217773,83.2041854858398,83.7035751342773,84.573112487793,85.4635314941406,89.0674362182617,87.1912536621094,90.2549133300781,93.6496429443359,97.4487228393555,85.8967514038086,82.4060134887695,82.9524765014648,82.2803268432617,80.860221862793,78.0975799560547,74.437126159668,73.953010559082,72.662223815918,69.5318756103516,67.6013107299805,81.5747299194336,100.165641784668,102.004051208496,103.710426330566,89.8994293212891,69.113899230957,59.6048889160156,54.1530647277832,51.8822784423828,49.8972969055176,48.8077926635742,48.5045394897461,48.5255126953125,48.1366653442383,48.1267967224121,49.3081855773926,49.2730827331543,49.3559494018555,50.1458511352539,50.8909759521484,51.9685935974121,51.9455451965332
"-158.75",46.7227210998535,47.329532623291,52.3754959106445,58.6514587402344,69.900032043457,67.4293975830078,55.3339614868164,44.7795333862305,37.4203643798828,32.7016906738281,33.0141067504883,38.811695098877,46.1892509460449,89.0493392944336,96.9244384765625,81.0967330932617,77.1247787475586,78.2385864257812,81.4179840087891,83.4217681884766,83.807861328125,83.3508071899414,83.308967590332,85.0957641601562,86.5782089233398,87.7358169555664,88.108283996582,88.2634963989258,87.956298828125,88.6625747680664,92.0900650024414,92.5864639282227,91.4573059082031,90.7282104492188,90.7266464233398,91.0004119873047,91.4773559570312,91.6252670288086,91.2321319580078,90.9455108642578,90.4919281005859,89.5926971435547,88.6576843261719,87.7305755615234,87.0520629882812,86.600700378418,86.049919128418,85.4052658081055,85.0188980102539,84.6925582885742,84.0698165893555,83.685432434082,83.6525802612305,84.1281661987305,84.4926681518555,84.7446060180664,84.5180130004883,84.4009246826172,84.4875793457031,85.0361633300781,85.3716354370117,85.5051956176758,84.9565048217773,83.7849807739258,82.0195541381836,79.6089630126953,76.7804260253906,75.0706253051758,74.0732879638672,73.5090713500977,73.0826568603516,72.9354934692383,72.5155563354492,71.8711166381836,71.2507553100586,70.4521865844727,69.8306350708008,68.9239501953125,67.6809844970703,66.4129409790039,65.1131362915039,63.3300704956055,61.1358375549316,59.2272758483887,59.1684684753418,59.9695167541504,61.6976356506348,64.8004379272461,69.099609375,73.313591003418,76.6218566894531,79.0898132324219,80.4435577392578,81.1782455444336,81.0932998657227,80.2534255981445,79.2020721435547,77.7260894775391,75.3367385864258,72.1986389160156,69.7012481689453,66.9723434448242,64.6410140991211,62.7493629455566,61.3650970458984,60.7321472167969,60.5189514160156,60.4204521179199,60.1260833740234,60.0223922729492,60.5992622375488,61.0035972595215,61.1513557434082,61.1599998474121,61.5454177856445,62.7441596984863,64.0975036621094,64.9326019287109,66.3872756958008,68.0969696044922,70.1652679443359,72.1029205322266,72.9421768188477,73.1923599243164,73.6896362304688,74.7259826660156,75.9798889160156,76.843147277832,77.7458343505859,79.0982666015625,79.1205062866211,78.5724182128906,78.3099517822266,77.8233642578125,77.5562896728516,77.7177963256836,77.0429306030273,76.0885620117188,75.2518157958984,74.1839218139648,73.6892547607422,73.500129699707,73.9655151367188,75.009162902832,75.7031402587891,77.253776550293,78.5223541259766,79.7813186645508,81.1188507080078,82.4442367553711,83.1107635498047,83.4128799438477,83.9564666748047,84.8861846923828,87.8718795776367,89.9896697998047,87.3877563476562,93.7603378295898,94.2819137573242,83.0946960449219,81.5121994018555,80.5774307250977,80.0901184082031,79.4975662231445,77.2976608276367,73.2390441894531,73.150260925293,72.1409301757812,68.0026779174805,66.0219650268555,70.7249145507812,96.3788909912109,101.780708312988,103.024467468262,88.9765853881836,69.1079864501953,59.1390533447266,54.5730361938477,51.8721885681152,49.7208786010742,48.7268028259277,48.3956680297852,48.1617584228516,47.9435539245605,48.009464263916,49.0968780517578,49.1769752502441,49.2533149719238,50.0632514953613,50.808277130127,51.9203300476074,51.9505043029785
"-157.5",46.4994201660156,47.5301666259766,52.2532844543457,58.2134094238281,68.7602920532227,65.6692276000977,53.9592819213867,44.6423416137695,38.1069946289062,34.4171600341797,33.508846282959,40.7979888916016,48.6855888366699,52.483528137207,76.0675582885742,81.1842956542969,76.7922515869141,78.0326919555664,81.0466537475586,83.0959854125977,84.1664276123047,83.7594375610352,83.9855575561523,85.1093063354492,86.2202301025391,87.4297714233398,87.8697738647461,87.9654998779297,87.758544921875,88.1762771606445,91.279541015625,92.2201232910156,90.9353256225586,89.9345397949219,89.6820678710938,89.6731948852539,90.1643524169922,90.3925247192383,90.2248687744141,90.0560684204102,89.7588500976562,88.9949340820312,88.1606140136719,87.390510559082,86.8743362426758,86.6371078491211,86.2738571166992,85.6684188842773,85.1466979980469,84.6115341186523,83.7265853881836,83.3000793457031,83.3955612182617,83.8930358886719,84.3190765380859,84.7309112548828,84.646858215332,84.7104034423828,84.9747848510742,85.5838394165039,85.9891510009766,85.7759475708008,84.9651107788086,83.5647811889648,81.4023284912109,78.5528259277344,75.9095230102539,74.2765502929688,73.8938751220703,73.7534561157227,73.5458068847656,73.261360168457,72.7078857421875,72.1625518798828,71.8155746459961,71.3411636352539,70.6273956298828,69.6391372680664,68.2658462524414,66.8054656982422,65.230094909668,63.3159332275391,61.292911529541,59.3658866882324,59.1500205993652,60.3365478515625,62.383861541748,65.3874130249023,69.5304565429688,73.6229400634766,76.8682556152344,79.3088150024414,80.5118255615234,81.0969619750977,80.9481582641602,80.1336441040039,79.2173309326172,78.0614471435547,75.9216232299805,72.938102722168,70.2730178833008,67.5564880371094,65.0617904663086,63.2227020263672,61.6523780822754,61.0428047180176,60.5564842224121,60.3219146728516,60.0361366271973,60.0251884460449,60.7151679992676,61.2587585449219,61.5769653320312,61.8313102722168,62.2050590515137,63.1799430847168,65.0306549072266,66.6156616210938,67.6974792480469,68.3032073974609,69.1442489624023,70.9609222412109,72.4606704711914,73.4635238647461,74.1076736450195,74.8326644897461,75.9902954101562,76.8138427734375,77.2694931030273,78.48193359375,79.3933563232422,78.9625854492188,78.9391937255859,78.6791534423828,78.248161315918,77.9512786865234,77.015983581543,75.5935211181641,75.071907043457,74.4617767333984,74.2379455566406,74.2816925048828,74.5294723510742,74.9335708618164,75.8075561523438,76.7913131713867,77.7671508789062,78.6507186889648,80.0979309082031,81.8491897583008,82.8092193603516,83.2642517089844,83.5627059936523,84.2930221557617,86.0196304321289,89.4540710449219,87.5531158447266,89.4733428955078,88.4553604125977,81.3287658691406,81.5177536010742,79.3846664428711,78.4290313720703,77.0581817626953,76.257682800293,72.9545135498047,72.1448287963867,72.1417999267578,67.4776000976562,65.3695983886719,69.8010406494141,88.582160949707,101.488418579102,101.261596679688,88.0111618041992,67.4498596191406,59.0869789123535,54.9831848144531,51.6537933349609,49.8176727294922,48.6449089050293,48.2242813110352,47.963565826416,47.8199310302734,47.9838104248047,49.0268898010254,49.1508598327637,49.1769676208496,50.0634841918945,50.7019691467285,51.8643112182617,51.9551086425781
"-156.25",46.4468193054199,47.2459449768066,52.0541343688965,57.7088661193848,67.1683502197266,62.7783470153809,53.6825294494629,45.3017120361328,39.1751403808594,35.822566986084,34.8264350891113,42.6108703613281,50.5691947937012,53.0517730712891,76.772819519043,81.5884780883789,76.7943801879883,77.6844863891602,80.18408203125,82.6694488525391,84.0620956420898,83.9932250976562,84.1075897216797,85.0305709838867,85.9630432128906,87.0772323608398,87.709831237793,87.9186248779297,87.6447982788086,87.8798675537109,90.5617828369141,91.8153686523438,90.3978958129883,89.0592193603516,88.4634704589844,88.3745727539062,88.9327011108398,89.2674942016602,89.2780532836914,89.2570953369141,89.1727066040039,88.5026397705078,87.8397979736328,87.1947860717773,86.8287124633789,86.6991271972656,86.4731903076172,85.8095016479492,85.0933837890625,84.4598083496094,83.4905319213867,83.1932830810547,83.4253997802734,83.8897552490234,84.3524551391602,84.9411087036133,85.1766128540039,85.4253616333008,85.6417694091797,86.0612487792969,86.2432632446289,85.7402191162109,84.8183135986328,83.4868621826172,81.0286331176758,77.9066772460938,75.429069519043,74.4209060668945,74.8394012451172,74.9166030883789,74.5545806884766,74.271614074707,73.5709457397461,72.9344100952148,72.4911270141602,72.0281219482422,71.4322052001953,70.426513671875,68.7997436523438,67.2521896362305,65.3782730102539,63.2183265686035,61.2460975646973,59.4417877197266,59.2441101074219,60.7899894714355,62.3826293945312,65.209228515625,69.4072952270508,73.7195663452148,77.0498809814453,79.4612579345703,80.6498336791992,81.0927124023438,80.8911437988281,80.1672286987305,79.3667297363281,78.181755065918,76.2157211303711,73.6755676269531,71.1335754394531,68.2589645385742,65.3725891113281,63.3424377441406,61.8678894042969,60.9963417053223,60.3635482788086,60.0611610412598,59.7124404907227,59.9485359191895,60.6154823303223,61.3719673156738,61.766716003418,62.1999359130859,62.656192779541,63.9466133117676,68.4969329833984,70.1446914672852,68.6382598876953,68.8890686035156,69.2398529052734,70.1283493041992,71.5241088867188,73.0722045898438,74.3391952514648,75.4229049682617,76.3582763671875,77.1287841796875,77.4058837890625,78.0337982177734,78.7519760131836,78.6639022827148,78.9988479614258,79.070182800293,78.5728225708008,77.7344970703125,76.6158828735352,75.4002075195312,75.1018829345703,75.0465698242188,75.1122665405273,75.6454010009766,76.0480575561523,76.2987442016602,76.6374206542969,77.0641937255859,77.8722076416016,78.6692810058594,79.80078125,81.3338241577148,82.5768280029297,83.1533279418945,83.3837356567383,83.9468307495117,85.0968246459961,87.8438339233398,90.7151336669922,82.0242462158203,81.3283996582031,81.6082611083984,79.9563598632812,79.0058059692383,78.9733963012695,77.2138824462891,74.994987487793,73.3502960205078,72.6452484130859,73.4527740478516,68.8344039916992,66.0549011230469,70.2412643432617,88.6526107788086,100.692977905273,99.7767486572266,86.0210113525391,65.2724151611328,59.4812393188477,55.0082397460938,51.6300582885742,49.9184989929199,48.4509429931641,48.1143455505371,47.9888648986816,47.7666091918945,47.9605941772461,49.0914878845215,49.217414855957,49.1672325134277,50.0376625061035,50.5950584411621,51.7973709106445,51.9593772888184
"-155",46.3929710388184,47.3524589538574,51.9542579650879,56.9608306884766,64.8532180786133,59.9507255554199,53.5191993713379,45.8246994018555,40.0633316040039,37.8164291381836,36.3898544311523,45.1031112670898,52.5831489562988,54.3562431335449,77.628288269043,81.9063491821289,77.0927963256836,77.3632736206055,79.5025863647461,82.2328567504883,83.8557357788086,83.7888717651367,83.7903213500977,85.0876235961914,85.9743728637695,86.871955871582,87.5449905395508,87.8206176757812,87.5966491699219,87.7411880493164,89.7513580322266,91.3609771728516,89.875732421875,88.1624526977539,87.1898727416992,86.9930038452148,87.4931793212891,87.9680709838867,88.3806915283203,88.6831741333008,88.746955871582,88.2330780029297,87.6688690185547,87.1088714599609,86.8572616577148,86.7201766967773,86.4951477050781,85.7404479980469,84.8502426147461,84.2138748168945,83.4047775268555,83.2590713500977,83.6928253173828,84.1940536499023,84.5947723388672,85.2525634765625,85.5078430175781,85.7735290527344,85.8543167114258,86.138671875,85.9810409545898,85.3124694824219,84.5519027709961,83.4725570678711,81.0829315185547,78.0784759521484,76.1125869750977,76.0526275634766,76.8513717651367,76.7621841430664,76.2765197753906,75.9689559936523,75.2119140625,74.3218841552734,73.5919189453125,72.8920440673828,72.1555862426758,71.0122756958008,69.2805328369141,67.7259521484375,65.7800369262695,63.4386100769043,61.3362045288086,59.5274772644043,59.0881729125977,60.292407989502,61.8465538024902,64.9954452514648,69.5273971557617,73.9701538085938,77.5220718383789,79.7721252441406,80.6288681030273,81.1716461181641,81.0424118041992,80.4417190551758,79.380744934082,78.1360092163086,76.3540267944336,74.1358947753906,71.7826461791992,68.8508453369141,65.3012847900391,63.0091209411621,61.7326774597168,60.8638038635254,60.0680885314941,59.5729293823242,59.2268333435059,59.74853515625,60.402587890625,61.2575492858887,61.8460845947266,62.414363861084,62.8789596557617,64.1100845336914,67.4885787963867,70.8302307128906,68.3945388793945,69.2646408081055,70.0685501098633,70.8650131225586,71.8072357177734,72.746955871582,73.8154983520508,74.8762054443359,75.6273880004883,76.5508117675781,77.3498764038086,77.9766082763672,78.5623092651367,78.8324203491211,79.0585327148438,79.0908050537109,78.3675994873047,77.6886825561523,77.0375823974609,76.0395584106445,75.685417175293,75.8972549438477,76.6178359985352,77.4939575195312,77.7767028808594,77.7890243530273,78.0520172119141,77.9849090576172,78.0867691040039,78.7080459594727,79.6638107299805,81.102783203125,82.6035614013672,83.2298126220703,83.4766311645508,83.9558181762695,84.9212951660156,86.8049087524414,91.5043258666992,81.1529006958008,81.4319534301758,82.0673217773438,79.7644729614258,78.4247665405273,78.6250915527344,77.4722137451172,75.7357025146484,73.5068206787109,73.0010223388672,72.5457077026367,68.0587158203125,66.4875030517578,72.5861511230469,90.9629592895508,99.6189422607422,98.8722305297852,81.6079254150391,64.746826171875,59.623405456543,54.783260345459,51.820068359375,49.9661064147949,48.1521377563477,48.0985679626465,48.0763931274414,47.7534294128418,47.7783088684082,49.1359176635742,49.2668685913086,49.1574783325195,49.9569854736328,50.5442123413086,51.7304496765137,51.9633331298828
"-153.75",46.7818756103516,47.3751029968262,51.8803405761719,56.1196136474609,61.5778923034668,58.8699264526367,54.5755500793457,45.6358604431152,40.8787307739258,39.4648628234863,37.7566604614258,46.7878456115723,54.6180267333984,55.590576171875,77.9406585693359,82.0915832519531,77.3535995483398,77.1465835571289,78.9427108764648,81.8396987915039,83.5276870727539,83.3553771972656,83.4483947753906,85.0179443359375,86.056266784668,86.7468795776367,87.4733810424805,87.715576171875,87.6020126342773,87.700065612793,89.2130813598633,90.9916839599609,89.543098449707,87.5092697143555,86.2382507324219,85.9110946655273,86.4149703979492,87.0068435668945,87.8191223144531,88.3849639892578,88.479866027832,88.1354751586914,87.6785430908203,87.1585083007812,86.7878112792969,86.4707336425781,86.2230453491211,85.5857009887695,84.7589111328125,84.1915130615234,83.6518402099609,83.7502288818359,84.193489074707,84.4583435058594,84.8565444946289,85.3950729370117,85.6096649169922,85.9373474121094,86.0878219604492,86.0542144775391,85.5016250610352,85.0550842285156,84.4200668334961,83.2539291381836,80.6708068847656,78.4296875,77.3534774780273,78.0861892700195,78.634651184082,78.4682998657227,78.0581970214844,77.9843368530273,77.2082595825195,75.8745422363281,74.7021179199219,73.7146224975586,72.8644943237305,71.4456176757812,69.7161178588867,68.3249893188477,66.2734222412109,63.9490928649902,61.6665687561035,59.4119110107422,58.7168350219727,59.6533813476562,61.3218955993652,65.0167236328125,69.6596603393555,74.4954223632812,77.9582595825195,80.0036239624023,80.7624206542969,81.2428588867188,81.2939834594727,80.4370880126953,79.1352996826172,77.7784805297852,76.1744155883789,74.201171875,72.1558990478516,69.3323440551758,65.25439453125,62.2725982666016,61.0986671447754,60.7840766906738,60.0334892272949,59.0069427490234,58.6268539428711,59.6007232666016,60.4781341552734,60.9956817626953,61.7194976806641,62.3498916625977,62.8507843017578,63.61328125,66.7441253662109,68.1667175292969,67.6215667724609,69.4456405639648,71.1654205322266,72.3010787963867,73.0577926635742,73.5227127075195,74.1207885742188,74.4938812255859,74.5828323364258,75.1264724731445,75.9654541015625,76.705680847168,77.4249725341797,78.0031661987305,78.6681747436523,79.2335433959961,79.055046081543,78.6861724853516,78.1083297729492,77.1704788208008,76.9087600708008,77.3721466064453,78.4168930053711,79.1525650024414,79.6905975341797,79.6379089355469,79.4328689575195,79.313102722168,79.2612380981445,79.1861038208008,79.4892425537109,80.5966873168945,82.324577331543,83.4626235961914,83.8022003173828,84.1235198974609,85.0556182861328,86.5678939819336,89.689826965332,87.7362594604492,87.9214553833008,82.6211318969727,78.3235397338867,78.0337677001953,79.2342300415039,77.9639892578125,76.3405532836914,73.7131652832031,72.3296508789062,71.4751129150391,66.3350219726562,66.3128280639648,72.6788101196289,93.1640472412109,99.0525741577148,97.4917449951172,77.6916427612305,64.3938064575195,59.0149993896484,55.0814781188965,51.9139747619629,49.8131828308105,48.1477661132812,48.0617828369141,48.0651779174805,47.5930557250977,47.5349617004395,49.1224403381348,49.2142066955566,49.0513191223145,49.848217010498,50.5269889831543,51.6400985717773,51.9669990539551
"-152.5",46.3617172241211,47.2320022583008,51.669807434082,55.4469947814941,57.6109657287598,59.7639350891113,56.3846054077148,45.8460311889648,41.7349052429199,41.1038513183594,39.3865356445312,49.174934387207,55.1629867553711,56.9777069091797,78.6648025512695,82.7868423461914,77.4445190429688,76.9632568359375,78.6142349243164,81.7039184570312,83.1713943481445,83.1264724731445,83.3961334228516,84.9898223876953,86.1230163574219,86.7277526855469,87.4605712890625,87.5389862060547,87.5350875854492,87.7342224121094,88.9957504272461,90.7593231201172,89.416862487793,87.256462097168,85.7412796020508,85.3052368164062,85.9620971679688,86.9228897094727,87.953971862793,88.3273544311523,88.3715057373047,88.073112487793,87.6445693969727,87.0317535400391,86.5099334716797,86.0890274047852,85.97900390625,85.5333862304688,84.7763214111328,84.4108047485352,84.0356369018555,84.1747970581055,84.412239074707,84.595947265625,84.9333343505859,85.3584518432617,85.6604309082031,86.1184844970703,86.3442535400391,86.2622222900391,85.6537170410156,85.1748199462891,84.3830337524414,82.7735443115234,80.7301406860352,79.2488708496094,78.8987426757812,79.6452789306641,80.0447998046875,80.0063247680664,79.6606903076172,79.5179901123047,78.522834777832,76.8705520629883,75.3751831054688,74.21875,73.3459396362305,71.8621826171875,70.1516876220703,68.8068161010742,66.81298828125,64.5670700073242,62.137939453125,59.5241317749023,58.564136505127,59.4595108032227,61.4241409301758,65.2935256958008,70.0453338623047,74.8649520874023,78.3451690673828,80.3554992675781,80.9863433837891,81.3390197753906,81.2304306030273,80.2355499267578,78.7496566772461,77.3243179321289,75.8253326416016,73.8357009887695,71.9535751342773,69.4487533569336,65.4427719116211,62.0522155761719,60.3220863342285,59.8403205871582,59.5529823303223,58.5775833129883,58.3750839233398,59.6413345336914,60.5420417785645,60.7310752868652,61.3440742492676,62.2410087585449,62.9335021972656,63.9303321838379,65.0807342529297,66.424072265625,68.1056518554688,69.8423461914062,71.3998641967773,72.8655242919922,73.8027648925781,74.3666076660156,74.948600769043,75.3059310913086,75.1079940795898,75.066047668457,75.5313339233398,76.1859588623047,77.4097137451172,78.4186935424805,79.3065643310547,80.148063659668,80.5763168334961,80.448371887207,79.9971771240234,79.3493041992188,78.8929901123047,79.0349960327148,79.8052062988281,80.5269775390625,81.6946334838867,81.9893798828125,81.4854736328125,80.9947128295898,80.4047622680664,80.1751022338867,79.9001693725586,80.3041305541992,81.7666473388672,83.3549728393555,84.0805587768555,84.6021118164062,85.291374206543,86.8776092529297,89.8905944824219,93.9950485229492,97.5987548828125,85.4080123901367,79.6669616699219,78.003532409668,80.9140548706055,78.7985916137695,76.6930541992188,73.3465042114258,72.4547271728516,71.1200790405273,67.7540130615234,65.8076782226562,73.9277725219727,95.4912033081055,98.7789688110352,94.2344741821289,76.7619171142578,63.2994194030762,58.6075134277344,55.4852066040039,51.913200378418,49.7025871276855,48.2229652404785,47.9944114685059,47.9230537414551,47.4138221740723,47.2686996459961,48.9624633789062,49.0785217285156,48.8429107666016,49.7145156860352,50.5154457092285,51.5402336120605,51.9703903198242
"-151.25",46.7376823425293,46.9808731079102,51.4487113952637,54.6148681640625,55.3347587585449,62.1332130432129,57.3423347473145,46.1333389282227,42.7008934020996,42.8596382141113,40.3315124511719,50.3144836425781,56.3959465026855,58.4838905334473,80.4565353393555,85.2522659301758,77.590576171875,76.7162780761719,78.37939453125,81.5278854370117,82.7157211303711,82.8109512329102,83.2199783325195,84.9527206420898,86.0962524414062,86.7326354980469,87.2327041625977,87.3095016479492,87.5059585571289,87.8149795532227,88.8797073364258,90.5012664794922,89.4221267700195,87.3173446655273,85.5597915649414,84.7527542114258,85.6633071899414,87.1277694702148,88.2052307128906,88.3053436279297,88.3156585693359,88.004020690918,87.4337615966797,86.7028656005859,86.0936431884766,85.8205795288086,85.7168884277344,85.4627456665039,84.9912719726562,84.6608657836914,84.3645401000977,84.4871368408203,84.5523376464844,84.7541580200195,85.1086120605469,85.4741287231445,85.8585586547852,86.2034378051758,86.5729293823242,86.608283996582,85.8632278442383,85.4893112182617,84.492073059082,83.4379653930664,81.8585662841797,80.7407913208008,80.5574264526367,80.7371978759766,81.0716857910156,81.2428817749023,80.9645233154297,80.3802795410156,79.2049407958984,77.5593414306641,75.9866333007812,74.6140441894531,73.8339385986328,72.5685653686523,70.7773208618164,69.2512588500977,67.3648376464844,65.4100494384766,62.6781044006348,59.7290420532227,58.7944221496582,59.6647605895996,61.6764717102051,65.5766220092773,70.1940002441406,75.0313949584961,78.5527420043945,80.5237045288086,81.1458282470703,81.29150390625,81.0171737670898,79.852897644043,78.5544357299805,77.0445709228516,75.4118270874023,73.2245330810547,71.2288284301758,68.9650802612305,65.376350402832,62.1706352233887,60.1205253601074,59.3107261657715,59.1013984680176,58.5296669006348,58.222484588623,59.4251480102539,60.2971229553223,60.4743232727051,60.8914375305176,62.0428733825684,63.2300033569336,64.6323623657227,66.3071441650391,68.0679779052734,69.8875274658203,71.3592300415039,72.2761154174805,73.2230529785156,73.9903259277344,74.7098007202148,75.4250335693359,75.81005859375,75.8705291748047,75.9603042602539,76.2313537597656,76.6972732543945,77.9775085449219,79.5283660888672,80.572151184082,81.7144088745117,82.6124649047852,83.0466690063477,82.7778701782227,82.2589340209961,81.3263320922852,81.0220642089844,81.6605529785156,82.1944732666016,83.4391784667969,84.2329483032227,83.4732437133789,82.5343399047852,81.6808700561523,81.09326171875,80.5862197875977,80.4233551025391,81.3096771240234,83.0838775634766,84.259651184082,85.1912612915039,85.8289794921875,87.23876953125,89.7134399414062,92.6740875244141,96.7677841186523,84.7164001464844,82.299072265625,81.0909576416016,79.9691848754883,79.3747024536133,77.0742568969727,73.2707595825195,72.8687286376953,71.7397613525391,68.9635391235352,67.3181076049805,78.1677627563477,95.6036148071289,98.3067016601562,92.6296005249023,75.5782699584961,61.7485771179199,58.7321319580078,55.5952072143555,51.910572052002,49.7607765197754,48.1660995483398,47.8734512329102,47.807674407959,47.3730697631836,47.1432037353516,48.6805419921875,48.8748435974121,48.569652557373,49.5509300231934,50.5026206970215,51.4512100219727,51.9735260009766
"-150",46.4616241455078,47.0734977722168,50.7434196472168,53.6114845275879,55.3094673156738,64.5054931640625,56.8320808410645,46.0631980895996,43.2153205871582,44.0386199951172,41.6907386779785,51.5290107727051,56.7358703613281,59.8269500732422,65.6349029541016,87.1984634399414,77.9646301269531,76.4368667602539,78.151123046875,81.161994934082,82.1123962402344,82.4547424316406,82.8837509155273,84.6620254516602,85.9942779541016,86.8404388427734,86.996955871582,87.1674499511719,87.5127258300781,87.9053268432617,88.6270904541016,90.2568588256836,89.492919921875,87.719970703125,85.7488861083984,84.3907089233398,85.0975036621094,86.9508514404297,88.028205871582,87.97607421875,88.1740112304688,87.7696151733398,86.9891510009766,86.2688827514648,85.7019577026367,85.510009765625,85.5758361816406,85.5313873291016,85.2450180053711,85.0350036621094,84.9655227661133,85.0046310424805,84.943717956543,85.1585464477539,85.4598846435547,85.67578125,85.8995056152344,86.1164321899414,86.627815246582,86.8678588867188,86.3630523681641,86.0083312988281,85.1659545898438,84.3512954711914,83.1553649902344,82.1869354248047,81.9073104858398,81.9025650024414,82.1785202026367,82.3511199951172,81.9973297119141,81.017936706543,79.6194152832031,77.802375793457,76.2351760864258,74.8832321166992,74.1424942016602,72.9172134399414,71.2109146118164,69.4900817871094,67.7022933959961,66.2311019897461,63.2803497314453,59.8639259338379,58.9015426635742,59.8581352233887,62.069995880127,65.7227783203125,70.4806747436523,75.275993347168,78.9229888916016,80.8791046142578,81.2474594116211,81.0900115966797,80.4489212036133,79.3918304443359,78.3784484863281,76.780876159668,74.9012908935547,72.5582656860352,70.3220520019531,68.1672515869141,64.9234008789062,61.7405815124512,59.8150329589844,58.9605522155762,58.9880867004395,58.8532066345215,58.7462120056152,59.4683532714844,60.174430847168,60.6675720214844,61.2209396362305,62.241283416748,63.5980110168457,65.3264465332031,67.3783111572266,69.4159469604492,71.3159790039062,72.7142715454102,73.5706558227539,74.1718597412109,74.7261276245117,75.2589645385742,75.797966003418,76.2688980102539,76.5350112915039,76.7525329589844,77.1540298461914,77.6341094970703,78.5374221801758,80.0034637451172,81.6729736328125,83.2294235229492,84.6294631958008,85.4940795898438,85.5308990478516,84.9442520141602,84.0569152832031,83.8837203979492,84.40673828125,84.5692596435547,84.9094009399414,85.5058135986328,85.0420761108398,83.984130859375,82.9863586425781,82.1488494873047,81.3449020385742,80.922233581543,81.3693008422852,83.0643463134766,84.3268127441406,85.5553741455078,86.6201019287109,87.8775405883789,89.8950881958008,91.9856033325195,96.5359039306641,94.1199417114258,80.4625015258789,80.4776916503906,79.7773132324219,80.5129470825195,78.9012908935547,73.809684753418,74.2195053100586,71.2914123535156,70.1284103393555,68.5585784912109,82.3786315917969,95.094612121582,97.8147888183594,92.7035369873047,72.3574371337891,61.492359161377,58.7289161682129,55.168888092041,52.177604675293,49.8225173950195,47.9906234741211,47.6797676086426,47.7617835998535,47.4548950195312,47.2437477111816,48.3651542663574,48.6362686157227,48.2637176513672,49.3206329345703,50.4452018737793,51.4553070068359,51.9764213562012
"-148.75",46.5218925476074,46.6823120117188,51.1403160095215,52.4493789672852,56.5684928894043,66.3183288574219,56.7811546325684,46.3017730712891,43.4679718017578,45.1599884033203,43.1656951904297,52.4538612365723,57.2485122680664,60.9482650756836,59.7518882751465,74.3468246459961,78.2849578857422,76.4013900756836,78.0398330688477,80.6175537109375,81.5764007568359,82.2449569702148,82.5500869750977,84.3018646240234,85.6877822875977,86.8752822875977,87.0387496948242,87.2815933227539,87.5741806030273,87.8366851806641,88.4717102050781,90.0361709594727,89.6280212402344,88.3675537109375,86.4623489379883,84.5237579345703,84.4386825561523,86.3846206665039,87.5826873779297,87.5429611206055,87.8921737670898,87.3647994995117,86.5589752197266,85.9875183105469,85.4879989624023,85.3742599487305,85.5236358642578,85.6175308227539,85.6234359741211,85.6159362792969,85.6449279785156,85.5353927612305,85.4457244873047,85.4755935668945,85.607307434082,85.5036468505859,85.6692352294922,86.1466369628906,86.8253707885742,87.1116714477539,86.8675689697266,86.7131958007812,86.0263290405273,85.4005508422852,84.2924652099609,83.3634033203125,82.8637619018555,82.7687377929688,83.301887512207,83.4959182739258,82.7162780761719,81.3615493774414,79.7942047119141,77.8508377075195,76.3648223876953,75.0080490112305,74.0327987670898,72.7414703369141,71.2666702270508,69.4820709228516,67.9883117675781,66.621696472168,63.5401840209961,59.9219093322754,58.9660873413086,59.936695098877,62.3931541442871,65.956901550293,70.8840866088867,75.6409378051758,79.3524932861328,81.0382080078125,81.0213470458984,80.642333984375,79.965705871582,78.9226303100586,78.0887680053711,76.687126159668,74.5692291259766,72.0553588867188,69.5366439819336,67.4598083496094,64.5740661621094,61.3908843994141,59.3579750061035,58.4858665466309,58.8539695739746,59.4568176269531,59.3246192932129,59.5614776611328,60.2003135681152,61.024055480957,61.6490478515625,62.65576171875,63.9909324645996,65.9215621948242,68.1164016723633,70.2647399902344,72.218505859375,73.7033843994141,74.6969223022461,75.3840637207031,75.9837341308594,76.4861679077148,77.0501174926758,77.6382217407227,78.0946884155273,78.4824523925781,78.9882659912109,79.6037902832031,80.2765579223633,81.4665069580078,82.930793762207,84.5582733154297,86.124870300293,87.2172393798828,87.3602600097656,87.1495132446289,86.9378890991211,87.1819381713867,87.6523590087891,87.3674774169922,86.7971649169922,86.8449783325195,86.5549240112305,85.5690612792969,84.3236389160156,83.228385925293,82.3820724487305,81.8604965209961,82.1148681640625,83.6076431274414,84.892463684082,85.965690612793,87.3225250244141,88.578857421875,90.5061645507812,92.3380508422852,95.7852249145508,92.0216674804688,80.903205871582,79.9099197387695,79.4290084838867,80.2633743286133,79.8693313598633,74.0853805541992,74.2491989135742,71.0541458129883,70.1154632568359,68.848258972168,86.3912506103516,94.6720886230469,98.1040649414062,92.3330078125,69.767936706543,61.6300430297852,58.1795654296875,55.1388931274414,52.3275108337402,49.7545166015625,47.8943176269531,47.4421577453613,47.6478157043457,47.4300117492676,47.336597442627,48.1593818664551,48.3837623596191,48.0135803222656,49.0633277893066,50.3633193969727,51.4570922851562,51.9790954589844
"-147.5",46.350715637207,46.4006843566895,50.9024085998535,51.6463890075684,57.904224395752,67.3533401489258,56.6839942932129,46.830680847168,43.9333267211914,45.9593276977539,44.1715545654297,53.3033103942871,57.2051696777344,62.362190246582,61.778881072998,71.0214157104492,78.7613677978516,76.4622268676758,77.8897399902344,80.2051620483398,80.9648895263672,81.668098449707,82.0976181030273,83.8425521850586,85.3620986938477,86.8646850585938,87.0416412353516,87.3594970703125,87.5732650756836,87.691520690918,88.385871887207,89.7975082397461,89.819206237793,89.1781005859375,87.6182479858398,85.3609237670898,84.1200866699219,85.7275848388672,87.2806777954102,87.6555709838867,87.9323806762695,87.2432708740234,86.4153366088867,85.8419570922852,85.3751449584961,85.2750091552734,85.4610824584961,85.6891708374023,85.9017028808594,85.9572525024414,85.9698791503906,85.8466033935547,85.6434555053711,85.3137435913086,85.1371307373047,85.2645416259766,85.9296035766602,86.8257598876953,87.0661544799805,87.1520462036133,87.1191711425781,87.1780853271484,86.530647277832,86.031379699707,84.8883209228516,83.997184753418,83.3911972045898,83.3509063720703,83.9969100952148,84.1349411010742,83.1179275512695,81.6711196899414,79.8989715576172,77.906867980957,76.447509765625,75.0559616088867,73.8856658935547,72.7955627441406,71.2427520751953,69.3090362548828,67.9665069580078,66.4892654418945,63.3445816040039,59.997989654541,59.0059051513672,60.2676391601562,62.7198295593262,66.3662872314453,71.4973983764648,76.2417678833008,79.6132049560547,80.9344024658203,80.7713165283203,80.2670745849609,79.4840469360352,78.4984283447266,77.8316879272461,76.617301940918,74.2323989868164,71.4542770385742,68.9420394897461,66.9328842163086,64.307746887207,61.3283538818359,59.1881065368652,58.4130935668945,59.1121139526367,59.6776351928711,59.5984764099121,59.7153816223145,60.5982818603516,61.7141418457031,62.5449485778809,63.3397254943848,64.7147216796875,66.6380920410156,68.8749771118164,71.0840911865234,73.0095977783203,74.5739135742188,75.7869491577148,76.7418746948242,77.6335220336914,78.2851486206055,78.9326858520508,79.6501846313477,80.5545654296875,81.1149826049805,81.5344848632812,81.9311981201172,82.3813247680664,83.309684753418,84.4413146972656,85.6214294433594,86.9654693603516,88.2405014038086,88.723518371582,88.828498840332,89.0984954833984,89.4779357910156,89.9229049682617,89.7962036132812,88.9834594726562,88.4139862060547,87.8745193481445,86.9451904296875,85.7511825561523,84.5154190063477,83.4275207519531,83.1106414794922,83.4303131103516,84.6056365966797,85.6549530029297,86.5637741088867,87.763557434082,89.1161804199219,91.0695419311523,92.9084014892578,95.1093978881836,98.7851486206055,100.062850952148,81.7745361328125,80.9060363769531,78.4384841918945,80.1919097900391,74.0977554321289,72.9533081054688,71.4549179077148,69.6369781494141,69.2357788085938,90.3899230957031,94.6454238891602,98.9174194335938,89.8771057128906,69.9714508056641,61.346248626709,57.9051971435547,55.3479537963867,52.2854804992676,49.715461730957,48.0716171264648,47.2594299316406,47.4852104187012,47.2682075500488,47.0714988708496,48.0444183349609,48.1937103271484,47.7962837219238,48.828540802002,50.2507133483887,51.460636138916,51.9815521240234
"-146.25",46.7230072021484,46.5179176330566,50.5098457336426,51.3633499145508,59.2358283996582,67.9813613891602,56.5717887878418,46.906379699707,44.9052581787109,46.2668991088867,45.555477142334,53.6733131408691,57.3559417724609,62.6197967529297,63.7250022888184,74.5702133178711,81.2829513549805,76.6587295532227,77.9153823852539,79.8355026245117,80.4905014038086,81.1290130615234,81.9969787597656,83.652587890625,85.5050659179688,87.0907440185547,87.0761184692383,87.4418411254883,87.2775115966797,87.2981109619141,88.0623779296875,89.646240234375,90.2191848754883,90.21044921875,89.0942993164062,86.8974533081055,84.6945724487305,85.9693069458008,88.2304534912109,88.6882858276367,88.4911270141602,87.5107498168945,86.5512542724609,85.8489303588867,85.2322006225586,85.0705261230469,85.2543334960938,85.6871185302734,86.0767822265625,86.1708984375,85.928581237793,85.7756423950195,85.3927383422852,84.8615493774414,84.9638824462891,85.7820434570312,86.7750091552734,87.7322998046875,87.5732650756836,87.3494644165039,87.3120727539062,87.6787796020508,87.2420196533203,86.3937759399414,85.0874176025391,84.1777725219727,83.659049987793,84.0416564941406,84.6342544555664,84.497184753418,83.2466659545898,81.8772354125977,80.0054244995117,78.0193862915039,76.5451202392578,75.2513427734375,74.1169509887695,72.9284133911133,71.1618347167969,68.9864959716797,67.5873260498047,65.8951950073242,62.5338096618652,59.4294204711914,59.0707931518555,60.7498245239258,63.1992416381836,67.0134124755859,72.2800674438477,77.0075607299805,79.8223571777344,80.744384765625,80.5498352050781,79.9448013305664,79.1262130737305,78.0925598144531,77.3109664916992,76.0884552001953,73.9382171630859,71.0944747924805,68.2633743286133,66.4694900512695,64.2000732421875,61.504150390625,59.2275733947754,58.5697898864746,58.8524208068848,59.4541854858398,59.6747970581055,59.8306045532227,60.7510528564453,62.2894859313965,63.3393821716309,63.8699188232422,65.1692657470703,67.2076873779297,69.6154556274414,71.8032608032227,73.8071670532227,75.533088684082,77.0336074829102,78.2896957397461,79.3622055053711,80.1342391967773,80.9664154052734,81.9565200805664,82.8947982788086,83.5954895019531,84.0310745239258,84.4565734863281,84.8989105224609,85.7604293823242,86.6570053100586,87.3694000244141,88.0128479003906,88.7666015625,89.2600936889648,89.7821807861328,90.2768020629883,90.5308151245117,90.9912872314453,91.1409378051758,90.7715911865234,89.981315612793,89.1377258300781,88.2698211669922,87.220832824707,85.955207824707,84.7263793945312,84.6024856567383,85.0695495605469,85.7611389160156,86.3972778320312,87.2285308837891,88.1548690795898,89.5348510742188,91.5519104003906,93.466682434082,95.3738708496094,98.303840637207,97.6227569580078,82.8115310668945,82.9681091308594,78.4039611816406,80.7490158081055,74.2148742675781,74.0035018920898,71.3362731933594,68.9153671264648,68.9563446044922,82.9849319458008,95.4029388427734,99.0846481323242,89.1327972412109,69.3359375,60.7169532775879,58.1308250427246,55.380615234375,52.0855751037598,49.9713172912598,48.3152084350586,47.1743011474609,47.2715759277344,46.9791297912598,46.7718963623047,47.8936805725098,48.1506996154785,47.6639404296875,48.6620597839355,50.1271133422852,51.4669761657715,51.9838066101074
"-145",46.728458404541,45.9675369262695,49.7349739074707,51.1188011169434,60.370288848877,68.5079727172852,56.4110221862793,47.8605117797852,45.4017753601074,47.2969284057617,46.7500228881836,54.2897682189941,57.4076766967773,62.2126846313477,65.1072158813477,63.9329223632812,77.2767105102539,76.5662689208984,77.7842254638672,79.9402465820312,80.3785171508789,81.0444717407227,82.2435531616211,83.8002471923828,85.7236099243164,87.2406463623047,87.3321685791016,87.4087829589844,87.1066360473633,87.1435699462891,87.8839340209961,89.5050735473633,90.7270660400391,91.1310119628906,90.2218170166016,88.1646728515625,85.7165756225586,87.0818786621094,89.4962844848633,89.3574600219727,88.952278137207,87.9050445556641,86.8312454223633,85.8349533081055,85.1115112304688,84.9008865356445,85.0758056640625,85.5889205932617,86.108642578125,86.186279296875,85.8544311523438,85.5337371826172,84.9962844848633,84.9000091552734,85.4575576782227,86.5902709960938,87.4981384277344,88.4099044799805,88.3561859130859,87.9708862304688,87.8841323852539,88.1833877563477,87.8972320556641,87.0476379394531,85.6025848388672,84.665168762207,83.9839172363281,84.2880325317383,84.9461898803711,84.6662826538086,83.429931640625,81.944091796875,79.9833908081055,78.0776596069336,76.6371231079102,75.3219146728516,74.1506118774414,72.6801147460938,70.7299575805664,68.5302505493164,67.2041854858398,65.0044479370117,61.4529876708984,58.9448585510254,59.3771896362305,61.4090347290039,63.9743881225586,68.1002731323242,73.1136093139648,77.6545104980469,79.9806823730469,80.7930755615234,80.3878707885742,79.6852645874023,78.811653137207,77.7329254150391,76.7327651977539,75.7072525024414,73.7820434570312,70.9453735351562,68.1281280517578,66.3547439575195,64.1842269897461,61.6651496887207,59.3929290771484,58.6316108703613,58.6141700744629,59.2574806213379,59.7516975402832,59.9090881347656,60.6121444702148,62.0772361755371,63.4737205505371,64.1565551757812,65.3133010864258,67.4348297119141,69.9151458740234,72.2274398803711,74.335693359375,76.3662109375,78.2748870849609,79.8261184692383,81.0031127929688,82.0112686157227,83.067268371582,84.0779571533203,84.9391708374023,85.6583480834961,86.3150787353516,86.8938293457031,87.4559707641602,88.1149291992188,88.6525115966797,89.0607986450195,89.1750335693359,89.3389129638672,89.6014099121094,89.9848251342773,90.557258605957,91.0869445800781,91.4654388427734,91.5867233276367,91.3610763549805,90.5957183837891,90.1087341308594,89.3783416748047,88.287109375,87.1322326660156,86.1953659057617,85.9528274536133,86.36572265625,86.8850631713867,87.3682479858398,87.9388427734375,88.6070251464844,89.943962097168,91.9230194091797,93.9128799438477,95.7077713012695,98.9722290039062,90.5581665039062,83.1327514648438,82.6773681640625,80.068962097168,80.3914947509766,75.0569915771484,73.9905548095703,72.0817031860352,66.7842025756836,66.52880859375,86.7802124023438,96.6725387573242,99.4031524658203,89.7683563232422,67.2396392822266,60.8854789733887,58.1895561218262,55.0929565429688,52.2928237915039,50.2034683227539,48.4675445556641,47.1075630187988,47.0943222045898,46.7653884887695,46.4628295898438,47.6491012573242,47.9825744628906,47.6181907653809,48.6370658874512,49.9924201965332,51.4733428955078,51.9858627319336
"-143.75",46.7354316711426,46.1911773681641,50.1159782409668,51.3680000305176,61.3812866210938,68.6000900268555,56.2680130004883,48.0837478637695,48.0752372741699,47.6646003723145,47.2875709533691,54.3665771484375,57.7512474060059,62.504207611084,66.2804107666016,67.1711730957031,77.4896087646484,76.5748901367188,77.6516876220703,79.8635940551758,80.1786193847656,80.9795379638672,82.804084777832,83.9835052490234,86.0527877807617,87.5230865478516,87.6389007568359,87.4764404296875,87.0765838623047,87.1456756591797,87.7794570922852,89.4564208984375,91.2760848999023,91.857536315918,91.1012573242188,89.2546234130859,87.412467956543,88.6819076538086,89.917594909668,89.3223724365234,89.0056381225586,88.0527801513672,86.8315658569336,85.7694396972656,85.0093307495117,84.7004699707031,84.8752822875977,85.4342880249023,85.7982330322266,85.8596115112305,85.6258392333984,85.3371276855469,85.24853515625,85.6340103149414,86.2315444946289,87.1942901611328,88.1218948364258,89.1690902709961,89.4083557128906,89.1912078857422,89.0703277587891,89.1978378295898,88.8984375,88.1514663696289,86.9132232666016,85.7023696899414,84.7822341918945,84.6151809692383,85.0242538452148,84.7573471069336,83.6113052368164,81.84326171875,79.8481826782227,78.0749893188477,76.657958984375,75.0995407104492,73.7064514160156,72.1643753051758,70.1167678833008,68.2207565307617,66.9573059082031,64.4045867919922,60.8631935119629,59.1663131713867,60.2076377868652,62.3941841125488,65.0874786376953,69.3517761230469,73.8424682617188,77.9788284301758,80.1635971069336,80.5743179321289,80.1603851318359,79.3792572021484,78.5076370239258,77.4196472167969,76.4243392944336,75.3709411621094,73.6723251342773,70.8592224121094,68.1618881225586,66.5344085693359,64.3041000366211,61.7518157958984,59.7322387695312,58.8372840881348,58.7468948364258,59.4724273681641,59.6943702697754,59.8753433227539,59.9559631347656,61.3601264953613,63.0776138305664,64.0602493286133,65.3695831298828,67.4050216674805,69.9730377197266,72.4536437988281,74.879508972168,77.3623962402344,79.4931182861328,81.0259857177734,82.2672653198242,83.5004196166992,84.7347412109375,85.820426940918,86.6760101318359,87.4646148681641,88.0920639038086,88.6839065551758,89.294059753418,89.8066864013672,90.2005233764648,90.4956665039062,90.3954925537109,90.3898544311523,90.1315612792969,90.1451568603516,90.285026550293,90.9021224975586,91.2898254394531,91.4728851318359,91.5511627197266,91.0105667114258,90.2721862792969,89.5552291870117,88.9338836669922,88.0741119384766,87.4200134277344,87.1738739013672,87.4954147338867,88.1160659790039,88.3666839599609,88.7053298950195,89.3542709350586,90.4800186157227,92.2930297851562,94.2138900756836,96.1274719238281,101.107383728027,81.4403228759766,80.5253829956055,81.6091003417969,80.2574844360352,79.2373886108398,76.6425933837891,74.0767974853516,72.3561935424805,65.8837432861328,64.1934051513672,93.1300354003906,97.7995071411133,100.396987915039,88.7533798217773,67.0533294677734,61.1637916564941,57.7794952392578,55.1850471496582,52.5872344970703,50.2851295471191,48.497875213623,47.2021255493164,46.952564239502,46.5893898010254,46.3974380493164,47.2902641296387,47.6834602355957,47.6139259338379,48.6434745788574,49.8556137084961,51.4747734069824,51.987735748291
"-142.5",46.7224922180176,45.7695388793945,49.8389625549316,51.5455360412598,62.5202217102051,68.5341567993164,56.7863616943359,49.0820693969727,46.2603874206543,48.0297737121582,48.6626777648926,54.7154083251953,59.0269622802734,63.5135192871094,66.2879028320312,70.2488555908203,77.8778839111328,76.7600326538086,77.579216003418,79.9668960571289,80.2358322143555,81.1045379638672,83.0687408447266,84.0350112915039,86.0617141723633,87.8030700683594,87.990119934082,87.6028747558594,87.2130737304688,87.1994857788086,87.7756652832031,89.6363143920898,91.6550445556641,92.3020095825195,91.6717910766602,90.3137893676758,89.3490295410156,89.698600769043,89.6971435546875,88.9582366943359,88.873405456543,87.9215774536133,86.6137237548828,85.5491638183594,84.8415832519531,84.4471435546875,84.6093292236328,85.0817642211914,85.3883819580078,85.4667739868164,85.3241958618164,85.4637298583984,86.0132751464844,86.7704391479492,87.1750869750977,87.8605880737305,88.6346664428711,89.860725402832,90.2755889892578,90.3397674560547,90.4181213378906,90.5783920288086,90.2783050537109,89.3999557495117,88.1788330078125,86.8256072998047,85.7393188476562,85.0844268798828,85.1205291748047,84.9355545043945,83.3777923583984,81.5115737915039,79.5364761352539,77.9565353393555,76.4894943237305,74.8494033813477,73.2846450805664,71.7963409423828,69.8841171264648,68.208366394043,66.7962036132812,63.9095687866211,60.6908569335938,60.1114120483398,61.457706451416,63.5496101379395,66.6413955688477,70.2524108886719,74.3248291015625,78.1149673461914,80.1190567016602,80.3819885253906,79.783332824707,78.9956665039062,78.1156463623047,77.1947784423828,76.3340759277344,75.2244567871094,73.6203842163086,70.8838577270508,68.3764724731445,66.812614440918,64.5053558349609,61.8828086853027,60.0137748718262,59.090892791748,59.0728569030762,59.8352851867676,59.9510078430176,59.6535224914551,59.1181526184082,59.9659004211426,61.7374076843262,63.2381210327148,64.6711883544922,66.9045639038086,69.8514862060547,72.7893981933594,75.3310165405273,77.945556640625,80.3202896118164,82.049186706543,83.4760437011719,84.848030090332,86.1941452026367,87.1332168579102,88.0183563232422,88.9640655517578,89.764892578125,90.4149627685547,90.9057235717773,91.2287902832031,91.5293045043945,91.7191390991211,91.6176528930664,91.5052642822266,91.198371887207,90.6693420410156,90.2825012207031,90.4354553222656,90.7833709716797,90.9511337280273,91.0369110107422,90.8167419433594,90.2243118286133,89.6863784790039,89.1068344116211,88.6615142822266,88.3798370361328,88.3369293212891,88.7409133911133,89.2683563232422,89.4356307983398,89.6308288574219,90.1415710449219,91.1190490722656,92.7491760253906,94.4796371459961,96.9735717773438,103.180603027344,75.622314453125,78.2226181030273,81.2109680175781,80.482421875,79.6716537475586,78.5199813842773,74.5193176269531,71.7424621582031,64.9367218017578,63.3848609924316,97.9542388916016,98.8617706298828,101.058471679688,87.1027908325195,68.2508392333984,60.8605308532715,57.6726303100586,55.2955093383789,52.6368293762207,50.3416328430176,48.6798286437988,47.3404998779297,46.820255279541,46.3759994506836,46.4142723083496,46.9214935302734,47.3049201965332,47.6045112609863,48.6352310180664,49.7284965515137,51.4766159057617,51.9894332885742
"-141.25",46.7219276428223,45.7606315612793,49.5986022949219,51.8205184936523,63.1533126831055,68.3904647827148,56.8398513793945,49.3976249694824,47.2127075195312,48.5334014892578,49.4503898620605,54.8147888183594,59.7512359619141,63.6645660400391,66.2788162231445,71.4100112915039,79.3523178100586,76.947265625,77.4478302001953,80.0981369018555,80.3739852905273,81.2156982421875,83.0002365112305,84.0405654907227,86.2512283325195,88.1417236328125,88.3245086669922,87.8244705200195,87.4194030761719,87.4141159057617,88.1109313964844,90.315559387207,92.1890640258789,92.5657577514648,92.032585144043,91.0333862304688,90.3928756713867,89.8630752563477,89.3790893554688,88.8411636352539,88.9199981689453,87.8021469116211,86.4386444091797,85.3817672729492,84.8133087158203,84.4750900268555,84.5274810791016,84.8336639404297,85.0267868041992,85.0501403808594,85.3112106323242,86.015266418457,86.7469100952148,87.4438171386719,87.9497985839844,88.6503067016602,89.394157409668,90.5223007202148,90.8491973876953,91.1135635375977,91.3488464355469,91.4950942993164,91.2640838623047,90.5739669799805,89.2975616455078,87.8934555053711,86.6126174926758,85.7317199707031,85.5361557006836,84.9920959472656,83.1039581298828,81.0642776489258,79.2572174072266,77.7530975341797,76.3217849731445,74.5675506591797,72.8234405517578,71.1475677490234,69.5076141357422,68.2793960571289,66.3280944824219,63.1337394714355,60.9554214477539,61.2414245605469,62.8375854492188,65.1059722900391,68.1157302856445,71.1229553222656,74.6864395141602,78.0398406982422,79.8372116088867,79.9421005249023,79.3561630249023,78.5084991455078,77.7137145996094,76.9712829589844,76.5037384033203,75.2162628173828,73.4069900512695,70.8887100219727,68.7211837768555,67.3639602661133,64.9032897949219,62.2990837097168,60.3649063110352,59.130802154541,59.1992073059082,60.0386543273926,60.1845970153809,59.5510749816895,58.3380432128906,58.4492073059082,59.882495880127,61.5923309326172,63.2470321655273,65.9180755615234,69.5989303588867,73.0260696411133,75.8114700317383,78.4507598876953,80.9915313720703,82.9472122192383,84.5309295654297,85.8934020996094,87.099006652832,88.0193939208984,88.9556503295898,90.2302474975586,91.1702651977539,91.8138732910156,92.3625869750977,92.5996627807617,92.7754058837891,92.826530456543,92.8178634643555,92.5359573364258,92.1329803466797,91.651969909668,90.8913192749023,90.5059127807617,90.5101928710938,90.6474914550781,90.7925415039062,90.8076553344727,90.2891464233398,89.6913757324219,89.2176895141602,88.8463363647461,88.6585006713867,89.078254699707,89.630241394043,90.1628875732422,90.456787109375,90.5724945068359,90.8705978393555,91.7956619262695,93.2508926391602,94.7872848510742,98.6765594482422,104.606559753418,75.7642593383789,76.8238143920898,81.6979370117188,80.7223815917969,79.440803527832,78.551139831543,74.8274841308594,70.8138732910156,64.633171081543,65.4739532470703,101.490188598633,99.9557876586914,100.717552185059,87.9094543457031,67.6734313964844,60.7955017089844,57.8417701721191,55.0374717712402,52.6150054931641,50.5825653076172,48.8547477722168,47.3861312866211,46.6645622253418,46.1233215332031,46.0876998901367,46.612621307373,46.9403457641602,47.4740753173828,48.6198654174805,49.5855941772461,51.4798278808594,51.9909591674805
"-140",46.7962455749512,45.6015548706055,49.5483818054199,52.1224555969238,63.3131637573242,67.9693069458008,56.7294654846191,49.9527854919434,47.3576011657715,49.1498832702637,50.8424797058105,55.199333190918,60.7229881286621,64.01220703125,65.9500961303711,72.0482940673828,85.4411544799805,77.3701400756836,77.1652374267578,80.0903091430664,80.6140213012695,81.3533935546875,82.803955078125,84.1957778930664,86.7925033569336,88.4786834716797,88.6019515991211,88.1463394165039,87.6849899291992,87.8457946777344,89.0961303710938,91.6596603393555,93.0172576904297,92.7365493774414,92.1395797729492,91.3053512573242,90.5721740722656,89.8252792358398,89.4862289428711,89.126091003418,89.2086181640625,88.0240097045898,86.5309219360352,85.5001754760742,85.0140762329102,84.6157150268555,84.5572738647461,84.6340637207031,84.5765533447266,84.7104415893555,85.6171493530273,86.6060256958008,87.3206329345703,87.9292144775391,88.5381164550781,89.4571151733398,90.1267547607422,90.8937835693359,91.0979537963867,91.373161315918,91.7971038818359,91.9935760498047,91.8992691040039,91.2477645874023,90.0986938476562,88.8502731323242,87.3669509887695,86.437873840332,86.0056457519531,84.8880233764648,82.7746276855469,80.7276000976562,79.1075744628906,77.6769332885742,76.0719299316406,74.0046844482422,72.125617980957,70.4209136962891,69.1585922241211,67.851203918457,65.4014129638672,62.816291809082,61.6526107788086,62.4356079101562,64.5110321044922,66.6662216186523,69.2323760986328,71.8714447021484,74.782600402832,77.7485809326172,79.4119338989258,79.5407943725586,78.9751052856445,78.2287368774414,77.2493133544922,76.6830749511719,76.5387954711914,75.1461029052734,73.2122116088867,70.7681732177734,68.8505401611328,67.725227355957,65.3847045898438,62.7357902526855,60.7991714477539,59.4763069152832,59.4665908813477,59.9950981140137,60.1813011169434,59.3752708435059,57.9235916137695,57.18994140625,57.966236114502,59.4434394836426,61.6848907470703,64.7861557006836,68.7200088500977,73.0643920898438,76.2933120727539,78.9757461547852,81.4700622558594,83.6239776611328,85.2704238891602,86.5759887695312,87.7626876831055,88.7197418212891,89.7951507568359,91.1228179931641,92.1221466064453,92.9916458129883,93.5782165527344,93.8211975097656,93.8916931152344,93.9143447875977,93.9883346557617,93.5439834594727,93.1698532104492,92.7011795043945,92.1617965698242,91.6674652099609,91.4840087890625,91.5411224365234,91.5482864379883,91.5068511962891,91.003776550293,90.2350921630859,89.6770477294922,89.2796478271484,89.0751266479492,89.2257614135742,90.0528182983398,90.4952087402344,91.064338684082,91.5710525512695,91.7223052978516,92.4675979614258,93.7227783203125,95.1496810913086,102.099052429199,103.839332580566,75.3204879760742,83.463752746582,80.9592132568359,78.9042510986328,78.6921615600586,79.5923767089844,75.5007171630859,69.6447525024414,69.3324203491211,77.8935699462891,100.957542419434,100.812049865723,101.438705444336,88.3346176147461,66.3997573852539,61.4293632507324,57.6083717346191,54.7008514404297,52.8689384460449,50.8129043579102,48.8678588867188,47.2210845947266,46.4816818237305,45.7840805053711,45.7309837341309,46.4060935974121,46.6776237487793,47.2806625366211,48.6051139831543,49.4515113830566,51.4835662841797,51.992317199707
"-138.75",46.336612701416,46.0251770019531,49.3816108703613,52.4981307983398,63.6728820800781,67.5986022949219,56.895378112793,50.7814025878906,47.7493171691895,50.2314109802246,52.4489784240723,55.9545707702637,61.2749633789062,64.4980926513672,65.6438980102539,72.6208648681641,77.7789154052734,76.6734466552734,76.8657684326172,79.8637771606445,80.8439712524414,81.4695205688477,82.7116012573242,84.4610824584961,87.2684173583984,88.792610168457,88.9502029418945,88.5229110717773,88.0932235717773,88.7213821411133,90.9391250610352,93.6473388671875,93.9354782104492,92.8697128295898,92.0152893066406,91.2353591918945,90.374137878418,89.7630386352539,89.7726593017578,89.6395950317383,89.8071594238281,88.4268417358398,86.8415756225586,85.7531204223633,85.2869415283203,84.8629837036133,84.4916229248047,84.2471771240234,84.1856079101562,84.7882919311523,86.0375366210938,87.2040405273438,87.8625640869141,88.4784469604492,89.2065277099609,90.0073089599609,90.5591201782227,91.1397018432617,91.1218795776367,91.3634643554688,92.0177536010742,92.2824554443359,92.3987350463867,91.7042236328125,90.6464233398438,89.5333251953125,88.0330047607422,87.0224838256836,86.1868209838867,84.7209854125977,82.5214996337891,80.6661834716797,79.3355178833008,77.8374557495117,76.0275421142578,73.5424575805664,71.51708984375,69.8367385864258,68.5175170898438,66.9289321899414,64.2899551391602,62.5350952148438,62.3252868652344,63.9446220397949,65.9442825317383,67.9695205688477,70.212776184082,72.433219909668,74.8827438354492,77.4208755493164,79.0953979492188,79.1831817626953,78.6773223876953,77.9253311157227,76.8737640380859,76.3624572753906,76.2930679321289,75.0903472900391,73.0905456542969,70.7239303588867,68.8937072753906,67.8417434692383,65.8642120361328,63.1954536437988,61.3495483398438,60.2222480773926,59.9022598266602,59.965202331543,60.0290679931641,59.2856369018555,57.9041481018066,56.8577537536621,56.8047904968262,58.135612487793,60.4654312133789,63.6986236572266,67.8600311279297,72.3017883300781,76.5233917236328,79.5111999511719,82.0603256225586,84.1923217773438,85.9520492553711,87.1177139282227,88.2216567993164,89.1651611328125,90.3131408691406,91.7423706054688,92.929313659668,93.8866806030273,94.454948425293,94.8355865478516,94.7533493041992,94.6810684204102,94.6345825195312,94.2842330932617,93.8462142944336,93.6356887817383,93.2516403198242,92.8728485107422,92.7004318237305,92.7601699829102,92.772834777832,92.7046356201172,92.2518615722656,91.6701126098633,91.0099792480469,90.6475830078125,90.3380966186523,90.2814102172852,90.4011459350586,90.8541412353516,91.4698257446289,92.266845703125,92.6374282836914,93.1489105224609,94.4445877075195,96.2748794555664,104.156135559082,87.9580459594727,74.8463134765625,84.0539016723633,80.8565139770508,78.5260391235352,77.7815704345703,78.7605438232422,74.7820205688477,72.1246871948242,69.7453460693359,86.858512878418,100.715209960938,101.529914855957,102.315658569336,87.4507598876953,67.8717269897461,61.6395225524902,57.1558113098145,54.6825981140137,52.9459228515625,50.7828330993652,48.6433372497559,47.1380157470703,46.3516044616699,45.7266807556152,45.3523178100586,46.3131103515625,46.5718383789062,47.0903663635254,48.5719909667969,49.371955871582,51.4887847900391,51.9935150146484
"-137.5",46.754451751709,45.4648475646973,49.2042121887207,52.8387222290039,63.7911567687988,68.4198379516602,57.0093460083008,51.2463798522949,48.2205772399902,51.3242378234863,54.4386253356934,57.0991554260254,61.8463134765625,64.9429092407227,65.1855316162109,73.0238723754883,73.7518768310547,76.2778549194336,76.4951477050781,79.3563613891602,80.8248519897461,81.4843521118164,82.5594482421875,84.7870864868164,87.4339447021484,89.2610549926758,89.4153594970703,89.0247802734375,88.6584014892578,90.1007537841797,93.4198379516602,95.6296844482422,94.5702667236328,92.9924621582031,91.8658294677734,91.043212890625,89.9807357788086,89.4785690307617,90.0738296508789,90.3894653320312,90.3472290039062,88.7477493286133,87.011116027832,85.8834228515625,85.3857803344727,84.9224624633789,84.3721389770508,83.9346084594727,84.0885467529297,85.1021347045898,86.4947738647461,87.6717071533203,88.4687347412109,89.0492477416992,89.686897277832,90.3788986206055,90.917610168457,91.6275253295898,91.6655654907227,91.7716064453125,92.2713241577148,92.6401138305664,92.9808120727539,92.4182662963867,91.2910766601562,90.2358551025391,88.4976654052734,87.2922668457031,86.2403564453125,84.6195907592773,82.4870681762695,81.0024108886719,79.8247375488281,78.1465072631836,75.9990310668945,73.3370208740234,71.1060562133789,69.0396423339844,67.0456466674805,65.5293197631836,63.686882019043,62.7241249084473,63.2265548706055,65.1906280517578,67.1321716308594,69.2480850219727,71.0506591796875,72.8488006591797,75.0101547241211,77.2782592773438,78.7931213378906,78.9013748168945,78.3786392211914,77.5378875732422,76.4365005493164,76.0274200439453,75.9434661865234,74.6926498413086,72.7511672973633,70.5476684570312,68.7892303466797,67.7927780151367,66.1340637207031,63.8375778198242,61.6037178039551,60.6166610717773,60.3534660339355,60.0105895996094,59.7845344543457,59.0505332946777,57.8717193603516,56.6282501220703,56.0255012512207,57.1954879760742,59.4583702087402,62.8571166992188,66.805534362793,71.2372055053711,75.8905792236328,79.6726531982422,82.451301574707,84.7620239257812,86.4927520751953,87.6614532470703,88.6069641113281,89.4973526000977,90.6818008422852,92.0587539672852,93.3808288574219,94.3509979248047,94.8614654541016,95.1215286254883,94.9396286010742,94.7303314208984,94.4951095581055,94.1542282104492,93.8438873291016,93.7695770263672,93.7309188842773,93.5673980712891,93.2463684082031,93.1372833251953,93.2096710205078,93.5019454956055,93.5771179199219,93.4057159423828,92.9370880126953,92.5475006103516,92.2641220092773,91.8613586425781,91.5374069213867,91.4864349365234,91.8320159912109,92.656623840332,93.3587036132812,93.9245910644531,95.4721221923828,98.9705123901367,83.70703125,81.7607727050781,83.8360900878906,83.4532165527344,81.1929168701172,78.2148132324219,77.6126708984375,78.0169143676758,74.1055145263672,71.7197952270508,68.8503723144531,92.8673629760742,101.079284667969,102.402877807617,102.17488861084,89.0116348266602,68.7691421508789,61.356876373291,57.3380851745605,54.32275390625,52.4614677429199,50.5553398132324,48.608715057373,47.0770072937012,46.2156372070312,45.7019424438477,45.1384887695312,46.0547409057617,46.5649871826172,46.9852485656738,48.4670524597168,49.3801651000977,51.4961051940918,51.9945602416992
"-136.25",46.4933090209961,45.9059677124023,49.1910781860352,52.958797454834,63.7499656677246,68.0120315551758,57.0877227783203,51.8871383666992,48.7275161743164,52.1040382385254,56.2111854553223,58.7595329284668,62.3408813476562,64.9061584472656,64.660514831543,72.2098388671875,74.2057723999023,77.3018951416016,76.2444076538086,78.9922485351562,80.5619735717773,81.6397247314453,82.7582244873047,84.9316558837891,87.3748397827148,89.2935943603516,89.8448638916016,89.6434478759766,89.3465347290039,91.914794921875,95.9157257080078,96.7946395874023,94.985481262207,93.1123886108398,91.8289642333984,90.7921142578125,89.6682205200195,89.2105712890625,90.4896545410156,91.0660552978516,90.6732864379883,88.8176345825195,87.0965270996094,85.9039001464844,85.2579193115234,84.7655334472656,84.1482315063477,83.6097793579102,84.1400909423828,85.3965759277344,86.8605804443359,88.0712585449219,89.0202865600586,89.6722717285156,90.2919616699219,90.9004287719727,91.4662780761719,92.4613037109375,92.847297668457,92.6902770996094,92.7757034301758,93.0526962280273,93.2612380981445,92.7037887573242,91.7594528198242,90.7093505859375,88.7879257202148,87.5219192504883,86.3456192016602,84.700309753418,82.6930313110352,81.5641326904297,80.1002807617188,78.2692718505859,76.0377960205078,73.1217193603516,70.4494400024414,67.7488861083984,65.5396957397461,64.3702087402344,63.3631706237793,63.088249206543,64.3856811523438,66.4504623413086,68.5012664794922,70.3802337646484,71.8281555175781,73.3410110473633,75.2504730224609,77.2602386474609,78.5912704467773,78.5654373168945,77.9748229980469,77.2048187255859,76.2307052612305,75.6820907592773,75.5141448974609,74.1179504394531,72.2176895141602,70.1770706176758,68.6606292724609,67.6381759643555,66.3340759277344,63.9381332397461,61.667911529541,60.768196105957,60.6633987426758,60.1877746582031,59.7982559204102,58.9250526428223,57.9503326416016,56.2765159606934,55.7064476013184,56.6908264160156,58.9296989440918,62.1829643249512,65.9914779663086,70.1252059936523,74.8321685791016,79.2382049560547,82.690788269043,85.18359375,86.8591079711914,88.0490646362305,88.9512634277344,89.8539276123047,91.1163024902344,92.423469543457,93.6195526123047,94.4653778076172,94.8674697875977,95.0957260131836,95.0341186523438,94.8970108032227,94.8837051391602,94.7376708984375,94.4245529174805,94.2283172607422,94.1938400268555,94.2459030151367,94.0546112060547,93.9399261474609,93.9355850219727,94.1692428588867,94.5942230224609,94.80078125,94.8213348388672,94.4978408813477,94.1175537109375,93.5817947387695,92.8769378662109,92.4580001831055,92.4289474487305,92.9084777832031,93.7855987548828,94.7768020629883,96.9825820922852,94.2387161254883,82.9744338989258,84.6419067382812,84.2500991821289,82.4136505126953,81.2721557617188,79.0826110839844,78.296989440918,77.4239959716797,73.6944198608398,70.4873123168945,67.1266708374023,90.8625869750977,101.780258178711,103.066551208496,102.695777893066,91.6275329589844,68.040153503418,61.9746780395508,57.4379272460938,53.5090255737305,51.959888458252,50.4022750854492,48.4697647094727,46.9181900024414,46.0358810424805,45.5738525390625,45.3405532836914,45.7811241149902,46.5163269042969,47.0256729125977,48.3125076293945,49.3810958862305,51.4910583496094,51.9954528808594
"-135",46.690601348877,45.4543876647949,49.134765625,53.1980247497559,63.5875434875488,67.2631607055664,57.2445487976074,52.5601921081543,49.4183807373047,52.7038154602051,57.600528717041,60.0956802368164,62.8767738342285,64.8744888305664,63.8725204467773,71.9630279541016,76.0474014282227,80.1409912109375,75.7436370849609,77.968505859375,79.9169540405273,82.0691680908203,82.9856185913086,85.0485992431641,87.0424575805664,89.2416763305664,90.3973999023438,90.3412399291992,90.3708572387695,94.0174713134766,97.7035217285156,97.1789245605469,95.2150726318359,93.329475402832,91.9145660400391,90.7368698120117,89.5989685058594,89.0325775146484,90.4356384277344,91.4117431640625,90.7831192016602,88.8330078125,87.0500259399414,85.8003234863281,85.0351715087891,84.5249099731445,83.9013595581055,83.5303802490234,84.2877349853516,85.5980682373047,87.0212173461914,88.2771377563477,89.3164978027344,90.2287445068359,90.8781509399414,91.5688400268555,92.2359237670898,93.3752746582031,93.9972381591797,93.8375854492188,93.4054565429688,93.3655014038086,93.3199310302734,92.9417419433594,92.0625457763672,90.7852935791016,88.8563537597656,87.67041015625,86.5252075195312,84.7604751586914,82.9651870727539,81.6618347167969,80.118537902832,78.1340866088867,75.7818222045898,72.4504470825195,69.4643173217773,66.5180892944336,64.3527603149414,63.4939498901367,63.1550178527832,63.9381446838379,65.7553253173828,67.9700698852539,69.8420562744141,71.1784286499023,72.3074188232422,73.6542053222656,75.4179077148438,77.1310729980469,78.1714553833008,77.9785537719727,77.3796920776367,76.8644790649414,76.1069107055664,75.2892684936523,74.6216278076172,73.4853744506836,71.5812454223633,69.6147232055664,68.2889938354492,67.5783462524414,66.5242462158203,63.9959983825684,61.6104354858398,60.622127532959,60.5891761779785,60.1241188049316,59.6288642883301,58.7286376953125,57.884349822998,56.3897361755371,55.7885665893555,56.5843086242676,58.7274131774902,61.692325592041,65.351692199707,69.2177124023438,73.699348449707,78.0323715209961,82.1591033935547,85.2568359375,87.2342834472656,88.4896545410156,89.2369003295898,90.0473785400391,91.3075408935547,92.7421951293945,93.7997589111328,94.4721603393555,94.8912124633789,95.1710586547852,95.2634582519531,95.1647262573242,95.2042846679688,95.3425064086914,95.3481140136719,95.1528930664062,95.2045745849609,95.2832260131836,95.3467102050781,95.3961410522461,95.4825744628906,95.6591873168945,95.9771957397461,96.2815399169922,96.4045333862305,96.1252822875977,95.6224212646484,95.0173416137695,94.1887130737305,93.3309631347656,92.9598922729492,93.2209625244141,94.1696701049805,96.2772598266602,92.9220123291016,82.2796401977539,82.185905456543,86.2425155639648,84.5005874633789,82.4008865356445,81.6908874511719,79.7378997802734,78.3594589233398,77.6323471069336,71.9850463867188,68.6626052856445,63.145336151123,83.279914855957,102.762321472168,103.613121032715,103.683013916016,92.7609939575195,70.2383804321289,62.625,56.9678688049316,53.2822113037109,51.4877548217773,50.0391426086426,47.99951171875,46.6289596557617,45.8719329833984,45.4511680603027,45.0535659790039,45.5987510681152,46.2507972717285,47.0155563354492,48.165470123291,49.3764572143555,51.5001335144043,51.9962005615234
"-133.75",46.7646751403809,45.3806533813477,48.9974212646484,53.4676322937012,63.4068565368652,65.7507705688477,57.4534034729004,53.3131256103516,50.5972557067871,53.415584564209,58.7902183532715,60.9420356750488,63.0074501037598,64.4644088745117,63.103816986084,71.4860153198242,77.5641479492188,83.0335922241211,75.3975677490234,76.8824310302734,79.0849990844727,81.8972473144531,82.9429702758789,85.0685958862305,86.8141555786133,89.0850982666016,90.5981597900391,90.7192993164062,91.7561874389648,95.6640625,98.2827072143555,97.1754531860352,95.3584747314453,93.6036911010742,92.2117691040039,91.019889831543,90.0102310180664,89.3495712280273,90.3754272460938,91.5054626464844,90.7230834960938,88.7284164428711,86.8761215209961,85.5153961181641,84.7910079956055,84.3353576660156,83.9486999511719,83.8521499633789,84.6255111694336,85.9721221923828,87.3180541992188,88.5191192626953,89.6910171508789,90.7122497558594,91.5117492675781,92.3616256713867,93.2307281494141,94.365348815918,94.7681198120117,94.6394958496094,94.1716384887695,93.6196517944336,93.3015747070312,92.7628784179688,92.0026321411133,90.7430267333984,88.847785949707,87.7341613769531,86.5438613891602,84.8804092407227,83.0827178955078,81.5569534301758,79.7525863647461,77.57861328125,75.1583023071289,71.6030502319336,68.29150390625,65.3607482910156,63.5476341247559,63.2182693481445,63.723274230957,65.3559722900391,67.226318359375,68.9533920288086,70.4824371337891,71.7613220214844,72.8197326660156,73.9789123535156,75.6036758422852,76.8917083740234,77.5812683105469,77.3411560058594,76.6175079345703,76.3139572143555,75.6847381591797,74.8964157104492,74.1561279296875,73.3442916870117,71.6081085205078,69.6875686645508,68.2084426879883,67.7350006103516,66.6703567504883,63.9926071166992,61.4665336608887,59.9742050170898,60.1523895263672,59.8788871765137,59.4673881530762,58.704044342041,57.8922386169434,56.7870216369629,56.3712501525879,56.661979675293,58.4763717651367,61.2647857666016,64.8198394775391,68.5271072387695,72.5040435791016,76.7095718383789,81.0348052978516,84.5864181518555,87.1879577636719,88.7650833129883,89.5606536865234,90.1194305419922,91.256591796875,92.8235015869141,93.7275161743164,94.3846206665039,94.821891784668,95.1891479492188,95.4585189819336,95.340202331543,95.2769470214844,95.4887771606445,95.6338729858398,95.6525726318359,95.8199768066406,96.1804733276367,96.6348495483398,97.0327835083008,97.3160705566406,97.7266311645508,97.9150924682617,98.0439682006836,97.9856109619141,97.5983200073242,97.0218200683594,96.2470321655273,95.4350662231445,94.4605484008789,93.595458984375,93.5445251464844,94.8271102905273,95.2592468261719,90.7847290039062,83.7688217163086,83.9901275634766,87.7878952026367,85.3591461181641,81.9281921386719,81.0958938598633,79.6074905395508,78.9877471923828,77.5456848144531,71.3542556762695,66.1186752319336,64.8856658935547,71.361328125,102.920234680176,104.530723571777,104.153846740723,95.5047607421875,72.9427719116211,62.5174598693848,57.353157043457,53.2532958984375,50.867561340332,49.1945304870605,47.5037727355957,46.455696105957,45.7642707824707,45.3128280639648,44.9316787719727,45.5045547485352,45.8697319030762,46.9888000488281,48.0346031188965,49.378719329834,51.504280090332,51.9967994689941
"-132.5",46.8073348999023,45.443000793457,49.0049133300781,53.3557052612305,63.2296295166016,65.3816528320312,57.7052040100098,53.9085311889648,51.0476951599121,54.1833114624023,59.7923011779785,61.5409469604492,63.4516067504883,63.883617401123,62.0582275390625,71.2255020141602,70.5844650268555,75.2060470581055,75.0782852172852,76.1685104370117,78.5035858154297,81.4060440063477,82.8279266357422,85.0524444580078,86.6688537597656,88.9865798950195,90.6270751953125,91.2393569946289,93.2698059082031,97.0435180664062,98.3212738037109,97.0809783935547,95.5149917602539,94.0899887084961,92.8018112182617,91.9152984619141,91.3752593994141,90.8726959228516,91.1848449707031,91.5927124023438,90.5021896362305,88.5874252319336,86.6251831054688,85.2364959716797,84.5753326416016,84.1913604736328,84.0456771850586,84.3445739746094,85.3587188720703,86.5840454101562,87.8095092773438,88.9577484130859,90.0395431518555,91.1704940795898,92.0466842651367,92.9574279785156,93.8104858398438,94.8805465698242,95.3094863891602,95.2705230712891,94.6975173950195,93.7361297607422,92.9948806762695,92.3099136352539,91.6566619873047,90.5945892333984,88.8549423217773,87.6960983276367,86.4902725219727,84.8431625366211,82.9846420288086,81.1900177001953,79.024772644043,76.7282638549805,74.5256195068359,70.8932647705078,67.4441604614258,64.6400375366211,63.4214859008789,63.9075012207031,65.0203475952148,66.3442840576172,67.6828689575195,69.2478179931641,70.8946914672852,72.1748199462891,73.2506484985352,74.2870941162109,75.5206832885742,76.4623794555664,76.8299560546875,76.5056304931641,75.9224243164062,75.6084899902344,75.1434097290039,74.585563659668,74.1773223876953,73.496452331543,71.9862518310547,70.053092956543,68.528190612793,68.2288131713867,66.89501953125,63.7611961364746,61.111644744873,59.5579833984375,59.1349830627441,59.3937568664551,59.4659004211426,59.0530891418457,58.2328262329102,57.4239654541016,57.1450004577637,57.1083831787109,58.606128692627,61.153938293457,64.3124237060547,67.9561920166016,71.706428527832,75.5986022949219,80.1062240600586,83.7826919555664,86.818229675293,88.781608581543,89.6037063598633,90.1266632080078,90.9345169067383,92.5151062011719,93.5227737426758,93.9692840576172,94.4782257080078,95.0490112304688,95.434684753418,95.4136734008789,95.2930450439453,95.52880859375,95.6501770019531,95.7896347045898,96.0436706542969,96.6034164428711,97.3760223388672,98.2845230102539,99.0394592285156,99.7635803222656,100.222640991211,100.259536743164,99.9754486083984,99.2583923339844,98.3425064086914,97.278678894043,96.6252975463867,95.7907333374023,94.6897201538086,94.7776412963867,96.6132659912109,80.9691009521484,83.1201095581055,81.1592407226562,86.6874694824219,86.8956680297852,85.712532043457,80.6069107055664,79.8904495239258,79.9792175292969,79.0431365966797,77.0682525634766,66.3342514038086,63.7464370727539,63.8508071899414,75.8762741088867,105.129402160645,105.341445922852,104.898719787598,99.7367248535156,73.4066390991211,63.4144020080566,57.9343948364258,53.0258293151855,50.1326065063477,48.6348648071289,47.185676574707,46.2580642700195,45.6804885864258,45.2708969116211,44.8775367736816,45.5406799316406,45.6126480102539,47.0191993713379,48.0439567565918,49.3802528381348,51.5128135681152,51.9972610473633
"-131.25",46.3885078430176,45.4186515808105,48.9824256896973,53.4466781616211,63.1423568725586,65.0255661010742,57.9955978393555,54.5099906921387,51.890796661377,54.8518486022949,60.2377700805664,61.9344329833984,63.9073257446289,63.156307220459,60.8440322875977,70.7503890991211,70.6962051391602,75.9317321777344,74.8469619750977,75.524040222168,78.0073623657227,80.9060211181641,82.6660690307617,84.7504272460938,86.6186828613281,89.0753631591797,90.7394409179688,91.8073196411133,94.7612075805664,98.0666961669922,98.2213516235352,96.9328460693359,95.7861328125,94.8095474243164,93.5597610473633,92.9789276123047,93.3136596679688,93.1054229736328,92.6026306152344,91.7992858886719,90.4358749389648,88.3942565917969,86.3847885131836,85.008903503418,84.3909454345703,84.0621490478516,84.2525177001953,85.0570831298828,86.3119583129883,87.5791397094727,88.7570648193359,89.7326812744141,90.7662734985352,91.8135986328125,92.6438598632812,93.4176788330078,94.2712554931641,95.2728500366211,95.5772171020508,95.5445709228516,94.9632034301758,93.836311340332,92.598991394043,91.8539733886719,91.3508377075195,90.3906936645508,88.7227249145508,87.4718780517578,86.1445617675781,84.5239486694336,82.6060180664062,80.7721328735352,78.385139465332,75.9307403564453,73.6287994384766,70.1445846557617,67.0112533569336,64.5742034912109,63.7832565307617,64.5795440673828,65.6239929199219,66.5357818603516,67.7789764404297,69.2181015014648,70.9749450683594,72.4445571899414,73.632568359375,74.484748840332,75.2648315429688,75.9210510253906,76.1333084106445,75.7985534667969,75.2087020874023,74.8647384643555,74.3350982666016,74.0398254394531,74.3451232910156,73.7252960205078,72.0859298706055,70.0884246826172,68.7483520507812,68.7742385864258,67.1723785400391,63.3400344848633,60.4867553710938,58.895191192627,58.3759078979492,58.9563789367676,59.541618347168,59.6373138427734,58.8186721801758,58.2351455688477,57.9127807617188,58.0986137390137,59.3110427856445,61.3105278015137,64.1345367431641,67.6106796264648,71.0540313720703,74.8310623168945,79.2217712402344,83.1943435668945,86.5431289672852,88.8102798461914,89.8628997802734,90.349479675293,90.7393112182617,91.7183532714844,92.8216323852539,93.3288269042969,93.8303604125977,94.5405654907227,95.1815948486328,95.4417572021484,95.4340744018555,95.4612808227539,95.6649169921875,95.9026107788086,96.440673828125,97.1162109375,98.0586090087891,99.3664398193359,100.488693237305,101.582618713379,102.294326782227,102.455192565918,101.950622558594,100.902801513672,99.5345153808594,98.1940536499023,97.1148223876953,96.0978393554688,96.6340179443359,98.2437362670898,91.9513549804688,83.8359375,83.7664184570312,87.0909652709961,86.9889602661133,86.4648208618164,86.0561218261719,81.6258316040039,78.6513442993164,76.295539855957,78.8528366088867,76.3353271484375,66.2965774536133,64.2920074462891,63.4760208129883,69.2078018188477,102.764389038086,105.9794921875,105.974662780762,101.092788696289,77.5711669921875,64.538703918457,57.9503021240234,53.2682266235352,49.9335784912109,48.1510848999023,46.7870788574219,46.0101356506348,45.5627899169922,45.2122573852539,44.9311637878418,45.5508270263672,45.5825119018555,46.8754806518555,48.0755424499512,49.3869476318359,51.5228652954102,51.9975814819336
"-130",46.3620872497559,45.3292999267578,48.916431427002,53.3194351196289,62.8433494567871,64.7436599731445,58.1664619445801,56.035041809082,52.6247024536133,55.7364883422852,60.7443428039551,61.9800071716309,64.1926879882812,62.7041244506836,59.8755149841309,70.4365158081055,70.3800582885742,78.0666885375977,75.7003479003906,74.7888107299805,77.4230575561523,80.4419860839844,82.3740158081055,84.4631195068359,86.7037048339844,89.2268218994141,90.9557952880859,92.3853912353516,96.1259460449219,98.8747024536133,98.1297836303711,96.9246139526367,96.2692337036133,95.7220153808594,94.4967193603516,93.9618606567383,94.7974395751953,94.7286758422852,93.6397933959961,92.0708618164062,90.2839889526367,88.2380752563477,86.154899597168,84.8036270141602,84.2022552490234,84.0655517578125,84.6076507568359,85.7208938598633,87.0995864868164,88.5434341430664,89.6515731811523,90.6806259155273,91.6376647949219,92.5096969604492,93.2843551635742,94.0058517456055,94.7603302001953,95.5622177124023,95.8401336669922,95.7171096801758,95.017707824707,93.8513336181641,92.340217590332,91.5689544677734,91.1436920166016,90.0615997314453,88.5016403198242,87.2509155273438,85.8980484008789,84.1640396118164,82.1252670288086,79.9452133178711,77.4264602661133,75.0890960693359,72.6144561767578,69.4357070922852,66.7670364379883,64.8109359741211,64.1894836425781,64.7901306152344,65.9404678344727,66.8102111816406,68.0228118896484,69.4884262084961,71.2604675292969,72.8173904418945,73.8674621582031,74.4721298217773,75.0537796020508,75.493896484375,75.5367736816406,75.1407852172852,74.6579132080078,74.0665283203125,73.5843048095703,73.5005264282227,74.0988998413086,73.747428894043,72.0392761230469,69.9950942993164,68.6532745361328,68.8548736572266,67.2614593505859,63.4854316711426,60.2009887695312,58.4463310241699,58.0163230895996,58.3533363342285,59.2138862609863,59.7412185668945,59.1981811523438,58.6657180786133,58.4355888366699,59.015453338623,59.8995246887207,61.5207290649414,64.1103744506836,67.4709396362305,70.6103668212891,74.1890182495117,78.548698425293,82.7100372314453,86.3686752319336,88.8102035522461,90.1305313110352,90.7849426269531,90.9674377441406,91.3680725097656,92.0142288208008,92.4019393920898,92.7244567871094,93.6579055786133,94.5661773681641,95.1700592041016,95.5000534057617,95.4632949829102,95.6032943725586,96.0903167724609,96.9634170532227,97.676399230957,98.507682800293,99.7638778686523,101.268455505371,102.607940673828,103.53133392334,103.87523651123,103.462791442871,102.180320739746,100.551643371582,98.9325485229492,97.6585693359375,96.8914489746094,95.5087890625,84.5614700317383,86.3559875488281,85.7933044433594,85.7286834716797,88.0103073120117,88.0351181030273,87.4147796630859,84.9862747192383,79.601188659668,76.3921203613281,75.3287506103516,79.2058181762695,75.4921112060547,66.3518905639648,64.3329162597656,64.461051940918,68.9629440307617,105.154396057129,106.724281311035,106.802124023438,103.221046447754,82.30859375,64.6753234863281,58.5380554199219,53.9629287719727,49.9478988647461,47.6578712463379,46.3316802978516,45.8115692138672,45.4878845214844,45.1441802978516,45.1939277648926,45.4819946289062,45.5826034545898,46.6062927246094,48.0835037231445,49.3981094360352,51.5351982116699,51.9977645874023
"-128.75",46.7891654968262,45.3352432250977,48.9056434631348,53.2782287597656,62.5508041381836,64.3529891967773,58.1443481445312,55.2234535217285,53.7848091125488,56.1238021850586,61.4880409240723,61.5118942260742,64.3378982543945,62.4561424255371,59.3190231323242,70.194091796875,70.4387588500977,82.9612426757812,79.2979049682617,74.1170806884766,76.8746719360352,79.9780654907227,82.0406799316406,84.3104248046875,86.8007354736328,89.3256225585938,91.1394577026367,93.0466690063477,97.4306716918945,99.671760559082,98.300163269043,97.1146926879883,96.9638595581055,96.8311004638672,95.7069854736328,95.1555023193359,95.7266998291016,95.2313919067383,93.8656387329102,91.8966674804688,90.1024475097656,88.0525588989258,85.9303970336914,84.6424407958984,84.2085418701172,84.1915817260742,85.0121307373047,86.3481140136719,87.8598861694336,89.3199462890625,90.4956588745117,91.4916076660156,92.3954391479492,93.1006851196289,93.6926422119141,94.3643569946289,95.1768417358398,95.8632659912109,96.1053009033203,95.9580078125,95.1948165893555,93.9384994506836,92.2398223876953,91.3604278564453,90.7588729858398,89.6589431762695,88.2584686279297,86.9591598510742,85.4821090698242,83.4159851074219,81.0698318481445,78.8729705810547,76.5496063232422,74.1894989013672,71.6748046875,69.106559753418,66.8457641601562,65.0445098876953,64.4258575439453,65.3027267456055,66.7497940063477,67.8126220703125,68.9728469848633,70.2598266601562,71.8393402099609,73.0281753540039,73.802619934082,74.3038101196289,74.8611373901367,75.2681274414062,75.1284408569336,74.6139678955078,74.1441802978516,73.3953857421875,72.9069061279297,72.735954284668,73.3513412475586,73.1407852172852,71.4863510131836,69.4883346557617,68.2876663208008,68.0942306518555,66.9888381958008,63.7320404052734,60.3648223876953,58.5016899108887,58.0074996948242,57.9184036254883,58.4683151245117,59.1845893859863,59.4165229797363,59.0653457641602,58.9102172851562,59.4987144470215,60.6681442260742,61.9985580444336,64.2334671020508,67.243537902832,70.1463088989258,73.2378311157227,77.6041946411133,81.8712997436523,86.3822021484375,88.8924713134766,90.0729598999023,90.9717178344727,91.2017822265625,91.1626052856445,91.6098785400391,91.8276214599609,92.1719284057617,92.5974273681641,93.7265472412109,94.7383346557617,95.2035598754883,95.4664688110352,95.3073959350586,95.7839813232422,96.7035598754883,97.5444488525391,98.2470703125,99.3740997314453,101.025016784668,102.62321472168,103.821105957031,104.214576721191,104.087760925293,103.223106384277,102.245048522949,101.457885742188,102.587524414062,100.313041687012,88.4561157226562,87.2631607055664,88.6179351806641,88.6150360107422,87.7939987182617,88.3062591552734,88.8276977539062,86.3751220703125,85.2573623657227,77.2820739746094,76.3895568847656,76.0705108642578,78.72265625,73.715705871582,65.6762084960938,64.5333404541016,64.9067153930664,70.2629241943359,103.908843994141,107.314224243164,108.002586364746,105.287857055664,84.7477188110352,66.3653335571289,59.2779769897461,54.161190032959,49.9125633239746,47.4192352294922,46.1899490356445,45.6707878112793,45.4288597106934,45.1206855773926,44.8556632995605,45.4625778198242,45.5672569274902,46.3921813964844,48.0970191955566,49.413761138916,51.5457801818848,51.9978065490723
"-127.5",46.7997970581055,45.3475761413574,48.8679542541504,53.2000045776367,62.1555824279785,64.0610885620117,58.1597557067871,55.4954528808594,54.4814491271973,56.0389404296875,61.5420608520508,61.2345314025879,63.902027130127,62.1976699829102,58.5295791625977,70.1196441650391,70.6425018310547,74.3295516967773,83.1020736694336,73.6579132080078,76.4421157836914,79.6772766113281,81.910041809082,84.3630752563477,86.8634414672852,89.3578414916992,91.2623443603516,93.6847686767578,98.6172256469727,100.491470336914,98.829460144043,97.6226654052734,97.7417221069336,97.7699890136719,96.8927917480469,96.2602081298828,96.1054534912109,94.9120178222656,93.2353439331055,91.5100631713867,89.8126831054688,87.8081665039062,85.7963790893555,84.7224578857422,84.4062194824219,84.5357971191406,85.5879211425781,87.0196228027344,88.582389831543,89.9511413574219,91.2187881469727,92.2056350708008,93.0033798217773,93.5002975463867,93.9947204589844,94.570426940918,95.2869110107422,95.9205093383789,96.2446975708008,96.0689926147461,95.1425170898438,93.7173538208008,92.0539779663086,90.9855804443359,90.0836639404297,88.9919204711914,87.8406677246094,86.4736404418945,84.8526992797852,82.478630065918,80.0342025756836,77.9782943725586,75.7444610595703,73.478889465332,71.1443405151367,68.9884643554688,66.7729568481445,65.1368942260742,64.8651275634766,66.4679183959961,68.0053863525391,69.0768508911133,70.0391845703125,71.2546615600586,72.3212585449219,73.0402908325195,73.6450424194336,74.1046981811523,74.7325134277344,75.1586227416992,74.9740524291992,74.4004669189453,73.7216110229492,73.0004806518555,72.2490386962891,72.0788192749023,72.3089447021484,71.9243545532227,70.4295883178711,68.5193786621094,67.54150390625,66.9587707519531,66.6265258789062,63.6378326416016,60.4981155395508,58.463451385498,57.9710464477539,57.5172653198242,57.5453186035156,58.7662048339844,59.9388198852539,59.8659706115723,59.6131973266602,60.0147361755371,61.1238441467285,62.6721496582031,64.5236968994141,67.0801849365234,69.7442855834961,72.4327011108398,76.2816314697266,80.9023513793945,85.2762145996094,89.1251068115234,90.3688583374023,90.8060684204102,91.2293548583984,91.1559753417969,91.2014312744141,91.2402038574219,91.6649703979492,92.0322875976562,92.8951034545898,93.8821334838867,94.3192367553711,94.5158920288086,94.4023361206055,94.7566604614258,95.9100799560547,96.5956344604492,97.1980667114258,98.3375778198242,100.169189453125,102.165916442871,103.71459197998,104.330612182617,104.390350341797,104.587593078613,106.764556884766,93.34912109375,91.0621719360352,91.3827362060547,88.2912902832031,88.9550476074219,88.5794296264648,89.1742630004883,89.3441619873047,86.2940979003906,85.6755828857422,84.0380706787109,84.6487426757812,77.3739929199219,77.0539398193359,78.4926147460938,78.3528137207031,69.7798614501953,61.6162071228027,66.2675933837891,65.5386734008789,67.1983032226562,85.13671875,107.85905456543,109.646957397461,105.52490234375,89.3879165649414,68.5717391967773,59.5900573730469,53.9730987548828,50.3643493652344,47.4784278869629,46.1665573120117,45.5334663391113,45.3294143676758,45.128044128418,44.8001976013184,45.4512825012207,45.5299797058105,46.4341697692871,48.1146125793457,49.4324645996094,51.561336517334,51.9977111816406
"-126.25",46.8002853393555,45.4857177734375,48.7302856445312,52.9933204650879,61.7974319458008,63.7903785705566,58.2835426330566,56.0318717956543,55.3414497375488,56.3229713439941,61.6287307739258,60.9073333740234,63.0306129455566,61.2509956359863,58.1342620849609,70.0891876220703,70.7138900756836,66.6877288818359,74.9663009643555,73.4648971557617,76.1592102050781,79.4390640258789,81.7977981567383,84.4485244750977,86.9182357788086,89.5280990600586,91.4642715454102,94.2989883422852,99.605712890625,101.233917236328,99.6025009155273,98.3879776000977,98.3843765258789,98.3272247314453,97.6194610595703,96.8172302246094,95.7571411132812,94.0151824951172,92.4018173217773,90.9445419311523,89.3821716308594,87.5916519165039,85.8223724365234,84.8733825683594,84.7306747436523,85.0374526977539,86.2460098266602,87.6775665283203,89.2134780883789,90.611442565918,91.8461837768555,92.9741058349609,93.6555252075195,94.0270309448242,94.3550567626953,94.7231292724609,95.2007217407227,95.7501220703125,96.0990447998047,95.8870086669922,94.908447265625,93.4171142578125,91.7936401367188,90.5092315673828,89.3582916259766,88.5303344726562,87.4349899291992,85.692024230957,83.7938766479492,81.201301574707,79.0053405761719,77.0930633544922,75.1446838378906,73.269401550293,71.4040756225586,69.2172241210938,66.9366073608398,65.7691497802734,66.3205413818359,68.3038177490234,69.5832214355469,70.5152206420898,71.2021636962891,71.9799652099609,72.6354141235352,73.0712738037109,73.6644592285156,74.1222915649414,74.6641616821289,75.0370788574219,74.9176940917969,74.2030487060547,73.2992401123047,72.6547088623047,71.9641723632812,71.7498168945312,71.5409698486328,70.8286514282227,69.2991027832031,67.418083190918,66.3394165039062,65.9408721923828,66.1063003540039,63.313117980957,60.3755226135254,58.1464042663574,57.4138259887695,57.1130027770996,57.0387306213379,58.1396102905273,59.7112236022949,60.3722686767578,60.359992980957,60.9217224121094,61.8848876953125,63.238452911377,64.890983581543,67.0289535522461,69.4601821899414,71.8776702880859,75.0928344726562,79.667839050293,84.0532608032227,88.3639144897461,90.8048782348633,90.9943923950195,90.5839385986328,90.4450225830078,90.4844741821289,90.6324615478516,90.7956008911133,91.1026306152344,91.6702728271484,92.2390594482422,92.7621459960938,92.8573913574219,92.8737030029297,93.2448577880859,94.4230880737305,95.3058319091797,95.5721817016602,96.2970123291016,98.1306381225586,100.632133483887,102.873565673828,104.073066711426,105.06396484375,106.661079406738,106.871658325195,91.4132080078125,91.5805130004883,91.9957962036133,90.7215423583984,88.8390121459961,88.9743041992188,89.1298904418945,89.8131484985352,87.1628875732422,85.5117568969727,83.5627746582031,83.8774337768555,81.0492172241211,77.4390487670898,78.2162551879883,77.2865524291992,65.6919631958008,61.8662147521973,66.1052474975586,66.0979919433594,70.1773834228516,105.860214233398,108.848182678223,111.175956726074,106.777191162109,93.7590255737305,69.7863540649414,61.5475845336914,53.7541542053223,50.7262001037598,47.574764251709,46.0615386962891,45.3841552734375,45.2096214294434,45.1034660339355,44.7594337463379,45.489372253418,45.3860054016113,46.4095153808594,48.1371459960938,49.4513397216797,50.8474769592285,51.8875007629395
"-125",46.8338661193848,45.6971817016602,48.6828269958496,53.0342597961426,61.4310874938965,63.6091804504395,57.9838905334473,56.2925033569336,56.272575378418,56.9920654296875,61.9802589416504,60.8993873596191,62.1778602600098,60.3563041687012,58.3549003601074,70.0833206176758,71.0262298583984,67.0942230224609,70.9858932495117,72.6260528564453,75.5727996826172,79.2007064819336,81.6208190917969,84.6254272460938,87.1516876220703,89.8374481201172,91.8217391967773,95.0461349487305,100.311943054199,101.656578063965,100.314994812012,98.9772033691406,98.6315231323242,98.3443832397461,97.6138229370117,96.5478210449219,94.9147415161133,93.1742858886719,91.6866836547852,90.3982620239258,89.0554885864258,87.5650177001953,85.9285202026367,85.1229019165039,85.118537902832,85.6862182617188,86.9010238647461,88.3417510986328,89.9518661499023,91.3952026367188,92.5818710327148,93.5679092407227,94.0604095458984,94.4174270629883,94.6135635375977,94.7771530151367,94.9585342407227,95.5128021240234,95.8227996826172,95.5897903442383,94.4702072143555,93.139030456543,91.5796813964844,90.1572494506836,88.892822265625,87.9272232055664,86.7118682861328,85.0234298706055,82.664680480957,80.3013076782227,78.335319519043,76.7265777587891,75.2830123901367,73.8236923217773,72.02587890625,69.7138137817383,67.64453125,67.3910522460938,68.5848541259766,70.1582565307617,70.9485549926758,71.5457382202148,71.9104232788086,72.3100357055664,72.7240295410156,73.2625045776367,73.8610229492188,74.2781982421875,74.6261291503906,74.9075698852539,74.6626586914062,73.9641571044922,72.9232635498047,72.3774719238281,71.9607849121094,71.673225402832,71.3210830688477,70.5896759033203,69.218147277832,66.9832458496094,65.0284576416016,64.9537734985352,65.4094390869141,62.7947311401367,59.999942779541,57.8615341186523,57.0238876342773,56.9340705871582,56.8116340637207,57.5961570739746,59.2711753845215,60.631721496582,60.9785461425781,62.0208549499512,63.1467971801758,64.1620483398438,65.1238784790039,66.632438659668,68.8280944824219,71.0952758789062,73.6100082397461,77.6372299194336,82.3661880493164,86.5039825439453,90.4996795654297,91.7112731933594,91.0258865356445,90.3294372558594,89.9192504882812,90.0263061523438,90.3193893432617,90.3309936523438,90.3596115112305,90.7202911376953,91.5007553100586,92.3606109619141,93.201774597168,93.8555679321289,94.4928588867188,95.027946472168,95.6572265625,95.9515838623047,96.4479904174805,99.3081359863281,102.4326171875,105.066360473633,106.729293823242,107.840866088867,94.7981567382812,91.4814758300781,93.2798309326172,94.8222732543945,89.6335601806641,88.6436462402344,89.2470626831055,89.2925415039062,89.4103546142578,86.3529815673828,85.2119979858398,83.3450622558594,82.4065170288086,78.9782867431641,77.2503814697266,77.0173034667969,73.9681701660156,65.7064590454102,63.0865097045898,66.1403121948242,65.8879470825195,72.6293792724609,106.03328704834,109.16145324707,96.8834228515625,85.3483657836914,88.8917083740234,72.6006546020508,66.7097778320312,52.8436508178711,50.5967636108398,47.8942718505859,45.9983940124512,45.2904090881348,45.2136421203613,45.0820655822754,44.9146308898926,45.5019760131836,45.2405319213867,46.3844795227051,48.1649398803711,49.1876678466797,50.2550926208496,51.3572158813477
"-123.75",46.5695495605469,45.6592216491699,48.661434173584,52.6299285888672,61.1926345825195,63.5278244018555,58.0383949279785,56.6931419372559,57.1866874694824,57.2646484375,61.4797744750977,60.4084091186523,61.5976905822754,59.8317756652832,58.3178443908691,70.1494369506836,71.2003402709961,68.2868499755859,71.4843368530273,72.45556640625,75.4826583862305,79.4107971191406,81.5372161865234,85.0714797973633,87.5298309326172,90.1552810668945,92.0406188964844,95.7429351806641,100.706420898438,101.846893310547,100.795234680176,99.3681335449219,98.5620574951172,97.8979110717773,97.0013122558594,95.7793731689453,94.083869934082,92.4172515869141,91.128791809082,89.9112243652344,88.8365325927734,87.5925445556641,86.0803833007812,85.3664245605469,85.5783767700195,86.3404312133789,87.6186981201172,89.1403656005859,90.6510696411133,91.9556579589844,93.0617218017578,93.8199234008789,94.2837219238281,94.5545654296875,94.5932388305664,94.6740036010742,94.8318862915039,95.3753814697266,95.5574111938477,95.1658172607422,94.1014862060547,93.0117797851562,91.5796051025391,89.9971694946289,88.4335327148438,87.2217483520508,85.7246551513672,84.0385971069336,81.7394104003906,79.7785110473633,78.1954498291016,76.8096084594727,75.8599166870117,74.438850402832,72.6803283691406,70.5330505371094,69.2458801269531,69.3955001831055,70.2529296875,71.2507858276367,71.703498840332,72.0316925048828,72.2949295043945,72.603515625,72.9518356323242,73.5107650756836,74.0127258300781,74.3533325195312,74.4654693603516,74.4224014282227,74.0180740356445,73.4759292602539,72.4752883911133,71.7817153930664,71.5371322631836,71.6327896118164,71.4200134277344,70.9687347412109,69.824089050293,67.258171081543,64.3063278198242,63.583137512207,64.2416229248047,62.0273170471191,59.6083679199219,57.6664543151855,56.8428802490234,56.8068084716797,56.6195373535156,56.8927154541016,57.8168144226074,59.9321098327637,61.4064025878906,62.7681884765625,63.9299163818359,64.933219909668,65.7031173706055,66.5087509155273,68.1736755371094,69.8590316772461,72.1447525024414,75.8794937133789,80.3641510009766,84.8864364624023,89.0376358032227,91.5210876464844,91.2438278198242,90.7640991210938,90.1625213623047,90.0864334106445,89.7115020751953,89.0755767822266,88.8265609741211,90.0102615356445,91.4248580932617,93.2131271362305,92.3716278076172,92.337532043457,91.9827880859375,92.0590667724609,93.6599884033203,95.0665054321289,94.5146713256836,96.3829727172852,100.868057250977,104.911575317383,93.2018203735352,96.9430465698242,91.5845336914062,94.0773010253906,92.1693878173828,90.3396530151367,88.4347229003906,88.4408950805664,88.932746887207,88.8747863769531,88.5461273193359,84.8801727294922,83.6508636474609,81.275146484375,79.1122970581055,77.717887878418,77.3673782348633,76.5224227905273,73.1324615478516,65.8621292114258,63.4451446533203,62.5212287902832,62.8043785095215,66.5563583374023,103.139198303223,97.033317565918,68.181037902832,57.4403076171875,65.7012100219727,65.7815246582031,68.1889495849609,53.7321128845215,50.5566749572754,48.4897422790527,46.1765251159668,45.1491661071777,45.1245536804199,45.1241683959961,44.8527030944824,45.4143447875977,45.2621078491211,46.3527183532715,48.1069946289062,49.0028190612793,50.2734680175781,51.2147560119629
"-122.5",46.7207641601562,45.7026672363281,48.7301025390625,52.6181221008301,60.787109375,63.4968872070312,58.2818450927734,57.2422637939453,58.166259765625,57.9744071960449,60.8379554748535,60.1420021057129,60.5692710876465,59.0990829467773,58.950611114502,69.6513137817383,71.2998580932617,69.2723922729492,72.5886917114258,72.3525848388672,75.886100769043,79.8676147460938,81.6654434204102,85.2982635498047,87.7837753295898,90.2949905395508,92.3914413452148,96.2312850952148,100.92919921875,101.865196228027,101.045112609863,99.6630935668945,98.4459762573242,97.363639831543,96.3543090820312,95.1808547973633,93.5153884887695,91.9270706176758,90.6695709228516,89.5845260620117,88.8534774780273,87.7698211669922,86.4724502563477,85.7596282958984,86.0704193115234,86.9433059692383,88.1999740600586,89.7070770263672,91.2080459594727,92.4425048828125,93.3728256225586,94.0437850952148,94.4346237182617,94.6106643676758,94.3818969726562,94.3199844360352,94.5965957641602,95.0271835327148,95.0396575927734,94.7840194702148,94.1010513305664,93.2608489990234,91.8546676635742,90.1380004882812,88.2983169555664,86.7113800048828,85.0864639282227,83.2181777954102,81.2543869018555,79.6017303466797,78.1834335327148,77.2110290527344,76.4204635620117,75.0876159667969,73.3429641723633,71.371711730957,70.5591888427734,70.8807525634766,71.4812393188477,72.1739959716797,72.4737777709961,72.5400390625,72.7931289672852,72.9714584350586,73.2977294921875,73.7724227905273,74.2397003173828,74.4315567016602,74.2712173461914,73.8612442016602,73.2608413696289,72.8496704101562,72.1068649291992,71.1811981201172,70.900016784668,71.0736389160156,71.4768524169922,71.3997192382812,70.1716384887695,67.2764358520508,64.1033172607422,62.9636192321777,63.1167411804199,60.9365768432617,59.0401420593262,57.5951347351074,56.6529197692871,56.7203788757324,56.6979141235352,56.8444862365723,57.1438407897949,58.801872253418,61.1011352539062,63.1041984558105,64.4967346191406,65.3531799316406,66.0418319702148,66.5941390991211,67.8219985961914,69.4897613525391,71.2681121826172,74.5129089355469,79.0467071533203,83.2004013061523,87.3322601318359,90.4115142822266,91.2848892211914,90.9560852050781,90.4010925292969,89.9518585205078,89.5264739990234,89.1669845581055,89.2691040039062,90.4673919677734,92.9331665039062,91.6405334472656,91.0309982299805,91.8570098876953,102.832588195801,98.8961791992188,100.829872131348,96.0651473999023,90.8274078369141,90.4913864135742,90.3770370483398,87.5759429931641,89.4803619384766,91.56103515625,96.0734481811523,93.7054061889648,92.0128707885742,90.127815246582,88.9341354370117,88.6229858398438,87.9541625976562,86.6933059692383,85.4296951293945,84.2415618896484,83.3928756713867,79.9890670776367,77.3475570678711,76.8367156982422,76.7109298706055,74.2186431884766,71.78466796875,69.7450103759766,63.6699905395508,61.2655067443848,61.9421157836914,69.368408203125,110.071563720703,96.5438995361328,60.4369583129883,55.9093894958496,52.8155097961426,65.2854766845703,60.4523124694824,53.0817832946777,50.1067695617676,48.7921867370605,46.3754844665527,45.0010032653809,44.9151000976562,45.0173988342285,44.7664260864258,45.1497116088867,45.2541427612305,46.318473815918,47.8588409423828,49.0527572631836,50.291130065918,51.1500511169434
"-121.25",46.3735809326172,45.7941398620605,48.7105979919434,52.0413017272949,60.4415626525879,63.442268371582,58.585880279541,57.9132041931152,58.9721946716309,58.6575050354004,60.2926635742188,59.910572052002,59.605884552002,58.2962913513184,58.653392791748,69.1721343994141,71.7423477172852,70.1027069091797,74.0150604248047,72.4813461303711,76.1233596801758,80.1137008666992,81.9142913818359,85.4993286132812,88.1006164550781,90.5354690551758,92.700798034668,96.8556823730469,101.223533630371,101.840713500977,101.101234436035,99.8524856567383,98.4872207641602,97.1761474609375,96.057861328125,94.7865447998047,93.1743927001953,91.5913772583008,90.3254852294922,89.4869232177734,88.9290771484375,88.0185241699219,86.866325378418,86.2377853393555,86.6139221191406,87.4759902954102,88.6451034545898,90.0882186889648,91.6624526977539,92.8707504272461,93.6972961425781,94.1604995727539,94.2968444824219,94.265380859375,93.9461059570312,93.835075378418,94.000732421875,94.3851623535156,94.508056640625,94.6095657348633,94.2455215454102,93.4584350585938,92.2480926513672,90.3681411743164,88.4972763061523,86.471923828125,84.8381652832031,83.0950393676758,81.3043899536133,79.9062423706055,78.649658203125,77.8038101196289,77.1074523925781,75.9093246459961,73.959114074707,71.9434204101562,71.3490371704102,71.9258651733398,72.7161026000977,73.2038421630859,73.1990432739258,73.0194320678711,73.1157302856445,73.3162689208984,73.6798782348633,74.12548828125,74.5052337646484,74.4966735839844,74.0619964599609,73.2959365844727,72.5004806518555,71.9655685424805,71.4042205810547,70.4089660644531,69.680549621582,69.8071365356445,70.7859878540039,71.3015899658203,70.3407821655273,67.4379959106445,64.1991577148438,63.0407524108887,62.1149559020996,59.8034210205078,58.1132202148438,57.0702857971191,56.4156875610352,56.6566925048828,56.9560356140137,57.1371536254883,57.2963600158691,58.5932083129883,61.0737609863281,63.4301872253418,64.920783996582,65.7584686279297,66.5251312255859,67.2042846679688,68.5884399414062,70.1801681518555,71.7717514038086,74.1512908935547,77.6897964477539,82.0859451293945,85.7650985717773,88.9082183837891,90.7379302978516,90.8182601928711,90.1210098266602,89.470085144043,89.2112121582031,89.5494918823242,90.5039443969727,91.4530868530273,93.0252914428711,95.6375885009766,96.9241027832031,102.151405334473,98.3148040771484,99.9762725830078,104.739585876465,103.003898620605,97.8088912963867,92.4307861328125,93.0198745727539,89.7698287963867,91.1537551879883,91.1843490600586,91.4805603027344,90.7142639160156,92.0149459838867,92.4378814697266,91.2987518310547,90.1984558105469,86.9970779418945,85.2181930541992,85.2456588745117,84.2340698242188,83.0363311767578,79.8741226196289,77.4464111328125,75.0742416381836,75.5005874633789,72.7024688720703,71.9621124267578,69.9251556396484,67.959831237793,60.6495246887207,60.8386993408203,83.9284210205078,110.46800994873,103.878257751465,59.5835838317871,54.5251197814941,51.2538833618164,63.4959831237793,61.4087905883789,49.2163391113281,49.2691307067871,48.8115425109863,46.4867401123047,45.0018539428711,44.7431182861328,44.8321189880371,44.7438125610352,44.982982635498,45.2428436279297,46.2461585998535,47.8240737915039,49.0958862304688,50.3127937316895,51.1380348205566
"-120",46.3797874450684,45.8000946044922,48.7230110168457,51.9696426391602,60.0657958984375,63.3269920349121,58.6975059509277,58.8683586120605,59.4469375610352,59.7903442382812,60.094051361084,59.6920204162598,58.8464202880859,57.5546188354492,59.203239440918,69.0411071777344,71.6598434448242,70.2727432250977,74.7333526611328,72.7996215820312,76.450927734375,80.1295623779297,81.8786010742188,85.5290222167969,88.3489837646484,90.8614349365234,93.0112075805664,97.491943359375,101.569892883301,101.750259399414,101.025260925293,99.9824829101562,98.5782775878906,97.2433242797852,95.935173034668,94.5387191772461,92.8953018188477,91.3198623657227,90.1628799438477,89.489501953125,89.0493850708008,88.3440093994141,87.3879013061523,86.8391189575195,87.1976165771484,87.951171875,89.033332824707,90.516716003418,92.0802841186523,93.1161804199219,93.725944519043,93.9130554199219,93.858024597168,93.6941070556641,93.5438003540039,93.4256820678711,93.574348449707,94.2488021850586,94.6344375610352,94.7337265014648,94.3974227905273,93.7817153930664,92.5760498046875,90.7208862304688,88.8420181274414,86.7895965576172,85.2396774291992,83.5413208007812,81.8350982666016,80.6127548217773,79.3498153686523,78.5698928833008,77.97900390625,76.9153518676758,74.4063262939453,72.3153228759766,72.3184661865234,73.1513824462891,74.0334243774414,74.2307662963867,73.784782409668,73.448127746582,73.4679794311523,73.7056198120117,74.1309127807617,74.5768585205078,74.8212814331055,74.6294326782227,73.9171829223633,72.8766403198242,71.7683715820312,70.984245300293,70.3972778320312,69.5592575073242,68.8232803344727,68.6769409179688,69.364616394043,70.0548400878906,70.2507858276367,68.1846771240234,65.1941680908203,63.4974517822266,61.0586051940918,58.6021842956543,57.0097351074219,56.3240432739258,56.3119468688965,56.7803497314453,57.0315361022949,57.2136039733887,57.8336906433105,58.8822708129883,60.7022171020508,63.2756843566895,64.8721618652344,65.8069839477539,66.9331970214844,67.9335708618164,69.3216857910156,71.1657791137695,72.8148040771484,75.0029983520508,77.5537109375,80.9047393798828,84.0583267211914,86.6942825317383,89.0400314331055,90.1213607788086,89.7936477661133,89.020881652832,88.9324417114258,90.2997741699219,95.6826934814453,97.8641815185547,101.486671447754,98.5320892333984,100.984199523926,99.6025466918945,101.485061645508,104.263053894043,105.92781829834,106.396148681641,104.131690979004,97.5459365844727,97.2494964599609,97.6947631835938,97.0040893554688,92.5757446289062,89.2723693847656,90.9757232666016,93.8877716064453,92.3960113525391,92.3032150268555,90.9443435668945,87.8584365844727,87.5340347290039,84.4450378417969,85.0424194335938,83.7411193847656,80.1060485839844,77.8860778808594,73.3914642333984,74.622184753418,72.5328826904297,70.40478515625,69.7695159912109,67.635627746582,63.3383750915527,60.3901138305664,96.2387084960938,110.293838500977,110.966438293457,63.7934875488281,53.5402870178223,50.6776657104492,63.5275268554688,64.2345657348633,45.2510948181152,49.2437744140625,48.6269454956055,46.6339149475098,45.0522804260254,44.7786750793457,44.6909561157227,44.5307998657227,45.0247611999512,45.2855529785156,46.1445579528809,47.8394966125488,49.1368026733398,50.335334777832,51.1418190002441
"-118.75",46.4380187988281,45.7438812255859,48.8151512145996,51.7394523620605,59.5581741333008,63.2122535705566,58.7769546508789,59.2900428771973,60.1844329833984,60.2927589416504,59.8925323486328,59.4575653076172,60.0852165222168,56.9395065307617,60.9447250366211,69.5871963500977,70.7963104248047,69.9345932006836,74.8897171020508,73.1410675048828,76.8991546630859,80.1308822631836,81.7480926513672,85.4525604248047,88.6474075317383,91.2539367675781,93.3875885009766,98.2132720947266,101.91276550293,101.63695526123,100.887168884277,99.9710540771484,98.6576080322266,97.2622528076172,95.8880996704102,94.3932418823242,92.6364135742188,91.0849685668945,90.0215759277344,89.5500411987305,89.3130874633789,88.6876220703125,87.9696807861328,87.500373840332,87.7060928344727,88.3027420043945,89.353271484375,90.8607788085938,92.3145599365234,93.1740341186523,93.5634918212891,93.4704208374023,93.3316497802734,93.2111206054688,93.1046371459961,93.023681640625,93.4069061279297,94.3161697387695,94.8827362060547,95.01953125,94.7558898925781,94.3027038574219,93.0492706298828,91.2793121337891,89.272819519043,87.4035034179688,85.9690475463867,84.1216201782227,82.3297729492188,80.993034362793,79.8381958007812,79.2049865722656,78.7739715576172,77.4416198730469,74.5399856567383,72.8408050537109,73.0867614746094,74.4682388305664,75.4396896362305,75.2811965942383,74.52783203125,73.9532775878906,73.9081726074219,74.2907638549805,74.7184524536133,75.0470123291016,75.2213363647461,74.8722229003906,73.8995361328125,72.6685562133789,71.4053802490234,70.2780685424805,69.4816436767578,68.718864440918,68.0920104980469,67.7602310180664,68.0148391723633,68.5932693481445,69.599723815918,68.8495330810547,66.5744857788086,63.8297271728516,60.5625686645508,57.9631233215332,56.2564086914062,55.8140830993652,56.260871887207,56.8166542053223,57.2197914123535,57.3996162414551,57.939338684082,58.8539962768555,60.1253700256348,62.4363632202148,64.5150985717773,65.621955871582,66.580924987793,67.9552230834961,69.4834365844727,71.5346145629883,73.4462280273438,75.4174652099609,77.4078979492188,79.759635925293,82.402099609375,84.7895355224609,86.762451171875,88.6392440795898,89.2941741943359,89.6755447387695,90.6537551879883,95.8752517700195,103.670921325684,101.818908691406,102.787132263184,103.734840393066,101.651039123535,103.24089050293,104.728065490723,105.931518554688,106.859062194824,108.315612792969,105.901634216309,95.8257675170898,98.3004302978516,96.8843688964844,96.9138641357422,88.8528594970703,88.2587814331055,92.8843154907227,92.6157836914062,91.5715942382812,91.8373260498047,89.3444595336914,88.5386505126953,88.1358642578125,85.1110229492188,84.1384582519531,82.6493606567383,80.2306900024414,76.8680114746094,72.7853012084961,73.5293350219727,71.1008148193359,68.7377624511719,66.6587371826172,62.5872077941895,59.5012321472168,59.1192359924316,105.143775939941,111.148681640625,109.456657409668,56.4173011779785,52.1486778259277,53.6297149658203,66.8677291870117,64.0287857055664,41.8549690246582,49.5583801269531,48.1177635192871,46.5855712890625,45.1694641113281,44.6809883117676,44.747428894043,44.4419403076172,45.0359954833984,45.1341438293457,46.1971015930176,47.8625450134277,49.1793670654297,50.3615989685059,51.1451110839844
"-117.5",46.3861656188965,45.764518737793,48.9302406311035,51.6715202331543,59.2623405456543,63.1321640014648,58.8825340270996,59.944507598877,60.7650566101074,61.1515502929688,60.2494430541992,59.622875213623,58.2446517944336,56.5626678466797,60.6106185913086,69.9160919189453,70.3317337036133,69.2466049194336,74.5734329223633,73.339485168457,77.1281051635742,80.126091003418,81.6886978149414,85.4371032714844,88.9472427368164,91.5577239990234,93.7391967773438,98.9715423583984,102.283126831055,101.644676208496,100.709808349609,99.8632431030273,98.6406173706055,97.1743316650391,95.7124557495117,94.2491607666016,92.4603958129883,90.8646087646484,89.9055023193359,89.6402206420898,89.5733489990234,89.0310668945312,88.4975738525391,88.12451171875,88.184326171875,88.7003631591797,89.7314147949219,91.2642364501953,92.4733352661133,93.1641616821289,93.3330307006836,93.0992736816406,92.7921142578125,92.7454223632812,92.7035751342773,92.7706985473633,93.3909301757812,94.3007354736328,94.9348983764648,95.149543762207,95.1004791259766,94.7832107543945,93.7287292480469,92.2296524047852,90.2643432617188,88.5798034667969,86.9685134887695,84.8800048828125,82.7483291625977,81.3841552734375,80.2318572998047,79.6809463500977,79.4621505737305,77.9589691162109,75.0282440185547,73.6408309936523,74.0937881469727,75.8600540161133,76.7895965576172,76.3572311401367,75.3667984008789,74.6271896362305,74.6110458374023,75.0007934570312,75.3428268432617,75.5869064331055,75.6495819091797,75.0599517822266,73.9477996826172,72.6894302368164,71.4019088745117,70.09423828125,68.8491363525391,68.1082229614258,67.5332260131836,67.2295913696289,67.4689254760742,67.9998168945312,68.8196105957031,68.5351409912109,67.0177688598633,63.7656936645508,60.5352249145508,57.9250335693359,56.2017517089844,55.7589874267578,56.5205917358398,57.1376266479492,57.6351470947266,57.5961074829102,57.7865409851074,58.681037902832,59.344799041748,60.9982490539551,63.5660285949707,65.1717681884766,65.9772338867188,67.4281616210938,69.0408248901367,70.9945220947266,72.9494781494141,74.5678329467773,76.3711166381836,78.3498458862305,80.7860565185547,83.0174102783203,85.2979507446289,87.4038848876953,90.0507888793945,92.7082138061523,94.5710144042969,98.9754409790039,103.524841308594,98.9197463989258,103.247611999512,104.500984191895,105.941246032715,106.963676452637,106.235977172852,105.562911987305,106.324577331543,106.678207397461,105.596069335938,101.336608886719,97.8648300170898,97.1408462524414,92.8976974487305,87.8644638061523,89.7623977661133,91.8842620849609,94.5452728271484,90.7479553222656,90.0363464355469,88.4044418334961,88.5423431396484,88.4694061279297,86.7455520629883,84.1175384521484,82.1482315063477,79.5008697509766,75.5712280273438,72.864128112793,72.7104644775391,69.8636169433594,68.2742614746094,68.8274002075195,60.7221145629883,59.9562950134277,58.5336494445801,106.676048278809,110.499908447266,75.533332824707,54.2857513427734,52.0633583068848,59.5068054199219,67.9201889038086,61.4958953857422,41.4358291625977,48.0745429992676,47.5406608581543,46.636402130127,45.2380599975586,44.6698379516602,44.5037155151367,44.2463607788086,44.9460906982422,44.9667015075684,46.1972351074219,47.8935508728027,49.2288780212402,50.3875007629395,51.1482162475586
"-116.25",46.3942909240723,45.7604484558105,49.0762710571289,51.4313850402832,58.7596282958984,62.7793846130371,58.9471092224121,60.833568572998,61.3716201782227,61.8540420532227,60.5399627685547,60.0059394836426,58.5857467651367,57.4225196838379,61.6378021240234,69.5124816894531,70.0017547607422,68.2044830322266,73.9603118896484,73.2136917114258,77.3224716186523,80.0765991210938,81.7704162597656,85.6545791625977,89.1835556030273,91.5156784057617,93.9291610717773,99.7889709472656,102.751327514648,101.764892578125,100.624298095703,99.6974334716797,98.5262756347656,97.0370483398438,95.5728530883789,94.057243347168,92.4059066772461,90.8338165283203,89.9395370483398,89.8119125366211,89.8998107910156,89.5230178833008,89.0784378051758,88.7507095336914,88.7260284423828,89.1380996704102,90.1557846069336,91.5681228637695,92.5262145996094,93.0565719604492,92.9657897949219,92.5954437255859,92.5260848999023,92.6591415405273,92.6495361328125,92.7941436767578,93.2844848632812,94.1643447875977,94.8593597412109,95.2902450561523,95.4295349121094,95.2176818847656,94.47021484375,93.3066558837891,91.6160125732422,90.0435638427734,88.2320251464844,85.7817153930664,83.3180694580078,81.7522888183594,80.7153244018555,80.3038787841797,79.9531478881836,78.329216003418,75.4124984741211,74.3927383422852,75.3353271484375,77.2336883544922,77.9105529785156,77.3839569091797,76.2756500244141,75.5625076293945,75.5403747558594,75.7967681884766,76.0305252075195,76.2071151733398,76.1071929931641,75.2339324951172,74.0234222412109,72.7250671386719,71.4328231811523,70.1466979980469,68.8182144165039,67.8359527587891,67.204704284668,66.8114318847656,67.0869064331055,67.8325119018555,68.499267578125,68.2087707519531,66.7879257202148,63.533130645752,60.3823356628418,58.0520820617676,56.4661254882812,55.9662933349609,56.511646270752,57.2398567199707,57.5918273925781,57.6050605773926,57.385368347168,57.8486938476562,58.4554290771484,59.6472549438477,62.1918869018555,64.4109802246094,65.5411911010742,66.8757476806641,68.4961242675781,70.154914855957,71.9478225708008,73.5412368774414,75.2172775268555,76.893440246582,79.286994934082,82.37646484375,86.0312423706055,91.3056793212891,97.1019134521484,106.705810546875,114.586791992188,103.90266418457,101.142601013184,101.975814819336,101.627342224121,104.685844421387,108.186721801758,108.86759185791,106.360572814941,105.938789367676,106.519065856934,105.275772094727,105.124526977539,99.9120941162109,97.6182250976562,94.4757766723633,89.3734588623047,89.1809539794922,89.3762130737305,91.5312423706055,91.4694213867188,90.0987091064453,89.326789855957,87.8022384643555,86.2718963623047,85.2535095214844,86.1733627319336,82.795166015625,80.5381774902344,78.1378936767578,77.2300415039062,76.9194183349609,74.6389389038086,72.8123779296875,71.1987380981445,69.5607833862305,61.1372718811035,59.5944328308105,56.8324851989746,69.9430770874023,68.4622573852539,54.4860801696777,53.1158065795898,51.6349067687988,64.8494186401367,63.8016471862793,45.199089050293,42.2444458007812,46.5215835571289,47.2957458496094,46.5765380859375,45.4351806640625,44.7509346008301,44.2579307556152,44.2040557861328,44.5093154907227,44.9477653503418,46.1965751647949,47.9281044006348,49.2767066955566,50.4151496887207,51.1512985229492
"-115",46.7199859619141,45.9742202758789,49.1036415100098,51.3274803161621,58.3310775756836,62.3086318969727,58.7984352111816,60.8985824584961,61.9977188110352,62.3993530273438,61.1354103088379,60.3376655578613,59.3876914978027,58.7142295837402,62.6015777587891,68.5681381225586,68.5260772705078,67.4108657836914,73.0402908325195,72.919921875,77.366828918457,80.035270690918,82.0090408325195,86.1219253540039,89.4428482055664,91.6281433105469,93.9629440307617,100.536239624023,103.200950622559,102.072540283203,100.705513000488,99.640380859375,98.4237365722656,96.9580154418945,95.4292831420898,93.896369934082,92.3608932495117,91.0401229858398,90.2919158935547,90.1453857421875,90.2617645263672,89.8985290527344,89.5801467895508,89.3508224487305,89.2969512939453,89.6041030883789,90.3561019897461,91.5661239624023,92.2802658081055,92.6558685302734,92.5764999389648,92.3656463623047,92.5967330932617,92.875129699707,92.8595123291016,92.9424896240234,93.2252731323242,93.8309020996094,94.621208190918,95.2891845703125,95.738655090332,95.7322845458984,95.211799621582,94.3010787963867,92.8778762817383,91.3983993530273,89.3463287353516,86.7055358886719,84.1629333496094,82.5341567993164,81.4182205200195,80.7116546630859,79.805908203125,78.109016418457,75.2629318237305,75.0376434326172,76.9133834838867,78.6081085205078,78.8981018066406,78.3888320922852,77.3969955444336,76.693473815918,76.6098098754883,76.6751098632812,76.8355484008789,76.8072891235352,76.4648971557617,75.4132919311523,74.1288375854492,72.7518081665039,71.3537063598633,69.9617233276367,68.6502075195312,67.5990142822266,66.8935852050781,66.485725402832,66.8318252563477,67.7564544677734,68.5086822509766,68.0524520874023,66.4401550292969,63.1532096862793,59.96875,57.7572364807129,56.554500579834,56.1021881103516,56.5575294494629,57.2265243530273,57.5946502685547,57.5968170166016,57.3083000183105,57.3136215209961,57.9431495666504,59.2524490356445,61.2085723876953,63.9444732666016,65.7241439819336,66.7112121582031,68.0529403686523,69.6794967651367,71.1968002319336,72.7960205078125,74.6890487670898,76.9574356079102,79.2320175170898,83.0220336914062,91.3519897460938,104.518539428711,113.265762329102,108.131401062012,105.208351135254,102.092720031738,101.054252624512,98.0522918701172,101.188598632812,102.211555480957,106.304176330566,108.572875976562,108.411918640137,105.903350830078,105.896774291992,103.914192199707,102.378997802734,93.5171813964844,92.2898864746094,91.1141815185547,92.6553802490234,87.8177337646484,88.8345413208008,89.5103607177734,90.6135177612305,89.3503036499023,88.4848785400391,88.0194244384766,86.1157760620117,86.9879837036133,85.7810592651367,83.6915054321289,80.5431442260742,77.7358322143555,77.7059860229492,74.8317947387695,74.2690277099609,72.8434219360352,72.338005065918,69.7898330688477,61.6908721923828,59.9020919799805,58.100227355957,55.5864334106445,55.9676856994629,54.0164222717285,52.3672332763672,53.3738212585449,67.306755065918,57.2299346923828,42.7982215881348,44.2868461608887,46.6235961914062,47.8069229125977,46.3849678039551,45.6038436889648,44.7103424072266,44.2197799682617,43.9994316101074,44.2871055603027,44.9448318481445,46.1943511962891,47.9681549072266,49.3231048583984,50.4425964355469,51.1544647216797
"-113.75",46.7997512817383,45.9616928100586,49.2790718078613,51.326717376709,57.935905456543,61.5750122070312,58.7299690246582,61.2090911865234,62.3502540588379,62.9829788208008,61.6263732910156,60.849723815918,59.8741569519043,59.9768104553223,63.2980690002441,67.4881591796875,67.2784271240234,66.2817840576172,71.2921447753906,72.6618957519531,77.3107604980469,79.8825073242188,82.221923828125,86.5451889038086,89.6058197021484,91.5269317626953,93.9449310302734,100.976936340332,103.489372253418,102.421333312988,101.002471923828,99.7721862792969,98.4694671630859,96.9912109375,95.3513488769531,93.7728118896484,92.3292465209961,91.2490310668945,90.701057434082,90.5480194091797,90.5356674194336,90.3434600830078,90.0894622802734,89.89501953125,89.7833099365234,89.8493347167969,90.3688125610352,91.2728576660156,91.8201293945312,92.24169921875,92.150993347168,92.3503723144531,92.771614074707,93.0780258178711,93.1216278076172,93.1347274780273,93.2620849609375,93.6668167114258,94.3904266357422,95.2543716430664,95.8887329101562,96.2461624145508,96.1650772094727,95.2915878295898,93.8767547607422,92.4787445068359,90.4630126953125,87.8146362304688,85.472297668457,83.7230453491211,82.2990570068359,80.6570434570312,79.2878341674805,77.3859481811523,75.1199951171875,75.8877410888672,78.1880874633789,79.5034027099609,79.6878662109375,79.3568954467773,78.5837326049805,77.8928298950195,77.6613235473633,77.6848754882812,77.6216735839844,77.4276275634766,76.9408111572266,75.7673645019531,74.3525085449219,72.8556518554688,71.3011322021484,69.6449661254883,68.1342544555664,67.0710906982422,66.1515274047852,65.4371032714844,65.9780197143555,67.5108261108398,68.6191864013672,68.0504989624023,66.1526260375977,62.8344345092773,59.6118583679199,57.5577125549316,56.4504737854004,56.1654052734375,56.4019889831543,57.1675987243652,57.6406326293945,57.6166496276855,57.5266952514648,57.719612121582,58.5101737976074,59.8333473205566,61.6627616882324,63.9759140014648,66.3158569335938,67.5038070678711,68.2964782714844,69.6661376953125,71.0879592895508,72.9526901245117,76.2181167602539,78.966911315918,83.0770492553711,85.2473297119141,99.6898880004883,108.285247802734,110.197074890137,105.208686828613,102.301567077637,106.602920532227,102.718818664551,102.268630981445,100.628898620605,103.479835510254,106.379776000977,106.372375488281,108.132736206055,103.901466369629,107.743263244629,106.591087341309,103.447929382324,95.7755584716797,91.2001037597656,89.9309921264648,90.1351318359375,87.0827102661133,89.5675048828125,88.6130752563477,93.603141784668,90.7623977661133,90.2607269287109,88.5708847045898,85.9834747314453,86.9257888793945,85.4743576049805,84.1263732910156,80.5868911743164,77.6735229492188,78.0041198730469,75.1957702636719,73.0962066650391,70.6825103759766,71.9684982299805,70.3436660766602,61.7881393432617,61.6507263183594,57.4920883178711,54.7490768432617,56.0977096557617,53.911678314209,51.5688018798828,57.5275459289551,66.9866714477539,49.4032897949219,42.9973258972168,44.9669227600098,45.0516929626465,48.3469047546387,46.3168983459473,45.626407623291,44.5522651672363,44.2716865539551,43.6486473083496,44.3473663330078,44.9361801147461,46.1946830749512,48.0142707824707,49.364990234375,50.4702682495117,51.157787322998
"-112.5",46.5602645874023,45.8051071166992,49.0631523132324,51.2637062072754,57.620662689209,61.0558242797852,58.3490295410156,61.392765045166,62.7027626037598,63.247501373291,62.1528701782227,61.2773094177246,60.9578514099121,60.4475517272949,63.794864654541,67.1301651000977,66.0945434570312,65.3392105102539,68.727409362793,72.3288726806641,76.932014465332,79.5686950683594,82.4738311767578,87.0814590454102,89.8735046386719,91.3574981689453,93.96533203125,101.29370880127,103.601860046387,102.625183105469,101.290687561035,100.022689819336,98.6086807250977,97.0603408813477,95.4386825561523,93.7869567871094,92.5324554443359,91.5624084472656,91.0935821533203,90.8960723876953,90.8950576782227,90.7666854858398,90.5485458374023,90.3693084716797,90.2957153320312,90.0442581176758,90.2598037719727,90.8448181152344,91.440071105957,91.8744430541992,91.9650955200195,92.2777862548828,92.8351669311523,93.2943115234375,93.3612442016602,93.1019592285156,93.1621398925781,93.7561645507812,94.5062103271484,95.2097702026367,95.9359283447266,96.5368957519531,96.6231079101562,95.7904586791992,94.5262069702148,93.2392501831055,91.4547424316406,89.1292266845703,87.0356979370117,85.0758285522461,82.7264862060547,80.1274261474609,78.5654678344727,76.695671081543,75.6567687988281,76.9861755371094,79.2233200073242,80.3352432250977,80.5777893066406,80.309326171875,79.5464324951172,78.9372406005859,78.6880798339844,78.5562896728516,78.309684753418,78.056999206543,77.3399810791016,76.0321197509766,74.5785064697266,72.9779968261719,71.3122940063477,69.4489440917969,67.5505294799805,66.5745697021484,65.8388137817383,65.1458892822266,65.6955642700195,67.4259490966797,68.7429428100586,68.09814453125,65.9548645019531,62.6700172424316,59.4676704406738,57.4258422851562,56.4145431518555,55.9742546081543,56.1122589111328,57.1283912658691,57.4893531799316,57.5817527770996,57.7082672119141,58.5567092895508,59.76708984375,60.9469032287598,62.5218925476074,64.4847564697266,66.9615859985352,68.7050857543945,69.6494216918945,70.4335174560547,72.3272857666016,74.525032043457,77.6335830688477,83.1622543334961,89.0359268188477,93.6517486572266,94.1262893676758,98.5534896850586,102.925361633301,104.480026245117,106.255058288574,109.230308532715,102.548271179199,108.65372467041,106.976982116699,106.31388092041,108.028961181641,108.960258483887,109.092926025391,102.811149597168,105.236656188965,105.111297607422,104.623626708984,102.313606262207,94.6064605712891,93.2959976196289,91.1841735839844,92.214714050293,93.0601119995117,95.8354568481445,95.7470016479492,93.0762023925781,91.9737243652344,89.5008163452148,85.8609008789062,87.2383575439453,85.8855819702148,83.8352127075195,81.1450119018555,78.1942596435547,79.0741348266602,75.7822418212891,71.0631713867188,66.8120803833008,71.0326232910156,69.8110504150391,61.3850212097168,60.3657836914062,57.0020446777344,55.2081680297852,56.4224052429199,54.5637741088867,51.5668258666992,61.3148307800293,65.6373443603516,47.1126289367676,42.9256248474121,44.9329833984375,43.441234588623,48.2441558837891,46.3191947937012,45.5780410766602,44.4654350280762,43.9647407531738,43.5186462402344,44.4200096130371,44.9376640319824,46.1999893188477,48.0654067993164,49.4107704162598,50.4927444458008,51.1613121032715
"-111.25",46.4005241394043,46.1752166748047,49.6347846984863,51.476692199707,57.3815307617188,60.1702766418457,57.9521408081055,61.5887870788574,63.0688171386719,63.4508209228516,62.6629867553711,62.0664100646973,61.9792213439941,61.0579147338867,64.1067886352539,66.4016265869141,64.5876998901367,66.3805999755859,67.4563674926758,71.6715469360352,76.5128021240234,79.2652359008789,82.527946472168,87.4465103149414,90.0137252807617,91.2280578613281,94.057243347168,101.473991394043,103.480995178223,102.594284057617,101.355682373047,100.107872009277,98.733642578125,97.1814956665039,95.5830917358398,94.0237045288086,92.8748779296875,92.0413055419922,91.51953125,91.2061538696289,91.3007583618164,91.2890777587891,91.1227645874023,90.8123168945312,90.5845718383789,90.2001113891602,90.1019439697266,90.4545288085938,91.0568161010742,91.6719360351562,91.974365234375,92.574104309082,93.1158828735352,93.4613265991211,93.4833374023438,93.263298034668,93.4066543579102,94.0372619628906,94.664306640625,95.5090255737305,96.1685409545898,96.726318359375,96.7229461669922,95.7314300537109,94.6378860473633,93.8879089355469,92.318733215332,90.4204788208008,88.2129821777344,85.7677459716797,82.2765121459961,79.6899185180664,77.9435729980469,76.6965484619141,76.650993347168,78.3514938354492,80.3697891235352,81.2200012207031,81.453498840332,81.1211776733398,80.3676223754883,79.7323455810547,79.4731216430664,79.3104629516602,78.9781646728516,78.5848693847656,77.7463684082031,76.3511810302734,74.858283996582,73.2166137695312,71.4273452758789,69.4935607910156,67.5531234741211,66.4242324829102,65.3555068969727,64.4748916625977,65.0625534057617,67.0525131225586,68.699104309082,68.0994491577148,65.8120956420898,62.4660415649414,59.34130859375,57.3186531066895,56.2636604309082,55.7577095031738,55.7480049133301,56.6223373413086,57.1775016784668,57.4693336486816,58.1689682006836,59.3034362792969,60.882511138916,62.183277130127,63.526668548584,65.3465042114258,67.5654449462891,69.5543975830078,70.7976379394531,71.8778991699219,74.9726486206055,79.632926940918,85.818473815918,85.2660217285156,87.954948425293,92.6701354980469,86.4492034912109,99.2903594970703,105.368927001953,104.831039428711,110.718154907227,108.364349365234,106.221580505371,108.009620666504,108.178184509277,105.541122436523,107.077651977539,107.493576049805,106.713417053223,103.327209472656,102.883773803711,99.3651885986328,101.08137512207,93.9624404907227,94.9496078491211,90.4852447509766,95.4859008789062,92.0928268432617,92.320930480957,94.9769134521484,94.0179901123047,93.5171966552734,93.1108245849609,90.7878112792969,86.5061645507812,87.1711196899414,86.4733581542969,84.9124145507812,82.0597381591797,78.7850189208984,77.2330322265625,72.9777526855469,68.0613327026367,63.8366928100586,70.0093536376953,68.9780960083008,60.5882949829102,59.5495719909668,56.2543258666992,56.0139427185059,56.8502960205078,55.2174530029297,51.2255020141602,62.3126106262207,63.801513671875,50.1291084289551,41.4778594970703,44.3106727600098,41.0992279052734,46.7348251342773,46.3994941711426,45.2342414855957,44.5549507141113,43.591869354248,43.531177520752,44.4447860717773,44.6764030456543,45.8550071716309,47.9602355957031,49.4649696350098,50.5068893432617,51.1650848388672
"-110",46.4019432067871,46.1631355285645,49.7965469360352,51.5590209960938,57.1576271057129,59.3872451782227,57.6340751647949,61.1584701538086,62.9137763977051,63.1804428100586,62.9603118896484,62.3907699584961,62.898624420166,62.0318183898926,64.6133422851562,66.2751007080078,63.9933013916016,66.5293045043945,66.6834945678711,71.0244827270508,76.1570129394531,79.1623992919922,82.7004928588867,87.5597152709961,90.0226364135742,91.2390518188477,94.4139404296875,101.726760864258,103.351928710938,102.492088317871,101.241966247559,100.028114318848,98.7243347167969,97.2101745605469,95.6897354125977,94.2991256713867,93.2473907470703,92.507682800293,91.9588623046875,91.6011047363281,91.6664123535156,91.8141403198242,91.6348876953125,90.9839935302734,90.6474380493164,90.196907043457,89.9790954589844,90.0987091064453,90.9030075073242,91.6530075073242,92.2390975952148,92.885139465332,93.5007476806641,93.9283218383789,93.778938293457,93.7124252319336,93.9510040283203,94.5473175048828,95.1920318603516,95.9269866943359,96.5164337158203,96.8673324584961,96.6503601074219,95.4194107055664,94.7462387084961,94.2538833618164,92.8414916992188,90.9065399169922,88.0838623046875,85.3574066162109,81.9817504882812,79.7189102172852,78.2171478271484,77.3217697143555,78.0835418701172,79.8530197143555,81.3776397705078,82.0473403930664,82.1465530395508,81.6155166625977,81.0628433227539,80.551628112793,80.2701187133789,80.0987396240234,79.6855697631836,79.1157608032227,78.0786285400391,76.6885681152344,75.1930847167969,73.4974822998047,71.5973358154297,69.605354309082,67.5278549194336,66.347282409668,65.2511367797852,64.0678405761719,64.3520050048828,66.6265487670898,68.5939788818359,68.1570816040039,65.7042617797852,62.2537956237793,59.1543121337891,57.2436332702637,56.2149047851562,55.8113021850586,55.8821144104004,56.4498252868652,56.9542350769043,57.8528823852539,59.055793762207,60.2935523986816,62.0348968505859,63.2849502563477,64.4278030395508,65.9104537963867,67.6845169067383,69.1192855834961,70.2159652709961,71.7549514770508,78.7331619262695,83.1486206054688,78.5812759399414,79.8388061523438,84.0438232421875,91.1396484375,89.9174270629883,92.0712203979492,98.2025375366211,100.218482971191,103.861389160156,106.64412689209,105.130714416504,109.582664489746,108.52384185791,106.294166564941,103.995048522949,103.676109313965,103.000579833984,99.2496109008789,98.6972885131836,97.1542892456055,96.2154083251953,94.0601501464844,93.7422180175781,94.0729751586914,95.5741653442383,92.9054641723633,93.5669403076172,94.4702529907227,95.3880233764648,93.8853988647461,91.6911697387695,89.5704040527344,88.0877380371094,87.112434387207,84.8882217407227,84.5798263549805,82.1071243286133,79.6340484619141,77.1582260131836,72.8932189941406,68.4593658447266,65.0486068725586,64.7554168701172,62.9265937805176,60.3661651611328,59.1763877868652,56.6756858825684,56.082088470459,56.8110198974609,55.4909515380859,50.8369598388672,57.6698532104492,61.5414009094238,49.7384147644043,40.3566398620605,42.9498138427734,42.260383605957,45.3749008178711,46.3296012878418,44.7829437255859,44.0226631164551,43.5815048217773,43.4677085876465,43.7280769348145,44.6121711730957,45.8469772338867,47.7519149780273,49.5123558044434,50.5351753234863,51.169132232666
"-108.75",46.7983627319336,46.564022064209,49.9984703063965,51.9527816772461,57.2397956848145,58.5839157104492,56.8022689819336,60.5497589111328,62.3611106872559,62.9079437255859,62.9771537780762,62.9571075439453,63.5012855529785,62.9835472106934,65.8589630126953,66.3431701660156,64.9126129150391,66.2673263549805,66.5178833007812,70.6716995239258,76.0768432617188,79.2496643066406,82.9334030151367,87.613899230957,89.9757308959961,91.4671936035156,94.9566421508789,102.097076416016,103.148735046387,102.28148651123,101.102470397949,99.8330612182617,98.6528625488281,97.1996231079102,95.7990341186523,94.6224899291992,93.6377258300781,92.8967514038086,92.3064117431641,91.9012756347656,91.9655456542969,92.0633773803711,91.7593231201172,91.1566467285156,90.7535934448242,90.4026641845703,90.0492706298828,90.0729141235352,90.8547515869141,91.6388397216797,92.4299468994141,93.1286239624023,93.7692337036133,94.0764694213867,93.9742050170898,94.0638046264648,94.5182037353516,95.2419281005859,95.9010162353516,96.4926681518555,96.7804489135742,96.8871917724609,96.1388320922852,95.1703338623047,94.943603515625,94.4862823486328,92.7295074462891,90.0516510009766,86.981071472168,84.6098861694336,82.3318557739258,80.3819808959961,78.7977828979492,78.1405792236328,79.2593231201172,80.869270324707,82.2461700439453,82.7760925292969,82.6178665161133,82.1425094604492,81.6926879882812,81.3504333496094,81.1280136108398,80.9147644042969,80.4594650268555,79.6889572143555,78.4984970092773,77.0214004516602,75.5226974487305,73.7182159423828,71.6836776733398,69.6036758422852,67.5074768066406,65.892951965332,64.3185806274414,63.1876754760742,63.7721252441406,66.3578414916992,68.5358428955078,68.1220550537109,65.4811096191406,61.9810981750488,58.7986526489258,57.1240730285645,56.1427993774414,55.9997215270996,56.4496803283691,56.625186920166,57.0411376953125,58.450626373291,60.0335845947266,61.6259536743164,63.694694519043,64.809814453125,65.7026824951172,66.695686340332,67.9187469482422,68.8612976074219,69.8104019165039,70.8201446533203,73.4706726074219,75.981330871582,78.8360748291016,89.0982055664062,91.3545455932617,89.5431442260742,91.8810424804688,94.3059005737305,104.322830200195,104.092872619629,105.137275695801,108.08056640625,106.805511474609,108.923965454102,105.193168640137,106.130981445312,102.438591003418,101.109764099121,102.92399597168,103.878646850586,100.539939880371,98.984733581543,99.2692413330078,95.9715042114258,95.0485610961914,93.7811965942383,93.4997253417969,92.8981094360352,92.7254257202148,93.8659362792969,94.0034408569336,94.149528503418,91.8785400390625,87.9548721313477,87.8987274169922,87.1407089233398,84.7114181518555,83.9262619018555,82.834602355957,80.2470321655273,76.2629165649414,73.3784408569336,67.8759155273438,68.1741943359375,63.7466430664062,62.186767578125,60.6332778930664,58.2372894287109,56.6419525146484,55.850269317627,56.1735420227051,56.8768081665039,51.1022415161133,55.340145111084,58.8591575622559,50.1857528686523,39.601936340332,42.7221145629883,42.7615966796875,45.2160034179688,45.7987670898438,44.6013450622559,43.1617393493652,43.5932273864746,42.8059730529785,43.6728401184082,44.6313400268555,45.8805122375488,47.6935577392578,49.4281463623047,50.559196472168,51.1734848022461
"-107.5",46.3682403564453,46.2612915039062,50.2365646362305,52.0988655090332,56.9377593994141,57.7867660522461,55.8603286743164,59.52490234375,61.4321098327637,62.1193771362305,62.6251487731934,62.9917030334473,63.7810592651367,63.7099761962891,67.3181610107422,67.5873336791992,66.3213043212891,68.3508911132812,67.011833190918,70.8224258422852,76.1485900878906,79.5384063720703,83.1698226928711,87.6875762939453,89.8854751586914,91.5734329223633,95.5322647094727,102.474578857422,103.017845153809,102.07332611084,101.023170471191,99.7339096069336,98.5873107910156,97.1849365234375,95.8579635620117,94.8803787231445,93.9673309326172,93.2050552368164,92.4853897094727,92.0163192749023,92.0454254150391,91.9429702758789,91.7267761230469,91.4068603515625,91.1118774414062,90.7511444091797,90.2921371459961,90.1641845703125,90.9229431152344,91.7130432128906,92.5388488769531,93.2646636962891,93.7576217651367,93.8167190551758,93.8943252563477,94.2159118652344,94.5784072875977,95.2303161621094,95.8415985107422,96.3099594116211,96.5941314697266,96.3633651733398,95.7437286376953,95.2402420043945,95.1222229003906,94.067024230957,91.3683090209961,88.3857955932617,85.9494705200195,84.4059371948242,82.6193313598633,81.0081405639648,79.3369827270508,78.786247253418,80.0285415649414,81.8649978637695,83.0860137939453,83.2778930664062,83.0408477783203,82.7532730102539,82.4887084960938,82.2286224365234,81.9926986694336,81.7625427246094,81.1521682739258,80.2447891235352,78.9569320678711,77.3782501220703,75.8111419677734,73.8280944824219,71.7096710205078,69.5481338500977,67.3505096435547,65.3259887695312,63.3491554260254,62.4611282348633,63.3050270080566,66.1460647583008,68.4601898193359,67.9041290283203,65.1297302246094,61.646728515625,58.4439392089844,56.881950378418,56.149772644043,56.3500938415527,56.9628372192383,57.1279640197754,57.8204460144043,59.2498054504395,60.8709716796875,62.7484664916992,65.070556640625,66.014892578125,66.2977752685547,66.3591613769531,66.7985305786133,67.2510681152344,67.9875717163086,68.4448394775391,69.5213851928711,71.4117584228516,81.0123519897461,82.0686569213867,89.302848815918,92.5762176513672,100.004585266113,100.699340820312,109.186195373535,104.399848937988,99.8143081665039,104.086471557617,107.090507507324,106.024337768555,103.87818145752,100.405754089355,101.755584716797,100.982360839844,104.498741149902,104.655426025391,99.7042541503906,95.8349380493164,94.775520324707,92.0753402709961,94.4130554199219,94.7781677246094,92.953987121582,93.1130142211914,92.3813629150391,93.7075653076172,94.4899749755859,93.6551055908203,91.6137542724609,86.8730926513672,86.6395797729492,85.9824523925781,84.6728210449219,83.8962783813477,82.5825805664062,81.0253067016602,76.4551620483398,72.3616104125977,67.7881469726562,69.7298431396484,62.9795112609863,61.6781959533691,60.2913284301758,58.1021385192871,56.9729042053223,55.8998641967773,57.0888900756836,57.6332092285156,50.9208869934082,50.2523727416992,57.3958168029785,51.0924186706543,39.8558616638184,42.801570892334,42.6155281066895,45.4259452819824,45.0601654052734,43.0122222900391,43.1889190673828,43.126335144043,42.5785217285156,43.7467231750488,44.6506385803223,45.9175758361816,47.7695083618164,49.3597068786621,50.584358215332,51.1781730651855
"-106.25",46.7221298217773,46.3675537109375,50.4387741088867,52.0777740478516,56.6340141296387,56.8071136474609,54.7609367370605,58.2939949035645,60.0772018432617,60.9409294128418,62.1034660339355,63.0515632629395,64.0283432006836,64.0972213745117,67.9178009033203,68.0440292358398,67.6787338256836,71.2721862792969,68.9992294311523,71.7629089355469,76.0688629150391,79.872444152832,83.4111862182617,87.651969909668,89.8731002807617,91.6834182739258,96.1316452026367,102.839485168457,103.020469665527,101.924697875977,100.873291015625,99.7138824462891,98.5016098022461,97.0927352905273,95.9474029541016,95.085693359375,94.2358779907227,93.4080657958984,92.6122436523438,91.9829330444336,91.8019943237305,91.7473831176758,91.7296600341797,91.6485443115234,91.4954299926758,91.1163024902344,90.5874710083008,90.3412780761719,90.8242568969727,91.6799468994141,92.5367431640625,93.0897445678711,93.2374877929688,93.3590621948242,93.6630401611328,93.8951721191406,94.1293487548828,94.5520935058594,95.1028518676758,95.6044311523438,95.8304748535156,95.7203903198242,95.2588806152344,94.9938888549805,94.444206237793,92.6978988647461,89.8546981811523,87.2413482666016,85.5473098754883,84.3473587036133,83.0848617553711,81.5908737182617,79.9489364624023,79.8564682006836,81.43896484375,83.0934906005859,83.9001922607422,83.8502883911133,83.6168975830078,83.4210815429688,83.2368240356445,83.0216827392578,82.7835845947266,82.541633605957,81.7635650634766,80.7398681640625,79.3416366577148,77.7307281494141,75.8776321411133,73.7489471435547,71.6554260253906,69.3924407958984,67.097541809082,64.9198379516602,62.6395492553711,61.9959182739258,63.1319007873535,66.0920639038086,68.3185577392578,67.5729904174805,64.7111968994141,61.3133659362793,58.2726402282715,56.6936187744141,56.2939338684082,56.6566772460938,57.3625755310059,57.8527641296387,58.9400749206543,59.9583435058594,61.7852210998535,64.0443115234375,66.2344512939453,67.0271530151367,66.635986328125,65.9315414428711,68.3835678100586,68.0718994140625,67.9535064697266,69.340446472168,75.8810958862305,70.6703186035156,82.7558364868164,88.623664855957,102.91162109375,99.4257049560547,98.4943695068359,102.877517700195,104.884468078613,101.875411987305,99.609260559082,97.4298858642578,99.5697631835938,98.3034591674805,97.2916717529297,101.522590637207,101.817810058594,98.3387069702148,96.2669830322266,98.716194152832,98.5706024169922,95.9523773193359,92.0886459350586,93.0983963012695,93.8071517944336,93.6500625610352,91.2512054443359,92.0079040527344,92.2431030273438,93.9907760620117,94.7292633056641,94.2112197875977,91.2436065673828,87.1550827026367,86.6616744995117,84.8315887451172,83.51513671875,83.3313369750977,83.0505065917969,80.7095336914062,75.7384719848633,74.1396713256836,71.0595703125,69.0763397216797,61.5355911254883,60.8927192687988,60.3341407775879,58.1729850769043,56.1788597106934,56.3986968994141,57.8548812866211,56.2500801086426,50.1950950622559,48.1014442443848,52.5952415466309,50.4287872314453,40.1075973510742,42.4780349731445,42.3041725158691,44.6224479675293,44.712589263916,41.8515548706055,42.7060356140137,42.6742630004883,42.6346206665039,43.7887001037598,44.6871147155762,45.9864120483398,47.8276329040527,49.3547554016113,50.6098175048828,51.183219909668
"-105",46.3722534179688,46.8129119873047,50.2762718200684,52.2012062072754,56.0035247802734,55.8075485229492,53.7936210632324,56.7879447937012,58.906608581543,59.7904052734375,61.5889015197754,63.014087677002,64.2771530151367,64.3470993041992,68.5938110351562,68.1433563232422,68.4645538330078,75.9758834838867,75.0377578735352,74.6335906982422,75.6957321166992,79.9329528808594,83.5814743041992,87.5448837280273,89.7379608154297,91.7770309448242,96.7963714599609,103.193923950195,103.048202514648,101.88224029541,100.702308654785,99.6296157836914,98.3701477050781,97.0913772583008,96.0187530517578,95.215934753418,94.4924774169922,93.5971755981445,92.7451248168945,91.8920059204102,91.653190612793,91.7431106567383,91.7547912597656,91.8752822875977,91.7960586547852,91.5005493164062,91.0013122558594,90.5981216430664,90.9298629760742,91.6619186401367,92.4390640258789,92.6143035888672,92.531867980957,92.8868865966797,93.1702117919922,93.3708114624023,93.5933837890625,93.9710693359375,94.2453002929688,94.5621795654297,94.8473129272461,94.9538497924805,94.5098648071289,94.0312957763672,93.0675735473633,91.2124176025391,88.6850967407227,86.8576812744141,85.5036849975586,84.5256118774414,83.6701507568359,82.2167816162109,80.93896484375,81.3304901123047,82.9510269165039,84.2108306884766,84.517692565918,84.3515243530273,84.298942565918,84.2583541870117,84.0764007568359,83.8285064697266,83.5650100708008,83.1628723144531,82.3604507446289,81.1980285644531,79.5672149658203,77.7837295532227,75.6576232910156,73.5377197265625,71.4283447265625,69.0927200317383,66.6980361938477,64.4026260375977,61.840934753418,61.4607849121094,62.8251609802246,66.0244750976562,68.0536575317383,67.1029663085938,64.3924560546875,60.8845024108887,58.0541915893555,56.6331787109375,56.4365730285645,57.190788269043,58.0169525146484,59.0150184631348,59.5192604064941,60.3273963928223,62.5131950378418,65.1303176879883,67.3175735473633,67.6733016967773,66.0653686523438,64.2678375244141,71.5918807983398,69.719108581543,72.5060501098633,76.5407104492188,82.3631744384766,89.3680877685547,94.5432281494141,97.7618942260742,102.448150634766,102.688415527344,99.6775970458984,110.013969421387,108.509910583496,106.642127990723,98.2027893066406,99.2665939331055,98.846435546875,94.2144393920898,95.2413940429688,96.0582885742188,97.3125534057617,97.1425476074219,97.4153900146484,97.485954284668,99.0482482910156,94.7086334228516,93.6284484863281,93.7904510498047,92.9007186889648,92.8094329833984,90.8143310546875,90.8776245117188,92.5224227905273,94.2342071533203,94.329963684082,92.1025543212891,90.6778717041016,86.8801040649414,85.7498779296875,83.7092666625977,83.3056030273438,82.6536483764648,82.5337448120117,80.3881530761719,78.0503311157227,74.2804489135742,71.6272125244141,69.5876693725586,62.4081344604492,61.7238006591797,60.4829635620117,58.6563453674316,57.4877014160156,56.9189186096191,57.2636833190918,55.760627746582,58.8186798095703,53.7751502990723,51.266284942627,51.7811622619629,39.2366333007812,42.1352157592773,41.8863716125488,44.0476188659668,43.1346778869629,42.0429801940918,41.262035369873,42.6929244995117,42.7121543884277,43.7099494934082,44.6807022094727,46.0511436462402,47.9118576049805,49.3774185180664,50.6344985961914,51.1886596679688
"-103.75",46.365348815918,46.6264114379883,50.7318878173828,52.4584541320801,56.0837707519531,54.8470344543457,52.6117973327637,55.2362632751465,57.7775115966797,58.7740936279297,60.4945869445801,62.6592597961426,64.4026412963867,64.5668792724609,68.9762878417969,67.8274688720703,71.2197036743164,86.2465209960938,86.9254760742188,80.4814071655273,75.4319152832031,79.7069625854492,83.6010284423828,87.4118423461914,89.4819564819336,91.8618621826172,97.4766616821289,103.493049621582,103.069137573242,101.810554504395,100.545463562012,99.438346862793,98.2309951782227,96.9747467041016,96.0087661743164,95.2867279052734,94.6093063354492,93.7076110839844,92.7451553344727,91.8553848266602,91.6832733154297,91.7750930786133,91.8086242675781,92.0222320556641,92.0088653564453,91.7061157226562,91.3064575195312,90.8974990844727,91.2934036254883,91.8957977294922,92.3752670288086,92.2044906616211,92.16162109375,92.5638961791992,92.6859283447266,92.9970703125,93.16650390625,93.3183746337891,93.3727569580078,93.7004089355469,94.0628967285156,93.9319305419922,93.0317459106445,92.4246063232422,91.5859222412109,89.9663391113281,88.1163787841797,86.7672729492188,85.5981292724609,85.0270309448242,84.2653579711914,83.0975036621094,82.2804260253906,83.0229721069336,84.3315734863281,85.1385726928711,85.1155090332031,85.0043869018555,85.0885925292969,85.1518936157227,84.8501663208008,84.4978637695312,84.183235168457,83.6720962524414,82.7401885986328,81.4475784301758,79.603141784668,77.5655517578125,75.3318328857422,73.1908340454102,71.0039749145508,68.4828796386719,66.199592590332,64.1055374145508,61.8888969421387,61.3932228088379,62.7305335998535,66.0481567382812,67.7334976196289,66.4141159057617,63.8191184997559,60.4915084838867,57.8947906494141,56.6162071228027,56.7723236083984,57.6345634460449,58.5368156433105,59.4531364440918,59.6895713806152,60.7808990478516,63.2196502685547,65.9352951049805,68.0058441162109,68.1224822998047,66.3786087036133,63.5113220214844,66.408935546875,77.8785552978516,81.8274993896484,83.0754013061523,89.6864624023438,99.1886672973633,102.059425354004,89.5530166625977,97.841438293457,106.568725585938,105.620513916016,99.7121276855469,97.9467010498047,97.9772491455078,94.1603775024414,95.8557510375977,99.038444519043,92.797737121582,93.5318908691406,92.8007202148438,95.209716796875,98.6113433837891,97.0858840942383,98.2644805908203,94.9468841552734,96.4382934570312,92.867805480957,94.093376159668,92.6651306152344,92.0826873779297,91.1723937988281,91.9225387573242,93.0102615356445,93.435661315918,92.1095123291016,90.9744186401367,88.7368545532227,86.3834915161133,84.988883972168,82.9482650756836,82.9765625,82.0812377929688,81.6650543212891,78.7678756713867,77.0412826538086,73.1031494140625,70.8283157348633,69.3232574462891,62.4918174743652,61.7648582458496,60.8516845703125,58.7513542175293,61.7519149780273,57.5068740844727,57.3408584594727,71.4309616088867,70.404182434082,56.8412017822266,53.7182006835938,52.290641784668,41.4909553527832,41.2280349731445,40.8342933654785,43.2910804748535,42.9376907348633,41.4544792175293,41.0323791503906,42.5863761901855,42.4061088562012,43.1028709411621,44.1779289245605,46.0362358093262,47.9732055664062,49.4138565063477,50.6542587280273,51.1945190429688
"-102.5",46.3774604797363,46.7309646606445,50.5432319641113,52.7190971374512,55.8203353881836,53.9669189453125,51.9860420227051,53.2683448791504,56.2626800537109,58.3118743896484,59.6319808959961,62.1806945800781,64.5840530395508,64.8758087158203,69.0312652587891,68.2871551513672,65.9771728515625,67.3728256225586,67.0803680419922,71.6838531494141,74.910758972168,79.1149520874023,83.4651489257812,87.1594085693359,89.3536834716797,91.9779663085938,98.1530151367188,103.789375305176,103.025360107422,101.741050720215,100.419593811035,99.2638702392578,98.1405181884766,97.0220947265625,96.12548828125,95.3568801879883,94.6638565063477,93.6321792602539,92.6772766113281,91.9086074829102,91.8064651489258,91.8658905029297,91.9038772583008,92.1730422973633,92.1738204956055,91.9797821044922,91.626106262207,91.2966690063477,91.7205352783203,92.1419296264648,92.2451324462891,91.8068008422852,91.9437103271484,92.1410903930664,92.3564376831055,92.5428848266602,92.5844345092773,92.6216506958008,92.8248825073242,93.1655120849609,93.2436828613281,92.8951110839844,91.7894592285156,91.0375671386719,90.4683151245117,89.3022308349609,87.8522186279297,86.8579025268555,86.2152938842773,85.7157287597656,84.950798034668,83.9602890014648,83.5792617797852,84.2656784057617,85.4813613891602,86.0081634521484,85.8567199707031,85.7171936035156,85.9544906616211,85.9544982910156,85.6117477416992,85.2565460205078,84.8375549316406,84.1885757446289,82.99072265625,81.4530792236328,79.3064804077148,77.1173553466797,74.8271713256836,72.5069122314453,69.9633255004883,67.5720825195312,65.5944442749023,63.5019874572754,60.9752998352051,60.3315505981445,62.3616523742676,65.8716354370117,67.1291351318359,65.7586517333984,63.5018768310547,60.3085289001465,57.7433967590332,56.5335464477539,57.1482391357422,58.2323837280273,59.1125183105469,59.4934349060059,59.5899467468262,60.8072547912598,63.7709045410156,66.4910278320312,68.3221893310547,67.8669357299805,67.8596878051758,60.5021705627441,71.0644607543945,83.827522277832,90.4331893920898,93.4352874755859,102.436859130859,107.347816467285,112.154426574707,106.663497924805,106.581130981445,106.497192382812,101.36856842041,95.9285278320312,89.9951705932617,90.0986480712891,89.2409210205078,91.1496353149414,100.222846984863,97.0276260375977,89.6176223754883,89.7991256713867,89.9407348632812,91.2442245483398,92.565788269043,95.4352264404297,94.9309921264648,95.0751724243164,94.2288436889648,92.3069152832031,91.3844451904297,91.6531677246094,90.9743728637695,90.3637390136719,91.2702407836914,92.2185897827148,92.1005706787109,90.217887878418,87.1400985717773,88.5493545532227,86.3293075561523,82.7346267700195,84.0859756469727,83.2265701293945,80.7241668701172,77.3556518554688,75.8554458618164,73.2622756958008,71.3055267333984,69.0347290039062,62.071605682373,61.3433837890625,59.9025802612305,58.4627914428711,78.8231735229492,65.7697601318359,60.8535842895508,72.2549514770508,69.926628112793,53.0099029541016,53.7324905395508,52.3664474487305,41.9632263183594,40.5920867919922,39.9734725952148,41.4030075073242,43.6962127685547,41.4677352905273,40.8018035888672,41.7217636108398,42.2731666564941,43.147388458252,44.104118347168,45.9237670898438,48.0413131713867,49.4489555358887,50.6715888977051,51.2008361816406
"-101.25",46.7662124633789,46.7006454467773,50.8077697753906,52.8506889343262,55.6106185913086,53.5380973815918,51.0147247314453,52.2722473144531,55.474781036377,57.150016784668,58.9798164367676,61.8010520935059,64.7762832641602,65.0857543945312,68.5088653564453,68.2840042114258,66.530891418457,65.0632781982422,63.9990272521973,70.7289123535156,74.799674987793,77.9345474243164,82.9626235961914,87.0523529052734,89.3355407714844,92.2519760131836,98.8275833129883,104.017211914062,103.012809753418,101.633354187012,100.313301086426,99.1148376464844,98.1550445556641,97.2422714233398,96.3355255126953,95.4016265869141,94.5958633422852,93.453742980957,92.614875793457,91.9687271118164,91.8113327026367,91.7917175292969,91.8616333007812,92.1321258544922,92.2335739135742,92.1989135742188,91.9108428955078,91.6704483032227,91.964225769043,92.183235168457,91.6947402954102,91.3425064086914,91.5758972167969,91.7549057006836,91.8870620727539,92.0493011474609,92.0137786865234,92.038459777832,92.186164855957,92.1999053955078,92.0732421875,91.6302261352539,90.7899551391602,90.291145324707,89.7459869384766,88.8461685180664,87.8138122558594,87.2235260009766,86.871696472168,86.32373046875,85.467155456543,84.5491790771484,84.4228134155273,85.3422164916992,86.3886871337891,86.5616149902344,86.5284652709961,86.6342468261719,86.8011093139648,86.6761703491211,86.337890625,86.0292816162109,85.4552230834961,84.5772171020508,83.1875152587891,81.3742294311523,79.0488891601562,76.6710205078125,74.09814453125,71.4807968139648,68.798698425293,66.7270431518555,65.078125,63.3566551208496,61.3314476013184,60.7325477600098,62.488410949707,65.4701766967773,66.6347274780273,65.2609100341797,63.1103401184082,60.1265182495117,57.5417709350586,56.4605484008789,57.0586624145508,58.2452278137207,59.1501274108887,59.4179382324219,59.1381454467773,60.439754486084,63.8868522644043,66.6137084960938,67.0687789916992,66.5260620117188,68.9815216064453,68.4125366210938,84.6486892700195,96.1500473022461,92.3904724121094,98.1620025634766,112.151351928711,107.994804382324,125.273277282715,115.115043640137,103.221382141113,96.4310760498047,83.3538589477539,87.5425262451172,84.6347351074219,87.5764083862305,88.7699432373047,85.9095916748047,94.7569351196289,96.2969970703125,94.2796020507812,97.8850250244141,95.2549438476562,94.5647964477539,94.8099136352539,91.0003890991211,96.4563140869141,93.2056274414062,94.1563720703125,91.5761871337891,90.3448791503906,91.1439437866211,91.3780288696289,91.9915084838867,91.7259750366211,90.2507705688477,90.9590682983398,87.9011535644531,88.7291870117188,85.4901885986328,83.7690887451172,82.3955535888672,81.9052124023438,81.8058166503906,79.8263854980469,74.3840942382812,74.3557662963867,72.6169815063477,69.388053894043,67.7394943237305,59.0379295349121,60.0409774780273,58.7797508239746,58.0882797241211,81.8016204833984,79.4690322875977,65.7938995361328,71.0227737426758,62.288143157959,47.8364562988281,52.1562347412109,51.2016716003418,43.5403099060059,39.2012672424316,40.1018371582031,41.0652084350586,43.8479347229004,41.7895355224609,40.4858131408691,41.6990814208984,42.3528671264648,43.1904029846191,44.1427955627441,45.8848838806152,48.0734405517578,49.4801292419434,50.6851234436035,51.2076416015625
"-100",46.7033195495605,46.8019638061523,51.1545257568359,52.968807220459,55.3302040100098,52.612419128418,50.9093360900879,51.5724487304688,54.3500785827637,56.5139122009277,58.2783889770508,61.5164604187012,64.9789810180664,65.4069976806641,67.7633056640625,68.6741027832031,67.2194290161133,65.4428863525391,63.7100715637207,69.5335006713867,74.9780197143555,76.4547348022461,82.2294998168945,86.2080383300781,89.4183654785156,92.6955032348633,99.5605163574219,104.069831848145,102.961219787598,101.559791564941,100.194969177246,99.0317687988281,98.2392807006836,97.43896484375,96.6007385253906,95.5274200439453,94.5243148803711,93.4358749389648,92.6540679931641,92.0509719848633,91.7573394775391,91.6036605834961,91.6714172363281,91.92822265625,92.2110443115234,92.2470855712891,91.966438293457,91.8220901489258,91.9986877441406,92.018913269043,91.3151702880859,91.0042266845703,91.1902618408203,91.3000640869141,91.4080505371094,91.5392456054688,91.5297012329102,91.4253692626953,91.246208190918,91.2503814697266,91.0166625976562,90.7683715820312,90.5293350219727,90.1870727539062,89.7836685180664,89.1009979248047,88.3831253051758,88.172966003418,87.9187622070312,87.3457489013672,86.2036819458008,85.2140197753906,85.1718521118164,86.0388946533203,87.0767593383789,87.2970962524414,87.3584289550781,87.5051879882812,87.6584930419922,87.5481185913086,87.2450103759766,86.8492202758789,86.0701675415039,84.905143737793,83.3369216918945,81.4368133544922,79.0713882446289,76.4240417480469,73.4146957397461,70.3790054321289,67.777458190918,65.983024597168,64.4368362426758,62.8268127441406,60.9251289367676,60.0436172485352,62.1649856567383,65.3481292724609,66.3518142700195,64.7635498046875,62.6181335449219,59.7969856262207,57.2690200805664,56.2862014770508,56.8101959228516,58.1557731628418,59.1538124084473,59.2422103881836,58.9327392578125,60.2714347839355,64.2768020629883,67.9777679443359,67.7032928466797,66.0488967895508,66.5810317993164,79.5721054077148,93.5338592529297,91.8596115112305,86.2414703369141,87.2922744750977,92.3494491577148,95.0803146362305,96.6759490966797,93.1005554199219,98.0132446289062,94.930046081543,94.2398223876953,85.5706787109375,80.7118530273438,85.3166732788086,85.5275802612305,85.0946426391602,85.4298477172852,91.7084045410156,89.7147369384766,91.5495147705078,95.4606094360352,93.6687393188477,91.3605880737305,90.4276428222656,91.1859359741211,95.3759841918945,92.0327987670898,90.7437362670898,90.9395751953125,93.8767547607422,90.6578979492188,90.6257400512695,90.5905609130859,89.3024215698242,91.0084457397461,89.5659790039062,88.9207229614258,85.9663848876953,83.1183166503906,83.4109725952148,81.8877563476562,80.7472457885742,78.2885971069336,73.4737701416016,73.2953567504883,71.734504699707,69.5121612548828,67.9600524902344,59.3626670837402,59.6592407226562,57.9560356140137,55.7402076721191,76.3069000244141,77.7603454589844,71.4670867919922,70.3034362792969,53.5594902038574,44.2074089050293,49.004508972168,48.9569625854492,41.6253089904785,37.9330596923828,39.4859390258789,42.504222869873,43.9104270935059,43.8017768859863,40.6447143554688,41.8844528198242,42.5055732727051,43.2314910888672,44.1979751586914,45.8993377685547,47.9089813232422,49.5405693054199,50.6881904602051,51.214973449707
"-98.75",46.802490234375,46.8692092895508,51.2339515686035,52.8986625671387,55.0152282714844,52.4648056030273,50.62451171875,50.8614082336426,53.7448844909668,55.7698402404785,57.9186096191406,61.4336318969727,65.1328887939453,65.7780227661133,66.8542175292969,68.0602111816406,68.2567672729492,66.0729446411133,63.5957794189453,63.6544723510742,73.1306838989258,75.3027801513672,81.4858627319336,85.8749084472656,89.2561416625977,93.1032257080078,100.1630859375,104.038818359375,102.832290649414,101.447044372559,100.116050720215,99.0075759887695,98.2361679077148,97.5096435546875,96.7790985107422,95.696174621582,94.5333786010742,93.5278396606445,92.7154235839844,92.0812530517578,91.7763214111328,91.5065155029297,91.567512512207,91.8298797607422,92.2489700317383,92.1521072387695,91.8713455200195,91.7159957885742,91.8493118286133,91.8372802734375,91.1039657592773,90.8291625976562,90.8190307617188,90.7989273071289,90.8488464355469,90.9181671142578,90.8861541748047,90.8345031738281,90.577278137207,90.3397216796875,90.4663543701172,90.7429656982422,90.8131408691406,90.8210983276367,90.5402908325195,90.1131362915039,89.4469833374023,89.2424163818359,88.8618774414062,88.2043914794922,86.7562408447266,85.8171157836914,85.9397659301758,86.8858795166016,87.7701034545898,88.0998840332031,88.2452621459961,88.4099426269531,88.5548934936523,88.4406509399414,88.1842422485352,87.7342224121094,86.6124649047852,85.1285018920898,83.5547027587891,81.5485687255859,78.9646911621094,75.9742736816406,72.4088821411133,69.1831207275391,66.6668853759766,65.1050796508789,63.6824493408203,62.4991874694824,61.1337356567383,60.3735198974609,62.3403739929199,65.0941848754883,65.9376449584961,64.4102020263672,62.1245002746582,59.3558006286621,56.8611602783203,55.8451461791992,56.2656135559082,57.8151893615723,58.8409881591797,59.1968040466309,58.9304046630859,60.0597877502441,64.2928848266602,69.8186264038086,79.2403411865234,86.095329284668,99.236328125,108.018745422363,89.8982543945312,88.1385803222656,73.295166015625,71.8806838989258,80.5700302124023,80.5032806396484,85.3309326171875,86.2976150512695,95.1974258422852,92.9554061889648,88.8243713378906,87.1509628295898,83.7117614746094,86.1778717041016,84.6052398681641,82.6038436889648,80.8248825073242,83.7762985229492,90.5006637573242,89.7728958129883,90.5219573974609,91.5704879760742,90.0794372558594,89.2393341064453,90.102668762207,90.0231018066406,90.5242156982422,90.7510223388672,91.6731948852539,92.1399459838867,90.0927200317383,90.8370819091797,91.2812423706055,87.9364242553711,88.8953247070312,89.6413269042969,88.1129302978516,86.4129257202148,84.1297988891602,83.2291717529297,82.0507583618164,79.7804641723633,77.3900985717773,69.2047958374023,72.7116622924805,72.0209121704102,68.8431091308594,68.6454467773438,60.4324645996094,59.3903388977051,57.9610557556152,54.3758163452148,67.5725021362305,70.0453033447266,68.2179794311523,68.6057586669922,46.8943138122559,43.9266891479492,48.2476692199707,49.7194023132324,39.0713157653809,37.4156455993652,38.4357681274414,42.8901824951172,44.9536476135254,44.8602523803711,40.7688827514648,41.8907127380371,42.1927757263184,42.9736022949219,44.2639427185059,46.0045928955078,47.8768653869629,49.596363067627,50.6763534545898,51.2228660583496
"-97.5",46.8018798828125,46.9485244750977,51.1525192260742,53.0117492675781,54.8802223205566,52.1674003601074,50.7535552978516,51.721263885498,52.8554534912109,56.1561050415039,58.0336761474609,61.2978897094727,64.927978515625,66.1884841918945,66.366943359375,67.8917617797852,69.3057022094727,66.9836883544922,63.8981094360352,64.1337585449219,72.2239990234375,74.4540100097656,80.6612243652344,85.6029968261719,89.1142654418945,93.593505859375,100.698883056641,104.010429382324,102.676406860352,101.312774658203,100.032608032227,98.9308090209961,98.091178894043,97.3501663208008,96.6575393676758,95.7079315185547,94.6467590332031,93.6083679199219,92.7636337280273,91.9525604248047,91.6820755004883,91.5226135253906,91.6275634765625,91.922477722168,92.3203048706055,92.1502151489258,91.8949356079102,91.7089080810547,91.7310180664062,91.6473236083984,90.7785873413086,90.4877319335938,90.33203125,90.254753112793,90.2736129760742,90.2325668334961,90.2252883911133,90.3871459960938,89.8249282836914,89.9459609985352,90.5348663330078,90.9891204833984,91.3078994750977,91.3851013183594,91.1613159179688,90.8432693481445,90.229377746582,89.9273223876953,89.5421905517578,88.6704177856445,87.1448516845703,86.5692520141602,86.9226150512695,87.9626998901367,88.5626525878906,88.8137283325195,88.9974746704102,89.1956634521484,89.2483901977539,89.1596832275391,88.9494018554688,88.2918930053711,86.9788436889648,85.4344711303711,83.8554229736328,81.6150665283203,78.7122268676758,75.0980377197266,71.0660171508789,68.0096435546875,65.7238998413086,64.2086029052734,62.8203887939453,61.7769813537598,60.7970848083496,60.623119354248,62.6557083129883,65.1478576660156,65.7457656860352,64.0681762695312,61.6745758056641,58.9589614868164,56.4791603088379,55.3565940856934,55.5594711303711,57.2794456481934,58.551456451416,59.1409873962402,59.2473526000977,59.7621192932129,63.357593536377,69.6684722900391,88.2422180175781,107.799011230469,91.9642181396484,84.3716201782227,82.9239730834961,84.7787322998047,73.8096313476562,72.6634140014648,74.7945175170898,79.8456115722656,80.8101654052734,80.7396926879883,83.5644760131836,86.3420104980469,82.4343566894531,82.8301849365234,84.0330047607422,86.0262603759766,82.1622543334961,79.2440643310547,78.3785934448242,85.0676574707031,79.8521194458008,83.6580123901367,87.0401077270508,88.5140533447266,86.5712661743164,88.3297576904297,89.1800003051758,88.8387069702148,88.8250579833984,87.6292114257812,89.572265625,89.9916000366211,92.5013275146484,92.707633972168,90.9675674438477,89.5492706298828,87.1587600708008,86.9949417114258,87.0042419433594,85.6531829833984,84.5444183349609,83.8199768066406,80.6774368286133,79.6378021240234,75.9759216308594,69.1045532226562,73.0615692138672,72.1595153808594,68.3175659179688,69.2237014770508,60.4056510925293,59.513988494873,57.5411491394043,53.4644775390625,55.7752838134766,55.8027420043945,63.8799438476562,67.2779846191406,49.7295303344727,44.4508781433105,47.6211318969727,50.3556251525879,38.9687995910645,36.9551086425781,39.1868057250977,42.1729125976562,45.1024971008301,45.0980491638184,43.4448776245117,42.0781326293945,42.0922775268555,42.5921859741211,44.1106376647949,46.1236534118652,47.9059867858887,49.6504325866699,50.6749153137207,51.2313690185547
"-96.25",46.6340980529785,47.0300598144531,51.2396812438965,52.8739318847656,54.6000366210938,52.075267791748,50.880428314209,52.277214050293,53.6149444580078,55.7366676330566,58.4145889282227,61.1717948913574,64.5888824462891,66.4023208618164,65.526252746582,66.6834030151367,68.5996627807617,67.7905502319336,65.0779190063477,65.9120941162109,70.8654479980469,73.8499984741211,79.5698623657227,85.3579788208008,88.959114074707,94.0483932495117,101.070816040039,103.863792419434,102.39591217041,101.108032226562,99.9005966186523,98.7384033203125,97.7704315185547,97.0241470336914,96.3334732055664,95.66796875,94.7980041503906,93.6483154296875,92.5884323120117,91.8831100463867,91.635871887207,91.5440063476562,91.7125091552734,92.0410385131836,92.3303833007812,92.0576782226562,91.7855377197266,91.5357208251953,91.6249847412109,91.3779296875,90.4543762207031,90.0911178588867,89.7622833251953,89.6865234375,89.7060546875,89.7511520385742,89.8320083618164,89.9562530517578,89.7136001586914,90.136848449707,90.6780014038086,91.4172439575195,91.9226760864258,91.843879699707,91.6263732910156,91.3233184814453,90.7598724365234,90.5703811645508,90.3244476318359,89.3630981445312,87.9994201660156,87.6658020019531,88.1506195068359,89.0201416015625,89.3829803466797,89.6517486572266,89.8068618774414,89.9048919677734,89.8664169311523,89.7381057739258,89.4610595703125,88.7311706542969,87.2068634033203,85.7415313720703,84.0363082885742,81.4772415161133,78.0973129272461,73.5637664794922,69.8182907104492,66.9226531982422,64.9038772583008,63.3871955871582,61.9132804870605,60.8266334533691,60.4613990783691,61.1009063720703,63.2762680053711,65.4843444824219,65.6815185546875,63.8110046386719,61.2315101623535,58.4762306213379,56.1127281188965,54.9407005310059,54.7384262084961,56.6984519958496,58.5250663757324,59.2646636962891,59.6652565002441,59.7296447753906,61.6155967712402,66.5890197753906,80.1600875854492,71.9272003173828,69.4109878540039,72.262092590332,77.3612747192383,78.4652099609375,74.6053848266602,75.1872024536133,76.6226425170898,78.1528930664062,80.1054229736328,82.026741027832,84.541748046875,86.704963684082,84.9941711425781,82.3189163208008,80.8817520141602,82.0948486328125,80.1252822875977,77.9395370483398,76.3567352294922,76.1906280517578,78.1048278808594,79.2895431518555,81.8172988891602,85.1853561401367,85.2460098266602,87.0153579711914,86.9109802246094,89.5787582397461,87.8630981445312,88.1593246459961,88.7373199462891,89.2710647583008,89.8602447509766,90.1579437255859,87.4951629638672,87.110595703125,85.3614654541016,85.1789855957031,86.3638381958008,84.8049468994141,84.2577819824219,82.5339584350586,80.8064193725586,79.7819061279297,74.5052871704102,68.9019012451172,68.8219680786133,72.9604797363281,69.7633438110352,69.3308029174805,60.8120803833008,60.4743385314941,57.8052597045898,53.6808319091797,54.6151084899902,53.8516273498535,57.4296607971191,56.465576171875,46.70751953125,44.4271392822266,51.034538269043,50.4476928710938,38.8834648132324,36.7421569824219,39.390453338623,42.0504760742188,44.8290901184082,44.8463363647461,44.5095443725586,42.2389297485352,42.22216796875,42.631046295166,43.8147201538086,46.2212524414062,47.9634017944336,49.7099151611328,50.6766319274902,51.2405281066895
"-95",46.4685020446777,47.1444473266602,51.2594871520996,53.009391784668,54.4018135070801,52.2148094177246,51.159309387207,53.0582008361816,54.9676322937012,56.1455039978027,58.5842247009277,60.9588394165039,63.7894248962402,66.3480758666992,65.2618408203125,65.8097763061523,67.6424179077148,68.1622161865234,66.365364074707,67.1562805175781,70.0376663208008,73.6010437011719,78.8371429443359,84.9104995727539,88.8155822753906,94.1046295166016,101.152458190918,103.575286865234,102.07731628418,100.850662231445,99.7569580078125,98.5978088378906,97.4977340698242,96.7437362670898,96.0904846191406,95.5593185424805,94.7759017944336,93.5302734375,92.5558929443359,91.9341049194336,91.7359924316406,91.6784286499023,91.8412094116211,92.0810165405273,92.1462173461914,91.7489471435547,91.2890090942383,91.1573867797852,91.2547378540039,91.0624847412109,90.2192916870117,89.7752838134766,89.3609008789062,89.2575836181641,89.3815689086914,89.4388809204102,89.4670562744141,89.6106185913086,89.9594345092773,90.5106735229492,91.2112503051758,92.0815582275391,92.4186859130859,92.2928619384766,92.0374526977539,91.7455902099609,91.3996124267578,91.3553466796875,91.0062255859375,89.9602584838867,89.1196746826172,88.9983673095703,89.5245742797852,89.9429550170898,90.2870025634766,90.4873809814453,90.5238265991211,90.4935760498047,90.3740768432617,90.1790542602539,89.6670532226562,88.868766784668,87.4643402099609,85.966682434082,84.0152130126953,81.0500946044922,76.9159622192383,72.318229675293,68.7054290771484,66.0895385742188,64.1923446655273,62.5607070922852,61.0586738586426,59.7992134094238,59.6784934997559,61.2677116394043,63.7795372009277,65.6124267578125,65.5460205078125,63.3096160888672,60.6567268371582,57.9318389892578,55.8102569580078,54.7541236877441,54.4517211914062,56.2010192871094,58.3922653198242,59.7344589233398,60.1079483032227,60.0310478210449,60.6072463989258,63.477352142334,75.9459228515625,63.9497489929199,58.3566131591797,65.4628143310547,69.9757461547852,69.900749206543,71.0355606079102,72.3925094604492,74.534065246582,76.8418426513672,79.0670928955078,81.3078765869141,83.7076187133789,86.3356475830078,86.1913146972656,82.3615264892578,76.2640228271484,77.7515258789062,77.8611907958984,74.9031600952148,74.6881942749023,75.4467391967773,76.6520919799805,77.6164627075195,81.4315719604492,87.3214569091797,83.9900970458984,85.3999099731445,87.4474105834961,86.6470565795898,88.0815811157227,88.905158996582,87.5887985229492,88.1866836547852,88.4815521240234,87.8335876464844,87.8991622924805,87.3366317749023,86.6245651245117,86.5503540039062,86.7361907958984,86.2127380371094,84.9947967529297,83.0307998657227,81.4339141845703,78.1986846923828,79.1827087402344,87.2733993530273,80.7314300537109,72.7121658325195,64.9042816162109,67.2786102294922,64.2763137817383,61.6484031677246,56.0130157470703,53.83056640625,53.4600601196289,52.0102958679199,51.5215682983398,49.8093681335449,48.6699142456055,44.7138900756836,49.0307312011719,49.8097076416016,39.0138511657715,37.4743843078613,37.9519462585449,41.9956817626953,43.6280555725098,44.6949768066406,45.1244468688965,42.4552459716797,42.3819389343262,42.6355323791504,43.6894683837891,46.1173362731934,47.9786567687988,49.7715492248535,50.6669311523438,51.2504005432129
"-93.75",46.6972389221191,47.4236640930176,51.3360328674316,52.9553451538086,54.5056686401367,52.3506889343262,51.8110694885254,54.0665664672852,56.2048187255859,57.4877319335938,59.2188873291016,60.7416305541992,62.8739204406738,66.0152053833008,65.0404510498047,64.9426651000977,66.9655914306641,68.2158355712891,66.4325866699219,67.9834289550781,70.3625411987305,73.7665405273438,78.2505416870117,84.4568176269531,88.6617050170898,93.8725509643555,101.028045654297,103.202026367188,101.758697509766,100.586555480957,99.5579299926758,98.426872253418,97.3447494506836,96.5969848632812,95.9384231567383,95.3676681518555,94.5359268188477,93.5351638793945,92.7352066040039,92.1814804077148,92.0522232055664,91.9506378173828,91.9926071166992,92.1277618408203,92.0080871582031,91.3587875366211,90.8627624511719,90.8420791625977,90.9368515014648,90.7600784301758,90.125732421875,89.6075134277344,89.2119979858398,89.1109771728516,89.4412002563477,89.4606704711914,89.2738189697266,89.5983581542969,90.3003311157227,91.323844909668,92.3076171875,92.9393768310547,93.0911636352539,92.7907333374023,92.5771942138672,92.2804489135742,92.1155700683594,92.0595626831055,91.6969528198242,90.9385757446289,90.1651229858398,90.329216003418,90.6192321777344,90.9928588867188,91.2859039306641,91.3164138793945,91.2803955078125,91.0901947021484,90.7359924316406,90.3783187866211,89.956787109375,89.2529678344727,87.721549987793,86.1686096191406,83.6534576416016,80.2266845703125,75.5317153930664,71.171630859375,67.6506042480469,65.2289428710938,63.4142456054688,61.8889083862305,60.4986228942871,58.888427734375,58.6715888977051,61.1747932434082,63.7991256713867,65.3986511230469,65.093505859375,62.7728958129883,60.163932800293,57.5203285217285,55.7586250305176,54.8965225219727,54.6734848022461,56.0845260620117,57.9692802429199,59.7151756286621,60.4748497009277,60.6149826049805,60.7252540588379,64.1440887451172,82.5496444702148,68.3945083618164,58.6649284362793,64.2735443115234,67.30859375,67.8874053955078,69.7011642456055,71.5463027954102,74.1475067138672,76.816162109375,79.1351165771484,80.9919281005859,82.8163299560547,85.2907333374023,87.5957489013672,84.0036468505859,73.4534683227539,74.3263626098633,73.3244476318359,72.4384689331055,72.8248901367188,73.4966049194336,75.5444488525391,76.6503524780273,78.0662841796875,80.3718338012695,82.1021957397461,83.8232345581055,84.6608657836914,88.8803863525391,87.5174255371094,87.6600112915039,86.0596389770508,87.7844085693359,88.0331802368164,88.0164947509766,87.5579528808594,87.0862121582031,86.6768341064453,86.1935577392578,86.6054229736328,86.6512145996094,85.9860153198242,83.7229232788086,81.379264831543,77.0007705688477,100.536476135254,106.313751220703,109.470848083496,98.9475708007812,72.5388259887695,72.3624649047852,65.8841247558594,62.397876739502,55.4941139221191,53.0525436401367,53.569637298584,51.4793167114258,50.7470321655273,51.0994834899902,57.9575805664062,45.4474258422852,45.9277687072754,48.4906425476074,40.4496955871582,39.0559844970703,36.3399276733398,41.7843627929688,42.8936347961426,44.4637184143066,47.8246765136719,44.4923706054688,42.4032745361328,42.7055854797363,43.7939033508301,45.9968185424805,47.9630851745605,49.7747993469238,50.6601486206055,51.2610511779785
"-92.5",46.7818832397461,47.3693466186523,51.2446746826172,52.9654731750488,54.3033676147461,53.060905456543,52.368766784668,55.2572784423828,57.4827079772949,58.4867897033691,59.8885116577148,60.4733581542969,61.8141937255859,66.3756942749023,64.7008666992188,64.0426330566406,66.4289169311523,68.109001159668,66.7207412719727,69.593879699707,70.6983337402344,73.9085998535156,77.9276657104492,84.1730194091797,88.4694747924805,93.5582885742188,100.830810546875,102.884544372559,101.497291564941,100.401153564453,99.3470230102539,98.2972259521484,97.342903137207,96.5081329345703,95.8196334838867,95.1019668579102,94.470100402832,93.7340393066406,93.1459655761719,92.6002960205078,92.4291000366211,92.2637939453125,92.2981643676758,92.2385025024414,91.8187866210938,91.0625152587891,90.5835266113281,90.5588531494141,90.7148284912109,90.692268371582,90.1293258666992,89.6815795898438,89.1878280639648,89.2630767822266,89.4977340698242,89.577018737793,89.3598861694336,89.7487564086914,90.6375732421875,92.1084365844727,93.1621017456055,93.751823425293,93.7873229980469,93.573486328125,93.4386672973633,93.3217697143555,92.9931793212891,92.8430252075195,92.3786849975586,91.6390991210938,91.0417404174805,91.2939682006836,91.5939483642578,91.9298629760742,92.178955078125,92.1478576660156,91.9573516845703,91.4989318847656,90.9928665161133,90.6418228149414,90.3933181762695,89.5647201538086,88.0031433105469,86.0095748901367,83.0858917236328,79.0875091552734,74.2768402099609,69.9865417480469,66.7166213989258,64.4029998779297,62.5379371643066,61.182933807373,60.012092590332,58.1921463012695,57.8125495910645,61.0770950317383,63.1626892089844,64.5843353271484,64.5614776611328,62.4306030273438,59.7254600524902,57.1196670532227,55.5790367126465,54.8624496459961,54.8818626403809,55.9955749511719,57.4262161254883,58.8911590576172,60.0684394836426,60.4049911499023,62.5563049316406,71.0654983520508,80.1298828125,71.9565582275391,65.2518081665039,62.4216842651367,66.4728698730469,67.5186920166016,69.2000961303711,71.2688293457031,73.9093551635742,76.7271270751953,78.9365615844727,80.7522354125977,82.5420455932617,85.0593185424805,87.6204681396484,82.9167327880859,78.514533996582,75.0306854248047,73.9122848510742,70.7728042602539,70.9667892456055,73.6816482543945,75.3534698486328,76.9334716796875,78.0174179077148,79.4415893554688,80.6590194702148,83.1510467529297,84.5109024047852,85.0130767822266,87.1504135131836,87.8538513183594,85.5102157592773,86.8874130249023,87.4426193237305,88.0403823852539,87.846321105957,86.0340042114258,86.0443420410156,85.5030288696289,85.9343872070312,86.8420944213867,86.3512725830078,85.1589660644531,82.7070159912109,100.546234130859,102.623764038086,104.331184387207,106.748397827148,107.038589477539,84.0657577514648,73.8879318237305,67.6069030761719,61.610782623291,55.4822845458984,52.8665428161621,52.5023765563965,51.0791816711426,56.7490234375,61.301887512207,61.2029190063477,47.6670761108398,43.3556823730469,47.5891799926758,41.7669982910156,37.6502456665039,36.1277923583984,42.3634796142578,42.394115447998,43.1453514099121,48.7144508361816,44.7617340087891,42.4008941650391,42.5800399780273,43.9100379943848,45.9910545349121,48.0291137695312,49.6794509887695,50.6529808044434,51.2725563049316
"-91.25",46.3922386169434,47.4330635070801,51.4881820678711,52.779296875,54.2360687255859,53.5428466796875,53.403507232666,56.4226913452148,58.7613868713379,59.5967788696289,60.8904113769531,60.5085220336914,61.2057762145996,65.0646209716797,64.4653244018555,63.3867225646973,66.065788269043,68.2020645141602,66.9612503051758,71.3902969360352,70.8133392333984,74.11279296875,78.0049591064453,83.8144454956055,88.091423034668,93.3614044189453,100.651077270508,102.675941467285,101.339958190918,100.338500976562,99.2234878540039,98.1915969848633,97.344352722168,96.4719314575195,95.6530609130859,95.006462097168,94.5150451660156,93.9490203857422,93.539909362793,93.105094909668,92.8597793579102,92.6882629394531,92.6681137084961,92.3361434936523,91.6709213256836,90.7395248413086,90.3619842529297,90.5084915161133,90.7023086547852,90.6980514526367,90.1300506591797,89.617301940918,89.2283477783203,89.396240234375,89.6769866943359,89.6989440917969,89.6897735595703,90.0005264282227,91.0616302490234,92.6657485961914,93.7526397705078,94.3674240112305,94.4892959594727,94.5147247314453,94.5363464355469,94.3790283203125,93.9670562744141,93.5491790771484,92.9457550048828,92.1855087280273,91.8154983520508,92.0985260009766,92.5319290161133,92.8841400146484,93.0983428955078,92.9923248291016,92.5317764282227,91.8656997680664,91.3184051513672,90.9746780395508,90.8164215087891,89.7714614868164,88.1750793457031,85.6551666259766,82.1898040771484,77.85986328125,73.0982513427734,68.9915771484375,66.0016326904297,63.5382308959961,61.565372467041,60.4965896606445,59.5390625,57.9275894165039,57.4868125915527,59.8917083740234,61.2313499450684,62.977840423584,63.4589729309082,61.6591453552246,58.9734840393066,56.6190223693848,55.2194633483887,54.6535263061523,54.7696571350098,55.8327674865723,56.7350006103516,57.8497009277344,59.0285797119141,59.2082214355469,69.4468460083008,73.8871383666992,73.348518371582,72.9837951660156,62.9062156677246,65.2766952514648,68.4130859375,68.3388977050781,68.5702133178711,70.7647552490234,73.0995254516602,75.2355422973633,77.1170120239258,79.0364837646484,81.3892135620117,84.3439254760742,87.5036773681641,80.3959732055664,75.3285598754883,76.2563781738281,78.4564743041992,76.4258041381836,75.4253463745117,76.3153305053711,75.9125671386719,75.8935852050781,76.6034622192383,78.5785522460938,79.4681396484375,80.9041976928711,81.9419250488281,82.7008972167969,85.1812057495117,86.0894622802734,84.8740615844727,85.3126831054688,87.6145248413086,87.464225769043,87.6606140136719,85.5721740722656,86.0541534423828,85.6706237792969,85.4931793212891,86.2901077270508,85.9188537597656,85.7751388549805,87.4667892456055,101.585113525391,101.917304992676,103.093307495117,105.156005859375,108.499969482422,99.6673583984375,76.6483764648438,65.1597442626953,60.8641510009766,55.7649345397949,54.0864181518555,52.7240447998047,53.4338760375977,68.5439453125,65.6066818237305,59.5935249328613,54.8221778869629,42.5952568054199,43.4427833557129,42.1792144775391,36.0346565246582,37.1365661621094,42.7497673034668,41.7050476074219,41.9640808105469,48.9211006164551,44.9142723083496,42.6151084899902,42.4461669921875,43.8996543884277,46.0313529968262,48.1289596557617,49.5914497375488,50.6505470275879,51.2849731445312
"-90",46.5894966125488,47.4594535827637,51.5223426818848,52.9989471435547,54.1141929626465,53.8377990722656,54.1597137451172,57.2939987182617,59.6788864135742,60.6592597961426,61.8678970336914,60.9067497253418,61.3178787231445,65.3301086425781,64.2628860473633,62.97265625,65.7070083618164,68.226448059082,67.112174987793,73.2386703491211,71.1933822631836,74.1935577392578,78.1990509033203,83.7373352050781,87.8675231933594,93.4106674194336,101.002792358398,102.596008300781,101.24600982666,100.226089477539,99.117790222168,98.1226425170898,97.2833786010742,96.3370208740234,95.6425857543945,95.0205154418945,94.5213165283203,94.0869064331055,93.8795700073242,93.6186447143555,93.4126434326172,93.192756652832,92.9330368041992,92.3796005249023,91.4989776611328,90.5306777954102,90.3758316040039,90.6753845214844,90.8386535644531,90.7223587036133,90.1550369262695,89.7323150634766,89.3978881835938,89.5942916870117,89.9307708740234,89.9704513549805,90.1145935058594,90.440185546875,91.5162887573242,93.0716094970703,94.2041244506836,94.7751083374023,95.0176544189453,95.2413482666016,95.3348922729492,95.2479782104492,94.6763381958008,93.8825912475586,93.2611312866211,92.5430374145508,92.7334899902344,93.1726150512695,93.4895935058594,93.6165084838867,93.6779251098633,93.3063888549805,92.7513580322266,92.0620803833008,91.487174987793,91.2441482543945,90.8854446411133,89.6898727416992,87.8875045776367,84.9624938964844,81.1464080810547,76.6346282958984,72.0556030273438,68.2338485717773,65.3429107666016,62.5672149658203,60.7196922302246,59.8827438354492,59.1550674438477,58.1128959655762,63.9053115844727,72.6827545166016,57.7894477844238,60.5143661499023,61.9995765686035,60.9648628234863,58.4351844787598,56.0039291381836,54.6211280822754,54.1674728393555,54.3652153015137,55.2240791320801,55.9996490478516,57.0560989379883,58.2088584899902,58.1518211364746,79.014030456543,68.5709609985352,68.826789855957,63.1560440063477,58.8934097290039,70.1365203857422,71.2690124511719,73.0623016357422,69.4821472167969,69.7213134765625,71.2716522216797,72.92822265625,74.5245132446289,76.5388412475586,79.2435607910156,82.2471694946289,86.2167739868164,79.2711563110352,70.1032028198242,70.7285079956055,74.2114181518555,74.038948059082,73.4821395874023,75.1060180664062,80.2362670898438,77.0434494018555,77.1211700439453,78.5798110961914,78.8215560913086,80.0875015258789,82.1997604370117,82.725715637207,83.5125503540039,84.3962631225586,84.777717590332,85.5912704467773,87.7429275512695,85.7014465332031,86.2412872314453,85.5999145507812,85.6488494873047,85.793098449707,85.5194625854492,85.7138137817383,85.8532028198242,86.1486740112305,90.9646301269531,100.56120300293,101.287368774414,102.495796203613,104.125671386719,106.90535736084,110.507431030273,103.014701843262,68.6848831176758,60.3497200012207,55.1296691894531,54.0879325866699,53.1113319396973,59.0562019348145,67.1993713378906,60.7256546020508,52.0403366088867,52.4950675964355,45.895824432373,42.3781204223633,43.3096466064453,40.9829750061035,38.4677352905273,42.7711524963379,41.0713310241699,40.9451217651367,45.9822731018066,45.2600631713867,42.8926239013672,42.5728530883789,43.7613525390625,45.9432220458984,48.1789665222168,49.5663108825684,50.6434364318848,51.298397064209
"-88.75",46.7792510986328,47.5276947021484,51.57421875,52.9102783203125,54.0299339294434,54.3053932189941,55.0396461486816,57.5472030639648,60.0595092773438,61.536190032959,62.2936172485352,61.8504829406738,62.8956260681152,66.4604034423828,64.3651428222656,62.5281295776367,64.5420608520508,68.4313354492188,67.4721221923828,73.9092407226562,71.5871658325195,74.8026962280273,78.3459625244141,83.6850662231445,88.111701965332,94.0596923828125,101.747505187988,102.586853027344,101.119331359863,100.092308044434,98.9946441650391,98.0020904541016,97.0875396728516,96.1939315795898,95.6299896240234,94.9729080200195,94.5473709106445,94.2788543701172,94.2271728515625,94.1556625366211,94.1154937744141,93.67138671875,93.0612411499023,92.3832550048828,91.4414367675781,90.6955490112305,90.7351455688477,90.9692764282227,90.9908676147461,90.842529296875,90.3319625854492,89.9650115966797,89.7027130126953,89.8819274902344,90.0702896118164,90.1970367431641,90.5027465820312,91.2150497436523,92.1681900024414,93.4760055541992,94.5330352783203,95.0837936401367,95.2829513549805,95.5487899780273,95.6997528076172,95.7429580688477,95.1484527587891,94.3870849609375,93.8388214111328,93.6591339111328,94.1590042114258,94.5724411010742,94.6863098144531,94.592041015625,94.3086547851562,93.7101440429688,93.0852737426758,92.413703918457,91.9792022705078,91.7361679077148,90.9211196899414,89.5324935913086,87.3419494628906,84.0304718017578,80.1473770141602,75.2562561035156,71.0152816772461,67.395866394043,64.4662017822266,61.5966110229492,59.9466590881348,59.3067779541016,58.7862129211426,58.4683647155762,59.0291595458984,59.1438598632812,59.5272102355957,61.0249633789062,61.7391128540039,60.5050315856934,58.0797805786133,55.6603660583496,54.0944786071777,53.5145988464355,53.7928810119629,54.543529510498,55.2486572265625,56.3236389160156,57.6717796325684,59.7752494812012,73.1700668334961,73.3491744995117,64.008171081543,64.9597854614258,55.035587310791,56.9228172302246,57.8194313049316,62.954662322998,65.4767379760742,67.6241149902344,69.1604080200195,70.4246063232422,72.1169128417969,74.1800155639648,76.8002090454102,80.2018127441406,84.388542175293,87.6306686401367,79.6561889648438,70.165412902832,69.7993927001953,70.2636260986328,69.5718154907227,70.3257827758789,72.8305130004883,76.0786590576172,76.4206085205078,77.4443130493164,77.02294921875,78.5086517333984,81.5347213745117,83.3994827270508,83.7185134887695,84.4133453369141,83.3652648925781,84.4875793457031,86.8413925170898,86.0707931518555,87.2582778930664,85.4654693603516,85.8050308227539,86.0711975097656,85.8314743041992,85.3127593994141,86.0332946777344,86.3073120117188,93.3478469848633,100.025146484375,100.983444213867,102.08821105957,103.478897094727,105.826667785645,108.909790039062,113.221519470215,76.9217681884766,59.7191047668457,55.8145942687988,54.3120040893555,55.0270881652832,63.943675994873,66.3498306274414,50.9490280151367,45.3231239318848,44.7839317321777,49.5365409851074,41.3194885253906,43.8698501586914,42.1916732788086,40.9748954772949,42.2327346801758,40.4497718811035,40.0163383483887,42.548454284668,46.2543067932129,43.6135063171387,42.8056144714355,43.7689323425293,46.022274017334,48.0617485046387,49.5826148986816,50.6393966674805,51.3129386901855
"-87.5",46.7169609069824,47.5284614562988,51.3956184387207,53.0625419616699,53.8618774414062,54.5545120239258,55.8208465576172,58.1985626220703,60.4221801757812,62.10009765625,62.6411743164062,63.7344398498535,65.7640762329102,67.6881942749023,64.4559020996094,62.2981948852539,64.1685562133789,68.0219039916992,67.9209442138672,73.2880859375,71.5391159057617,75.130744934082,78.4345397949219,83.6497192382812,88.4097213745117,95.0580520629883,102.497360229492,102.486526489258,100.937004089355,99.8292770385742,98.865119934082,97.8260116577148,96.8302764892578,96.1011199951172,95.4867172241211,94.8832626342773,94.5923385620117,94.4839324951172,94.5471420288086,94.6888809204102,94.6688461303711,94.037727355957,93.1583251953125,92.3754425048828,91.5186386108398,91.1241760253906,91.2862243652344,91.3114395141602,91.2463989257812,91.1637878417969,90.6939086914062,90.2993621826172,89.9386291503906,90.0413589477539,90.1636199951172,90.3691864013672,90.9318695068359,91.9188385009766,92.9067993164062,94.1615905761719,95.0781402587891,95.2867279052734,95.2737350463867,95.5653305053711,95.7201919555664,95.559928894043,94.9707641601562,94.5055389404297,94.2995681762695,94.7306442260742,95.254768371582,95.5967864990234,95.6034851074219,95.2662353515625,94.7572555541992,94.1023941040039,93.3365249633789,92.7695999145508,92.5691986083984,92.1449661254883,90.9535064697266,89.3250427246094,86.7028884887695,83.1431198120117,78.9085388183594,73.9698257446289,69.9175720214844,66.2759857177734,63.2558479309082,60.4616928100586,59.0654640197754,58.5261917114258,58.1747589111328,57.5882530212402,57.5134468078613,58.2932739257812,59.9269371032715,61.379810333252,61.5291633605957,59.9072532653809,57.606746673584,55.4725494384766,53.584098815918,52.8290100097656,53.0906410217285,53.7111015319824,54.3150062561035,55.2038650512695,56.8017234802246,63.9155006408691,72.5802536010742,71.4074935913086,65.0729446411133,63.8434638977051,62.693603515625,64.1723937988281,59.1558876037598,59.0738105773926,61.6059722900391,66.4288177490234,67.6315841674805,69.0613861083984,70.65625,72.3688888549805,74.6913986206055,78.1095962524414,82.8534469604492,88.7115173339844,80.1415252685547,70.8285903930664,70.5603790283203,70.8867492675781,71.3303070068359,70.8314437866211,72.6837387084961,75.1311950683594,74.3881072998047,75.8391342163086,76.3435897827148,77.0485534667969,79.4923629760742,79.2191467285156,81.1889953613281,83.6324462890625,83.004638671875,84.4754104614258,85.873908996582,87.0912933349609,85.6174697875977,85.1372680664062,85.7161178588867,85.5209045410156,85.5143280029297,85.3392639160156,85.2648315429688,91.7545928955078,99.4987640380859,99.5889358520508,100.551620483398,101.558464050293,102.705169677734,104.875633239746,107.902442932129,112.327224731445,89.037483215332,59.8257179260254,56.8153533935547,54.5113868713379,63.4179916381836,66.5765762329102,63.7731590270996,46.4411544799805,44.1512756347656,42.5935287475586,48.5484008789062,41.6896133422852,43.7479820251465,43.2505264282227,42.3957824707031,41.6504173278809,39.5880851745605,39.5574836730957,42.1025619506836,46.6602897644043,43.8943710327148,42.9045295715332,43.7461624145508,46.1262397766113,47.99365234375,49.6385269165039,50.6363754272461,51.3287086486816
"-86.25",46.3416137695312,47.6023902893066,51.6611557006836,53.2033500671387,53.4094161987305,54.8313980102539,56.2936325073242,58.2065086364746,60.435920715332,62.241024017334,63.0062713623047,64.9612350463867,66.9560699462891,67.6681976318359,64.3114547729492,62.2161445617676,63.8374824523926,67.5459213256836,69.218505859375,71.4510726928711,71.1729354858398,75.1033020019531,78.4795379638672,83.7031936645508,88.4974822998047,96.0848770141602,103.089706420898,102.285781860352,100.715599060059,99.6380920410156,98.6682510375977,97.6457290649414,96.7566833496094,96.0028381347656,95.3567810058594,94.8208312988281,94.7197341918945,94.6858062744141,94.9387435913086,95.0935592651367,95.0335464477539,94.3897857666016,93.5710754394531,92.6881790161133,91.9042892456055,91.8140182495117,91.9562377929688,91.8226089477539,91.7035140991211,91.6257858276367,91.2388153076172,90.7555694580078,90.3166046142578,90.3388290405273,90.3647842407227,90.7609634399414,91.5778198242188,92.6329345703125,93.5274047851562,94.6322937011719,95.2868194580078,95.2027435302734,95.2007522583008,95.3939208984375,95.601203918457,95.3394393920898,94.8448944091797,94.670036315918,94.865608215332,95.4122848510742,96.0837478637695,96.2547988891602,96.0591583251953,95.6914138793945,95.1724090576172,94.4312515258789,93.5982666015625,93.2526626586914,93.0690155029297,92.1488418579102,90.8174667358398,88.9088134765625,85.926399230957,81.9805374145508,77.2667007446289,72.7315902709961,68.6419677734375,64.8831176757812,61.6125221252441,58.9433937072754,58.0386047363281,57.5505027770996,57.6022605895996,57.2191047668457,57.2068672180176,58.044246673584,59.549373626709,60.7571029663086,60.6150398254395,59.0251235961914,56.7308616638184,55.0736770629883,53.0921440124512,51.9683418273926,52.2675666809082,52.6671981811523,55.3331756591797,59.3797912597656,59.1042594909668,64.8751373291016,62.4752769470215,63.788459777832,62.4034004211426,62.9866104125977,61.5521697998047,62.4187049865723,63.1518783569336,64.5524063110352,65.8871154785156,66.8041839599609,67.7340393066406,68.8395156860352,69.7610015869141,70.8387908935547,73.0299911499023,76.3370819091797,81.1848754882812,86.7839050292969,77.1533660888672,70.523551940918,70.7204055786133,70.8112335205078,71.5801773071289,70.9225921630859,73.6557846069336,72.2631225585938,73.412467956543,73.5348739624023,75.3629379272461,76.0368957519531,76.8887329101562,78.6627044677734,79.5600891113281,82.2585067749023,83.2829208374023,83.2032928466797,85.9722518920898,85.916389465332,84.8525238037109,84.9832077026367,85.6156539916992,85.6139678955078,85.6381607055664,85.1386260986328,84.1360473632812,97.8424758911133,99.0715789794922,99.2261810302734,100.181076049805,101.096282958984,102.203994750977,104.301536560059,107.935813903809,102.440452575684,67.1559753417969,59.8274459838867,56.1463584899902,53.3562850952148,58.290225982666,65.9857177734375,57.5976448059082,44.6639366149902,43.158088684082,42.0130577087402,45.3088684082031,40.7330665588379,43.2986259460449,43.1872749328613,43.3799705505371,41.7075614929199,39.5739784240723,40.1241340637207,42.5323104858398,47.144645690918,44.0772705078125,42.597484588623,43.7573928833008,46.083122253418,47.9916343688965,49.7170372009277,50.6395111083984,51.3458061218262
"-85",46.2988929748535,47.7479591369629,51.6845779418945,53.543155670166,52.9573097229004,54.845401763916,56.9412002563477,58.1758880615234,60.2854881286621,62.1155891418457,62.9525489807129,65.0096664428711,66.8540191650391,66.503044128418,63.7502861022949,61.7807235717773,63.0265731811523,68.0584259033203,71.8380508422852,70.7930526733398,70.8941345214844,74.7353668212891,78.275993347168,83.614616394043,88.4912109375,96.8618240356445,103.275939941406,102.010551452637,100.381896972656,99.3755340576172,98.3641662597656,97.4630889892578,96.7286987304688,95.9818725585938,95.2478942871094,94.7844314575195,94.7459869384766,94.9438171386719,95.2507095336914,95.3607177734375,95.2695617675781,94.7398376464844,94.0898132324219,93.0774536132812,92.3036956787109,92.4134140014648,92.4695434570312,92.2658462524414,92.2245025634766,92.1512908935547,91.8844680786133,91.4619140625,91.0896759033203,91.1243896484375,91.1058731079102,91.473991394043,92.2315139770508,93.2683868408203,93.9329986572266,94.5859451293945,94.8123397827148,94.8655090332031,95.0370483398438,95.2895202636719,95.4222183227539,95.0392990112305,94.7792053222656,94.9286804199219,95.1869812011719,95.7805557250977,96.3660278320312,96.5152206420898,96.3684616088867,95.9784622192383,95.4994812011719,94.7073974609375,94.1689376831055,93.8461837768555,93.2696990966797,91.9245452880859,90.5754623413086,88.3039016723633,84.6981811523438,80.1471176147461,75.1962661743164,70.7867279052734,66.7982406616211,62.9449729919434,59.4708404541016,57.0730628967285,56.6345520019531,56.6542587280273,56.8724708557129,56.6512870788574,56.8971405029297,57.659252166748,58.8800430297852,59.608283996582,59.4169082641602,57.9645614624023,55.838005065918,54.312744140625,52.6344032287598,51.6383209228516,51.7241020202637,52.8703575134277,57.0267562866211,54.307731628418,51.7248191833496,53.915828704834,59.4343528747559,63.5009346008301,61.5324783325195,62.6018257141113,60.9962158203125,61.8063621520996,63.0284118652344,64.3205871582031,65.9406433105469,67.546028137207,68.2391052246094,68.0231628417969,68.2097015380859,69.4650573730469,71.8415832519531,74.8733215332031,79.4713897705078,81.171989440918,68.4677276611328,70.1832046508789,70.6902008056641,71.0286254882812,71.9928436279297,70.5179290771484,69.7294998168945,71.4377365112305,72.8507308959961,73.7386474609375,75.2439422607422,75.8483505249023,76.2769775390625,77.50732421875,78.7700500488281,80.7851867675781,83.1190795898438,83.7377471923828,86.1044845581055,83.6285858154297,84.7317886352539,85.4362945556641,85.2151718139648,85.6928024291992,86.0325775146484,85.0036926269531,84.9628524780273,98.7475662231445,98.4989166259766,98.8616714477539,99.9300384521484,100.788024902344,102.000823974609,104.162628173828,108.300323486328,91.1542510986328,60.0996055603027,58.6453247070312,56.7505912780762,53.6901893615723,52.896614074707,56.8748550415039,50.4379615783691,44.6434783935547,42.6756820678711,42.4378051757812,45.2057037353516,41.0947456359863,41.9263763427734,43.2407684326172,43.7121086120605,41.7380027770996,40.1736793518066,41.4117240905762,44.0392150878906,47.8356132507324,44.4728927612305,42.1310882568359,43.9280052185059,46.027961730957,48.0468788146973,49.7975311279297,50.6447601318359,51.3521308898926
"-83.75",46.4090843200684,47.6514320373535,51.6523895263672,53.6814575195312,52.3926239013672,54.8188285827637,57.6523895263672,58.5915832519531,59.6171722412109,61.5795822143555,63.3115730285645,63.670841217041,65.0891342163086,64.9684600830078,63.003101348877,61.5602035522461,62.6839065551758,68.8331604003906,77.6050872802734,72.9844436645508,70.9775466918945,74.1537780761719,77.9759521484375,83.2641830444336,88.3669586181641,97.4423675537109,102.961402893066,101.493942260742,99.9810028076172,98.9829788208008,98.0666656494141,97.3951797485352,96.7293167114258,95.8965148925781,95.1490097045898,94.7558212280273,94.8304214477539,95.1879272460938,95.5092239379883,95.5434112548828,95.5005187988281,95.2012252807617,94.6225051879883,93.5858688354492,92.7393951416016,92.8310623168945,92.7537078857422,92.6669082641602,92.659065246582,92.6021728515625,92.3381271362305,92.0551528930664,91.9045867919922,92.0490493774414,92.1632308959961,92.3869857788086,93.0072174072266,93.7661972045898,94.2362594604492,94.3174667358398,94.3641586303711,94.6186294555664,95.006233215332,95.3556213378906,95.3915100097656,95.2473068237305,95.2797775268555,95.3251800537109,95.6016998291016,96.1599426269531,96.7096939086914,96.8040237426758,96.6511764526367,96.2998046875,95.8142318725586,95.2024002075195,94.8405303955078,94.2129211425781,93.1462860107422,91.4788284301758,89.7824172973633,86.9490127563477,82.4669952392578,77.2061004638672,72.1999282836914,68.1665115356445,64.7209777832031,60.6916351318359,56.9074516296387,54.7985725402832,55.5445404052734,56.1037902832031,56.1911849975586,56.0369148254395,56.340259552002,57.2004890441895,57.9440307617188,58.3154792785645,57.7521629333496,56.383861541748,54.681526184082,53.3548736572266,52.1561584472656,51.7873764038086,56.6004180908203,52.865104675293,51.0837287902832,59.4585380554199,61.1756057739258,59.7535247802734,63.0720481872559,61.1704788208008,59.8280067443848,60.705638885498,60.5332870483398,61.5688438415527,62.5684814453125,63.6116256713867,65.0605545043945,66.5184631347656,66.9796142578125,66.2425155639648,66.547477722168,68.8974456787109,71.9002380371094,74.4612579345703,77.9655609130859,75.19384765625,67.3719253540039,70.1275253295898,69.1515960693359,70.6166381835938,71.798942565918,71.3592376708984,70.9745559692383,72.2149353027344,71.9993133544922,73.4892807006836,75.0219497680664,75.6761703491211,75.8427963256836,77.5104675292969,78.4030532836914,79.7603759765625,82.2366943359375,82.539176940918,83.7348556518555,84.1471939086914,84.3366470336914,85.1265411376953,85.8607406616211,85.2528381347656,85.919548034668,85.3051910400391,87.0099182128906,98.3918609619141,98.0720291137695,98.5428237915039,99.7366333007812,100.767356872559,102.266708374023,104.374176025391,100.97290802002,99.3059921264648,61.2042121887207,81.0962066650391,59.2741317749023,55.1304664611816,52.6344146728516,52.1976089477539,47.1964454650879,44.2942657470703,41.9872169494629,42.3462104797363,48.7987289428711,45.4879531860352,42.324104309082,43.7247428894043,43.5160636901855,42.5176811218262,42.0558433532715,43.5679893493652,45.5593032836914,48.6118125915527,46.7456893920898,41.9285888671875,43.836727142334,46.0799751281738,48.1071510314941,49.8862037658691,50.6501388549805,51.3574142456055
"-82.5",46.4085273742676,48.0058212280273,51.6491737365723,53.9023017883301,52.0640296936035,54.5878295898438,57.9173355102539,58.6993942260742,59.5055732727051,61.3512115478516,61.7378349304199,62.4375190734863,62.2600326538086,62.6180038452148,62.4659233093262,61.819408416748,62.4753875732422,69.0294647216797,81.6714553833008,75.1487426757812,71.112663269043,73.3148574829102,77.3085861206055,82.6437683105469,88.057746887207,97.7097244262695,102.519371032715,100.782936096191,99.4040908813477,98.5064163208008,97.8130111694336,97.4121322631836,96.7348709106445,95.811393737793,95.025032043457,94.75830078125,94.9275283813477,95.3479537963867,95.6331176757812,95.7342071533203,95.8157577514648,95.7763900756836,95.2966918945312,94.1562118530273,93.3408584594727,93.3030014038086,93.0699234008789,92.9351959228516,92.8209915161133,92.6857452392578,92.3508453369141,92.2151794433594,92.2792587280273,92.4797592163086,92.7872467041016,93.0324478149414,93.5301208496094,94.2961502075195,94.4393463134766,94.1894607543945,94.3331527709961,94.7992858886719,95.3942565917969,95.6865539550781,95.8744354248047,95.8566513061523,95.8606109619141,95.7875595092773,96.0326080322266,96.6435317993164,97.0176315307617,97.0370483398438,96.9235763549805,96.6213989257812,96.18798828125,95.6767501831055,95.1403656005859,94.1968231201172,92.7709655761719,90.8791961669922,88.5435485839844,84.5515365600586,79.3514175415039,73.8252410888672,69.4622497558594,65.6894912719727,62.2024879455566,57.3930244445801,53.6065559387207,52.4450225830078,54.9925498962402,56.144603729248,55.5912971496582,55.1682281494141,56.0412101745605,56.9501953125,57.1133003234863,57.0345611572266,56.3785591125488,54.8779487609863,53.5120658874512,52.4196357727051,51.8744659423828,52.414234161377,59.2948913574219,57.6771469116211,61.1413726806641,61.6147346496582,59.2368545532227,58.7892799377441,58.8166961669922,59.1280212402344,59.488353729248,59.9899826049805,60.4153366088867,61.1730575561523,62.1200294494629,62.9397354125977,64.1299819946289,64.1714019775391,61.2464637756348,64.4942474365234,65.6365356445312,68.5837326049805,65.5580596923828,66.3367004394531,68.3701553344727,63.3728218078613,63.6859130859375,67.762565612793,68.3241577148438,69.7942199707031,71.6658248901367,72.2788772583008,72.6782455444336,73.003288269043,71.9169311523438,72.3233032226562,74.0201187133789,75.6789398193359,75.0600891113281,76.494010925293,77.279296875,78.5260467529297,80.8074798583984,82.6523284912109,84.0019149780273,83.6967620849609,84.8602600097656,85.3217239379883,86.6902236938477,86.2678756713867,85.8230285644531,93.715202331543,93.794792175293,98.1986618041992,97.8044509887695,98.2320938110352,99.5870132446289,101.009796142578,102.711723327637,104.397254943848,95.6509246826172,110.558303833008,68.0859375,99.751335144043,91.714111328125,58.8673477172852,59.7866401672363,51.2046279907227,46.555534362793,43.7572402954102,41.5156631469727,42.3580627441406,52.6222152709961,47.7159271240234,44.9517631530762,44.0216369628906,43.9525375366211,43.780876159668,44.6807556152344,45.3236961364746,46.2190628051758,48.9380226135254,48.7295112609863,42.0841827392578,43.723503112793,46.1418342590332,48.2353858947754,49.9762573242188,50.6456642150879,51.357795715332
"-81.25",46.4145584106445,47.7971000671387,51.6998443603516,54.2108688354492,50.9646339416504,54.2129669189453,58.7695274353027,58.9373626708984,59.4766960144043,60.9453926086426,61.0919647216797,60.8376159667969,59.630241394043,60.7019157409668,62.3584861755371,61.6116981506348,62.1958770751953,67.4054107666016,83.5512313842773,76.2765960693359,70.9481201171875,72.2368087768555,76.3134994506836,81.7206039428711,87.339469909668,97.5256652832031,102.095924377441,100.002128601074,98.6991348266602,97.9245758056641,97.6049194335938,97.295654296875,96.6728668212891,95.7193756103516,94.9073333740234,94.7168121337891,94.9994964599609,95.3702087402344,95.7350540161133,95.9752044677734,96.3742980957031,96.5186309814453,95.9577102661133,94.773551940918,93.9167633056641,93.5492706298828,93.1867370605469,92.8925170898438,92.7594299316406,92.5920257568359,92.401611328125,92.4365997314453,92.5765838623047,92.8594055175781,93.1743087768555,93.5046844482422,94.1751327514648,94.5862884521484,94.4309463500977,94.3715209960938,94.5800399780273,95.2707672119141,95.9357986450195,96.4145889282227,96.5671463012695,96.3352737426758,96.1767883300781,96.1984176635742,96.5226974487305,97.1519470214844,97.3387908935547,97.3236389160156,97.1855392456055,96.9074859619141,96.5547103881836,95.9847869873047,95.2445602416992,93.9091110229492,92.1427459716797,89.6606979370117,86.0417633056641,81.0110397338867,75.9293518066406,70.5976791381836,66.6255722045898,62.8578147888184,58.8049812316895,53.9303321838379,52.8168144226074,58.0510673522949,68.0915145874023,73.2162017822266,61.8789100646973,60.8231391906738,60.9238891601562,61.2602081298828,55.8999557495117,55.6471710205078,55.1651420593262,54.0505294799805,52.7533798217773,51.8227424621582,51.8197937011719,52.9518089294434,52.4031143188477,58.9459800720215,61.1943473815918,60.1492042541504,59.2984619140625,58.476993560791,58.3170547485352,58.5349311828613,58.9972457885742,59.7431106567383,60.3727989196777,61.1158790588379,61.9586296081543,63.0582733154297,64.7926940917969,63.5651054382324,58.7621650695801,63.2614212036133,64.6800689697266,60.3450584411621,56.5060920715332,55.983211517334,60.2698364257812,66.7451324462891,70.4083786010742,74.5711669921875,69.5792999267578,69.3501586914062,69.9372634887695,71.1794052124023,73.5343933105469,74.0238265991211,73.3427276611328,73.8936080932617,74.7624664306641,75.644660949707,75.0632934570312,75.5098724365234,77.8627624511719,78.7109603881836,80.3209991455078,80.5945510864258,81.9132232666016,83.1198959350586,84.9780807495117,86.4285888671875,88.6346969604492,92.2399139404297,92.3761138916016,99.8698120117188,99.3741073608398,98.2544479370117,97.7612380981445,98.2914123535156,99.7804260253906,101.374954223633,102.93741607666,104.416351318359,107.091041564941,86.6915817260742,98.4868621826172,100.588577270508,98.4651565551758,88.7070007324219,85.1361541748047,70.5706024169922,45.9089012145996,43.0305328369141,41.1415596008301,43.4789123535156,56.6534614562988,48.8847885131836,49.1278076171875,46.4145812988281,45.6162567138672,45.7868270874023,47.410213470459,47.1884078979492,46.413761138916,49.3195190429688,49.0881385803223,42.7242774963379,43.7426071166992,46.1979446411133,48.3485107421875,50.0592193603516,50.6603164672852,51.358211517334
"-80",46.3641471862793,47.8015327453613,51.6595649719238,54.6586608886719,50.0086517333984,53.3260040283203,58.8040008544922,59.2847175598145,59.2384452819824,60.5318260192871,60.0205039978027,59.6175842285156,57.6859970092773,59.2039031982422,62.2169342041016,60.965950012207,61.8742866516113,63.0057067871094,79.5223007202148,77.0739364624023,70.7139434814453,71.1078186035156,75.15625,80.7759704589844,86.328483581543,96.7926940917969,101.492500305176,99.5147705078125,98.0484085083008,97.3672103881836,97.3285369873047,97.1333999633789,96.5589447021484,95.6431350708008,94.8109130859375,94.6147079467773,94.9396133422852,95.362663269043,95.9580688476562,96.515495300293,97.0974426269531,97.098762512207,96.2981491088867,94.9354705810547,93.9334411621094,93.4297866821289,93.0954971313477,92.8199234008789,92.6734390258789,92.4865570068359,92.4468536376953,92.6521301269531,92.9857482910156,93.3701477050781,93.6556015014648,94.0438766479492,94.5707473754883,94.6798477172852,94.6221542358398,94.7550201416016,95.218391418457,95.698600769043,96.3859405517578,96.6748428344727,96.7207489013672,96.6136093139648,96.3783798217773,96.5173873901367,97.0996932983398,97.407356262207,97.6027297973633,97.4738540649414,97.2680892944336,97.0332717895508,96.8328323364258,96.2690658569336,95.2253570556641,93.2303314208984,91.0614013671875,87.6857528686523,82.9327926635742,77.9067611694336,72.7150039672852,66.9457168579102,62.4965286254883,57.5700073242188,54.7556037902832,53.5824432373047,60.4795227050781,76.6609802246094,69.7899856567383,65.7842254638672,68.7921752929688,67.9494094848633,61.6934852600098,60.2221832275391,51.4534225463867,54.612850189209,53.3225898742676,52.7591400146484,51.9695777893066,51.1822280883789,51.4595718383789,53.1075248718262,56.5657997131348,51.7038917541504,59.2778968811035,59.8975601196289,59.6178321838379,58.6174583435059,58.2466430664062,58.2888488769531,58.6464042663574,59.4106292724609,60.1977462768555,61.1601219177246,62.0815582275391,63.4610137939453,65.8945617675781,61.67529296875,61.9303779602051,62.9092140197754,63.961727142334,63.1048774719238,63.9335174560547,64.7274780273438,66.1203002929688,69.4260940551758,72.6063919067383,76.9066696166992,78.0373001098633,67.9986801147461,66.8197402954102,69.4099273681641,71.7562713623047,74.5899505615234,74.6384353637695,75.3288421630859,76.0953063964844,75.6225433349609,75.7792129516602,76.391357421875,79.150146484375,79.0932922363281,79.2825622558594,79.4049682617188,80.7801818847656,82.7328872680664,84.2348098754883,85.8601913452148,92.0778579711914,100.969589233398,100.864311218262,99.6890335083008,99.1345138549805,98.8146133422852,98.2422409057617,98.8989944458008,100.436912536621,101.798751831055,103.276550292969,104.481132507324,106.215278625488,106.10115814209,106.644950866699,101.023132324219,96.9897308349609,94.1222991943359,87.2544479370117,84.2244567871094,47.5041809082031,43.9380760192871,41.7766036987305,44.446704864502,55.8055229187012,64.4837799072266,67.8063583374023,49.9362525939941,48.0157089233398,47.6043586730957,48.7626609802246,48.2405395507812,46.4799919128418,48.0903167724609,48.8947906494141,43.382152557373,43.7968292236328,46.2006797790527,48.4414176940918,50.158073425293,50.6623573303223,51.3586616516113
"-78.75",46.4978485107422,47.7085494995117,51.6852226257324,54.6545181274414,48.5862693786621,52.5412940979004,58.8258972167969,59.4611282348633,59.0420074462891,60.2341651916504,59.3338279724121,58.3584671020508,55.8611793518066,58.062671661377,61.354850769043,59.5262069702148,59.6138229370117,61.1897430419922,62.5429534912109,73.6885528564453,71.2197952270508,71.1319580078125,74.3634567260742,80.184944152832,85.2651290893555,95.7073593139648,100.895317077637,99.1036376953125,97.557502746582,96.9276962280273,96.9729995727539,96.8422241210938,96.3651809692383,95.6164703369141,94.7529449462891,94.5663223266602,94.8810119628906,95.5975875854492,96.5966339111328,97.3849105834961,97.8570404052734,97.4772033691406,96.4143371582031,94.8616485595703,93.8068923950195,93.2845764160156,92.8910827636719,92.6545562744141,92.422004699707,92.3328704833984,92.4510879516602,92.8343811035156,93.2421340942383,93.8036117553711,94.2506942749023,94.7576446533203,95.006462097168,94.9537582397461,95.1295852661133,95.3824615478516,95.7280578613281,96.2009887695312,96.6267929077148,96.8983840942383,96.8929977416992,96.5487365722656,96.3789596557617,96.417236328125,96.9137649536133,97.0814819335938,97.350715637207,97.3700103759766,97.336181640625,97.2557830810547,97.0463256835938,96.4088439941406,94.8529663085938,93.0197601318359,90.3169403076172,85.549560546875,80.8422698974609,75.0926971435547,70.4196243286133,65.2678070068359,72.1316528320312,76.3712921142578,77.8846054077148,80.8040084838867,75.7382354736328,67.8429870605469,62.0946998596191,62.6781120300293,66.7468109130859,72.1610946655273,72.0279922485352,69.5940322875977,63.2213668823242,67.5605087280273,59.626407623291,53.7341690063477,50.6798095703125,50.4203491210938,50.9931907653809,53.7879066467285,56.0218505859375,47.5574989318848,58.5112113952637,59.5546569824219,59.5602493286133,58.829532623291,58.3679695129395,58.6039657592773,58.9263114929199,59.7360458374023,61.4714393615723,62.6115798950195,62.8992652893066,64.1997833251953,63.3084678649902,58.6409873962402,62.5241622924805,63.2082290649414,64.096809387207,65.2112045288086,66.3668899536133,67.4267959594727,68.254524230957,69.8400039672852,72.1981430053711,74.8786468505859,78.6873321533203,78.5959777832031,65.1986923217773,66.7152862548828,69.7903823852539,71.8926696777344,73.6452713012695,73.4719009399414,75.2652893066406,75.593132019043,76.3570022583008,78.6876678466797,77.9475173950195,78.4734954833984,78.5531692504883,79.3031768798828,79.8146438598633,82.1123733520508,83.4026260375977,85.2686462402344,87.919059753418,92.5781860351562,96.3387145996094,89.7124786376953,97.289306640625,99.7910766601562,99.5758819580078,100.378196716309,99.7209167480469,102.962730407715,104.308319091797,105.123199462891,106.037422180176,106.935935974121,104.293731689453,101.374565124512,97.4117050170898,93.468391418457,87.1591415405273,83.5525970458984,56.8947525024414,44.5257225036621,42.4024085998535,43.2585754394531,57.0546531677246,69.2300872802734,70.4095153808594,60.1566276550293,52.5013427734375,49.5782089233398,49.266357421875,48.7237129211426,45.9177093505859,47.167366027832,48.07666015625,43.6349983215332,43.7295150756836,46.1324234008789,48.5210456848145,50.2424392700195,50.665355682373,51.3591537475586
"-77.5",46.4560890197754,47.761417388916,51.67919921875,54.2064323425293,48.4063835144043,51.8053131103516,58.5136222839355,59.6194763183594,58.7067413330078,59.4897537231445,58.3108329772949,56.4660606384277,54.3517951965332,56.5651817321777,60.0007514953613,57.8358955383301,57.6938819885254,61.4493026733398,62.8236618041992,74.2812423706055,73.5416030883789,72.3284606933594,73.8846817016602,79.3201751708984,84.3367156982422,94.4065551757812,100.407081604004,98.7768020629883,97.2925491333008,96.5808639526367,96.5030975341797,96.4226684570312,96.1546249389648,95.3724212646484,94.6693344116211,94.4831085205078,95.0857238769531,96.2621612548828,97.5549240112305,98.1907424926758,98.0479202270508,97.3297653198242,96.010986328125,94.3134994506836,93.2232131958008,92.8209457397461,92.6397018432617,92.5182571411133,92.3225860595703,92.3234710693359,92.6263732910156,93.1018142700195,93.596321105957,94.2878875732422,94.9783706665039,95.5334243774414,95.6652145385742,95.8658752441406,96.0908584594727,96.2868728637695,96.4307174682617,96.8317337036133,97.0280075073242,97.1565322875977,97.0548477172852,96.83251953125,96.648567199707,96.5609664916992,96.8063354492188,96.9126510620117,97.1560668945312,97.3360824584961,97.5665512084961,97.6985702514648,97.3992004394531,96.4899139404297,95.2411804199219,93.020133972168,88.3667602539062,83.5424270629883,79.0417404174805,72.8867950439453,71.6536636352539,74.3481674194336,91.8228759765625,87.5086822509766,84.8783569335938,84.1948547363281,77.1089706420898,68.2167434692383,57.772819519043,57.717700958252,61.4387969970703,64.5672225952148,67.3989105224609,68.7780303955078,70.0965042114258,69.0057220458984,64.1410064697266,61.9813003540039,53.1621131896973,52.9342803955078,54.1161270141602,53.046760559082,46.502384185791,53.8649406433105,58.4118919372559,58.929744720459,59.3041610717773,58.937427520752,58.6423988342285,59.1076469421387,59.5998649597168,60.4285469055176,62.8908767700195,63.9009666442871,64.5096130371094,64.62841796875,55.6619682312012,61.3720741271973,61.9836273193359,63.0199966430664,64.0521469116211,65.1254577636719,66.0818481445312,67.1956024169922,68.4872741699219,70.2853622436523,72.2299346923828,73.8455047607422,76.3075714111328,78.6606063842773,77.7839508056641,64.8659896850586,67.4597702026367,69.570671081543,70.177001953125,72.3864669799805,76.2183227539062,77.1452789306641,78.0634994506836,80.128547668457,77.6627807617188,79.2964324951172,79.030632019043,79.8588180541992,79.6330184936523,81.2712860107422,82.6741256713867,84.1198425292969,85.0257949829102,85.2562408447266,84.3152389526367,83.1877593994141,85.3024291992188,101.484260559082,101.29891204834,99.2813262939453,91.9770050048828,96.4738006591797,94.7576293945312,86.1815032958984,100.65567779541,106.906730651855,76.0000076293945,87.845588684082,99.0409469604492,93.8949356079102,84.0777130126953,77.9888534545898,48.7439346313477,45.0649490356445,42.924991607666,44.500545501709,58.3738403320312,66.0381240844727,68.6603622436523,65.2897644042969,62.3297080993652,51.5688323974609,50.360237121582,48.4209518432617,45.6392288208008,46.713508605957,47.0260887145996,43.4321136474609,43.6807975769043,46.031192779541,48.5338973999023,50.3252716064453,50.6721954345703,51.3596954345703
"-76.25",46.7802085876465,47.7150421142578,51.7236747741699,53.9716148376465,49.3737182617188,50.8022346496582,58.0449371337891,59.682544708252,58.7252235412598,58.396671295166,56.9763603210449,54.8078651428223,52.8810348510742,54.9839668273926,57.141242980957,55.5055503845215,59.6087608337402,64.23583984375,62.8007125854492,76.3418884277344,75.948974609375,72.9335556030273,73.2556838989258,78.2135925292969,83.1413879394531,92.6999816894531,99.9917373657227,98.5961227416992,97.0724716186523,96.3870391845703,96.1265182495117,95.9475708007812,95.7521209716797,95.0969543457031,94.6278457641602,94.6069030761719,95.7828979492188,97.3760681152344,98.4384918212891,98.4110870361328,97.5426025390625,97.0998687744141,96.3833465576172,94.6390609741211,93.4656066894531,92.8325424194336,92.7403945922852,92.6141586303711,92.3333435058594,92.3460235595703,92.8415756225586,93.3387069702148,93.9331817626953,94.7795104980469,95.6966018676758,96.2872314453125,96.4296875,96.8686828613281,97.1141586303711,97.474853515625,97.5001220703125,97.5043411254883,97.4027786254883,97.3513793945312,97.1307373046875,96.9209060668945,96.6941299438477,96.5658569335938,96.6118698120117,96.6217346191406,96.9732666015625,97.2576904296875,97.7383575439453,98.0043106079102,97.8137893676758,97.1978912353516,95.6666717529297,91.5553207397461,86.4059448242188,82.0898895263672,87.9125747680664,89.3868637084961,89.9992370605469,90.7661819458008,81.0667190551758,79.1987686157227,74.0225143432617,69.1893463134766,64.0878295898438,57.9384956359863,60.0451812744141,58.3478584289551,55.8289260864258,56.1184234619141,57.2048797607422,59.5562858581543,59.685173034668,62.6712608337402,62.5502014160156,61.9747161865234,59.7942047119141,58.3967628479004,54.9305686950684,49.8543853759766,45.6329612731934,52.722713470459,58.5088081359863,60.150016784668,59.3110961914062,59.1716117858887,59.0095748901367,59.3441429138184,59.7701225280762,60.7037200927734,62.896858215332,63.9640159606934,65.0790557861328,63.8706092834473,57.6917953491211,60.8570709228516,61.4919090270996,62.4837646484375,63.5656623840332,64.729133605957,65.5597305297852,66.6899566650391,68.314567565918,70.1443328857422,71.8559875488281,72.9875259399414,74.9800720214844,77.2971115112305,78.2046356201172,72.2840881347656,69.7357025146484,87.2744064331055,85.547737121582,70.8566970825195,74.9370651245117,77.1730117797852,78.2140274047852,80.0441970825195,78.4555130004883,79.889518737793,79.4432678222656,80.0659255981445,81.2995986938477,81.619140625,82.0422515869141,82.8258972167969,83.4380798339844,85.186882019043,84.7937545776367,83.4305038452148,81.3173599243164,89.7360000610352,93.7089538574219,86.2474517822266,83.5347595214844,82.3437881469727,80.3720474243164,71.0786590576172,98.4209823608398,106.802841186523,79.9185638427734,93.7489700317383,101.261184692383,78.7605133056641,57.7056922912598,54.1520538330078,47.3973731994629,45.3632774353027,45.485767364502,63.9321937561035,60.1770133972168,62.994514465332,65.6553726196289,62.8616638183594,60.7821159362793,57.6821136474609,59.4499282836914,53.1346778869629,46.4003753662109,46.3210525512695,46.4397315979004,43.2603988647461,43.6052169799805,45.8903884887695,48.4091873168945,50.4071044921875,50.6851997375488,51.3602867126465
"-75",46.7054214477539,47.810230255127,51.777214050293,53.4108772277832,50.9448852539062,49.8075561523438,57.0959320068359,59.5889625549316,58.4144096374512,57.1631736755371,54.9163780212402,52.7681350708008,51.354564666748,52.9260940551758,55.4345932006836,55.2651290893555,62.8955268859863,67.2037658691406,63.2479248046875,74.1642913818359,72.1777267456055,70.7654113769531,72.484748840332,77.0296478271484,81.635871887207,90.4724807739258,99.38330078125,98.6755828857422,97.0281753540039,96.2468643188477,95.7695617675781,95.4600067138672,95.1070251464844,94.765510559082,94.5478515625,95.1622848510742,96.9673309326172,98.3932495117188,98.6116714477539,97.8161544799805,96.7123489379883,98.264892578125,99.7013473510742,95.8591156005859,94.4325332641602,95.9293899536133,94.1548309326172,94.1251525878906,92.1446075439453,91.9044570922852,92.3870010375977,93.1571807861328,94.1692886352539,95.2584075927734,96.1774520874023,96.7834320068359,97.4578628540039,98.5524597167969,99.0361785888672,99.3202209472656,99.3598480224609,99.1604919433594,98.9070816040039,98.7005386352539,98.2900695800781,97.8961486816406,97.410285949707,96.9527969360352,96.7027587890625,96.7252807617188,97.1004867553711,97.5824890136719,98.2338256835938,98.8367233276367,98.8329696655273,98.0506210327148,94.950569152832,90.3614501953125,86.9571990966797,91.0433959960938,106.712898254395,97.8944473266602,94.8432846069336,93.3880157470703,77.7401962280273,60.8822364807129,58.3033828735352,61.7859687805176,58.9764633178711,55.0993766784668,53.506893157959,52.2248764038086,52.1071853637695,50.609188079834,49.4977607727051,48.7567443847656,49.3437576293945,52.7231140136719,63.0728302001953,67.8337860107422,68.952880859375,68.6455383300781,63.6369972229004,54.6990966796875,46.6023712158203,48.1177024841309,59.6568412780762,62.7987442016602,59.3952674865723,59.2404594421387,59.0825881958008,59.483341217041,59.7490386962891,60.2446365356445,61.8417854309082,64.8481521606445,65.4957122802734,62.5547981262207,60.3418235778809,60.5067138671875,61.1008033752441,62.0105476379395,63.1129417419434,64.3419723510742,65.1321029663086,66.1348876953125,67.8172760009766,70.0096969604492,71.6006240844727,72.3177642822266,73.5959701538086,75.8219604492188,77.1898498535156,80.200553894043,84.570556640625,89.6863327026367,90.4959869384766,84.8679351806641,73.0154724121094,75.5068130493164,77.2047500610352,78.6437454223633,78.8510894775391,79.1925354003906,80.0225296020508,79.8180465698242,81.6630172729492,82.542236328125,82.2849426269531,82.4126663208008,84.1090850830078,84.5591812133789,84.6821899414062,83.5306625366211,79.9288635253906,83.1310806274414,86.1646499633789,84.8319778442383,83.6956558227539,79.7389984130859,79.1679153442383,70.5994033813477,104.73836517334,106.720649719238,68.4456176757812,91.5598831176758,102.01570892334,93.1942977905273,51.1639213562012,50.8348731994629,47.150821685791,44.4674415588379,54.0591049194336,63.7808837890625,62.2062454223633,62.0243186950684,61.7212677001953,62.1491851806641,55.6629219055176,58.0778541564941,61.7245979309082,62.0630111694336,50.7404899597168,46.8337440490723,45.9930381774902,43.1879920959473,43.6021614074707,45.8296966552734,48.3205986022949,50.4430503845215,50.7062187194824,51.3609466552734
"-73.75",46.3447151184082,47.7308158874512,51.7901153564453,53.0861396789551,51.8796653747559,49.1126556396484,55.7959747314453,59.5203895568848,58.2749252319336,56.0577926635742,53.1327896118164,50.7219161987305,49.3790969848633,51.4515190124512,54.584659576416,56.8025283813477,66.5631713867188,69.0634994506836,64.490364074707,64.4408798217773,67.4372100830078,70.1928482055664,72.4029235839844,76.5926208496094,80.3054733276367,87.8974761962891,98.3551254272461,98.7020874023438,97.0504608154297,96.0593566894531,95.300048828125,94.8510131835938,94.4696884155273,94.2648544311523,94.5434036254883,96.0613174438477,98.0837249755859,98.6229248046875,98.3152694702148,97.7717819213867,94.6698379516602,96.3986434936523,95.5523681640625,84.1050338745117,86.0669403076172,96.815055847168,91.4958038330078,95.3057556152344,96.1440811157227,95.381477355957,95.2378692626953,96.0525665283203,93.7112426757812,95.2358703613281,95.522834777832,96.1193923950195,96.1436462402344,100.651664733887,100.507255554199,100.585083007812,100.43293762207,100.151275634766,99.7105102539062,99.1111831665039,98.6867446899414,98.155876159668,97.8639526367188,97.4878692626953,97.399284362793,97.4570465087891,97.859016418457,98.6119613647461,99.215705871582,99.685417175293,99.173225402832,97.6113052368164,94.2482299804688,89.2256393432617,97.517707824707,112.868362426758,102.362670898438,98.4304580688477,87.2719955444336,82.978141784668,63.8946113586426,56.777214050293,54.3203468322754,52.2464981079102,51.5895347595215,52.0922050476074,52.6156959533691,51.979305267334,50.3946876525879,49.4836769104004,48.4758186340332,48.2831726074219,50.018440246582,50.970817565918,56.1489143371582,61.9670867919922,67.1588668823242,69.6374206542969,66.895751953125,63.3519859313965,54.3051071166992,54.1065559387207,65.7357864379883,67.0922546386719,59.3232078552246,59.3138542175293,58.9745712280273,59.4938201904297,59.7488174438477,59.9678688049316,63.5044364929199,67.5209426879883,67.8674926757812,65.9345474243164,61.5780601501465,61.1845664978027,61.6061706542969,62.3119354248047,63.2527618408203,64.1422805786133,64.9947967529297,66.2097854614258,68.0481948852539,70.2109222412109,71.2809066772461,71.5354461669922,72.3106460571289,74.3137664794922,76.3140335083008,79.3699188232422,84.124755859375,88.4650573730469,89.7175064086914,90.1130447387695,90.5409469604492,75.6325836181641,75.4879302978516,77.4420166015625,79.0342559814453,79.7612228393555,80.9931488037109,80.6031723022461,81.8298416137695,81.8928756713867,81.7876281738281,82.8371734619141,83.5390777587891,85.412239074707,83.3297576904297,82.0865325927734,80.3512268066406,83.3036346435547,83.3379592895508,84.3620147705078,83.7071380615234,80.3025894165039,79.5183486938477,73.5898818969727,105.022956848145,102.856430053711,59.3233909606934,61.6589775085449,85.9820251464844,96.8847351074219,50.5056838989258,49.9027404785156,45.4023818969727,45.7301368713379,58.1477432250977,63.0060501098633,64.4363555908203,62.7188339233398,62.3078346252441,61.9438934326172,56.2252922058105,57.1441078186035,60.6366996765137,61.7919044494629,57.6782646179199,47.3396873474121,46.3622093200684,43.3962669372559,43.6973686218262,45.8476753234863,48.3197135925293,50.4239044189453,50.7198905944824,51.3616790771484
"-72.5",46.3632545471191,47.7431907653809,51.8247604370117,52.9078254699707,52.1536827087402,49.0423698425293,54.3696632385254,59.1296920776367,57.9223136901855,54.9057350158691,51.6278915405273,48.7848815917969,47.8174819946289,49.90234375,54.7054328918457,59.3125839233398,66.252082824707,69.7050933837891,66.5310287475586,66.8004913330078,68.1668701171875,70.8046264648438,73.6116027832031,76.4471740722656,79.0665588378906,85.3338165283203,96.7625579833984,98.6055374145508,96.8205413818359,95.6997146606445,94.8756332397461,94.3348083496094,93.9454803466797,93.6999893188477,94.5029373168945,96.8785552978516,98.5162200927734,98.2165985107422,98.4599075317383,95.7814483642578,93.6211090087891,96.0330200195312,93.8679656982422,90.2022171020508,88.1161499023438,89.5106658935547,93.5294799804688,94.1879425048828,96.9342651367188,98.0342407226562,97.7331695556641,97.5864028930664,93.2346420288086,93.6981430053711,95.2710342407227,96.4818344116211,101.948028564453,103.884010314941,103.790420532227,101.843925476074,100.716766357422,100.117095947266,100.016738891602,99.6862564086914,98.7784881591797,98.1474380493164,97.9520568847656,97.1701202392578,97.2558822631836,97.741455078125,98.5390472412109,99.4392929077148,99.8078308105469,99.7960968017578,98.9023132324219,96.3126907348633,91.8778991699219,85.6412582397461,109.180267333984,102.438331604004,98.6861038208008,99.9578247070312,76.1489028930664,60.2670593261719,64.1056823730469,57.1636123657227,54.7755279541016,55.1610145568848,55.449405670166,55.5379333496094,54.2487678527832,51.069751739502,50.546516418457,49.6110305786133,48.8232727050781,48.5165824890137,50.8780097961426,50.5262908935547,49.4180870056152,50.6252670288086,55.9507713317871,62.9309005737305,68.9582901000977,67.2800827026367,61.5978469848633,57.5974998474121,68.3922424316406,65.3847351074219,62.3441314697266,59.1444435119629,59.057186126709,59.7103157043457,59.9226570129395,60.0121040344238,66.6423873901367,70.1210708618164,69.6080703735352,66.7053680419922,62.5699195861816,62.3504295349121,62.7511825561523,63.0178375244141,63.5214309692383,64.1213912963867,64.877571105957,66.1697082519531,68.2556686401367,70.2403793334961,71.2052536010742,71.4019546508789,71.643684387207,72.8608627319336,74.5000762939453,76.4939422607422,80.5056686401367,85.635627746582,89.1860885620117,90.8425750732422,91.3003845214844,93.3479461669922,74.0358428955078,76.1244735717773,77.8571701049805,79.376823425293,79.9066009521484,80.4368896484375,81.297966003418,82.4112777709961,82.1357421875,83.2948226928711,83.7585754394531,83.9848403930664,83.22900390625,82.1710205078125,82.487434387207,84.1109390258789,83.1211318969727,83.039176940918,83.6455993652344,82.3245086669922,80.1819534301758,87.918830871582,104.953636169434,96.6862487792969,58.9885597229004,58.2201805114746,57.8203620910645,66.5738677978516,50.2362747192383,48.192253112793,45.6486167907715,48.4930267333984,58.7407760620117,64.8675079345703,67.1339874267578,65.7272720336914,66.8099899291992,65.6525573730469,62.1684074401855,57.284496307373,58.8681182861328,60.1197319030762,58.1467018127441,49.6355361938477,46.4638481140137,43.5376319885254,43.9097366333008,45.9103050231934,48.3402290344238,50.4012985229492,50.7482070922852,51.3624992370605
"-71.25",46.3571929931641,47.68212890625,51.7704696655273,52.6716270446777,52.3237762451172,49.7696380615234,52.8065528869629,58.3172187805176,57.5317192077637,53.7277488708496,50.0321960449219,47.4194488525391,47.1874122619629,48.446102142334,55.1429252624512,60.2904510498047,65.4364013671875,69.3167953491211,67.9388885498047,69.0162506103516,70.4068603515625,71.0736999511719,72.8414535522461,75.7011566162109,78.0853424072266,82.8771057128906,93.3843307495117,98.3748779296875,96.5159149169922,95.2053527832031,94.2701034545898,93.735725402832,93.2652435302734,93.2136764526367,94.7801361083984,97.8760147094727,98.6862258911133,98.8321075439453,98.6101303100586,94.6385345458984,94.9533538818359,96.0331497192383,100.431846618652,101.584838867188,101.626800537109,101.177368164062,98.6271514892578,98.4773254394531,97.4297943115234,96.7805786132812,96.4533767700195,96.9727783203125,97.2368698120117,97.3722305297852,97.9719619750977,100.075889587402,104.63606262207,106.391738891602,114.664573669434,118.392860412598,119.629768371582,122.694290161133,127.134674072266,133.754806518555,133.589874267578,134.701858520508,118.926048278809,108.630783081055,107.076324462891,105.272094726562,102.752647399902,101.153450012207,100.365760803223,101.770660400391,105.114540100098,106.133888244629,103.552429199219,107.44359588623,101.001609802246,101.698333740234,98.8716278076172,91.3536605834961,63.398250579834,58.037410736084,58.401439666748,56.0610466003418,55.6975593566895,56.6060104370117,56.4830627441406,54.2597274780273,52.3444061279297,50.7127227783203,50.1548614501953,49.1975898742676,48.6207847595215,48.499195098877,49.766544342041,49.3177146911621,47.6762619018555,47.0180473327637,48.4920654296875,51.7996215820312,54.3748092651367,57.2330551147461,59.539680480957,61.3673133850098,72.4342651367188,65.5058288574219,63.1543655395508,59.2696685791016,59.2162437438965,59.8586692810059,60.1877899169922,60.372673034668,66.5443725585938,66.9605255126953,72.6464004516602,66.4008331298828,62.9813385009766,63.2485008239746,63.6049957275391,63.6883888244629,63.7919502258301,64.1596527099609,64.722785949707,66.0236740112305,68.1850738525391,70.2612915039062,71.069465637207,71.2845306396484,71.4557037353516,72.1006164550781,72.6799468994141,73.8468246459961,76.8274230957031,81.6393051147461,86.7786178588867,90.021728515625,90.0351409912109,93.7081985473633,84.1319274902344,76.4983749389648,77.5305938720703,78.5416564941406,79.2173233032227,80.4405212402344,81.0652008056641,82.1340179443359,82.2169189453125,83.2886505126953,82.8409805297852,84.9739608764648,83.5813064575195,84.6890869140625,85.0992202758789,83.4137268066406,83.2256469726562,82.0924835205078,83.3887252807617,82.9541549682617,82.662971496582,106.613021850586,106.644104003906,69.2168045043945,60.6066627502441,57.8412895202637,56.242015838623,50.7169876098633,48.8665466308594,47.6303443908691,47.2773246765137,61.0781135559082,61.0738143920898,67.6279296875,69.4611892700195,69.9567184448242,71.0009231567383,71.9356536865234,61.4398918151855,55.6387329101562,59.1279335021973,58.4111595153809,56.3573837280273,51.6223182678223,46.4946098327637,43.483039855957,43.9825057983398,46.042839050293,48.3849678039551,50.4007301330566,50.7594947814941,51.3634147644043
"-70",46.3822441101074,47.7107467651367,51.6733627319336,52.4421882629395,52.5834274291992,51.282356262207,51.4876251220703,57.2041053771973,56.6661720275879,52.2526779174805,48.6451072692871,46.4611167907715,46.1623573303223,48.1309432983398,55.6384544372559,60.840217590332,63.6914825439453,68.5652008056641,68.9053726196289,70.5503463745117,71.9053802490234,72.4975357055664,72.944580078125,75.4684066772461,78.1159210205078,81.2534332275391,89.2625274658203,97.6075592041016,96.1994934082031,94.6024322509766,93.2388076782227,92.3976974487305,91.784912109375,92.3194732666016,95.0683975219727,98.3304748535156,98.831298828125,98.2299880981445,95.2412490844727,95.6040115356445,98.6886291503906,98.0596771240234,101.127990722656,105.223861694336,103.376441955566,103.652442932129,102.609992980957,103.99390411377,101.206069946289,101.402153015137,99.599479675293,102.459632873535,101.766914367676,103.014778137207,107.251609802246,115.740913391113,121.535263061523,125.878410339355,115.53751373291,122.380058288574,127.351089477539,137.580184936523,147.274215698242,150.969131469727,153.226501464844,148.264312744141,154.290725708008,152.8037109375,152.864242553711,142.8603515625,128.983322143555,122.628021240234,122.06079864502,120.493347167969,130.806488037109,140.551956176758,136.878890991211,117.773651123047,104.327850341797,103.112602233887,97.7297058105469,81.3939971923828,55.3007888793945,63.8971290588379,59.6026649475098,57.8567657470703,57.3903770446777,56.1843605041504,53.9504890441895,53.1796798706055,51.6429672241211,50.4209022521973,49.7307510375977,48.6888236999512,48.0652885437012,47.6610298156738,47.7949752807617,47.6989097595215,47.1052474975586,45.5599594116211,44.1676597595215,45.5635452270508,47.2926216125488,51.9079322814941,54.9262046813965,58.1816062927246,70.057746887207,72.4882507324219,63.195426940918,59.3035049438477,59.3616409301758,60.0326766967773,60.3804550170898,60.6460838317871,65.6211090087891,66.6943588256836,63.804630279541,66.0290298461914,63.2041206359863,63.5563735961914,63.8876762390137,63.8240776062012,64.0139541625977,64.4901504516602,65.0032806396484,66.1332244873047,68.2647399902344,70.4791946411133,71.0893707275391,71.0773010253906,71.4310684204102,71.9254760742188,71.8911437988281,72.3816833496094,74.3608627319336,78.6618347167969,83.9661636352539,88.1045379638672,88.3971862792969,90.1144561767578,93.0580902099609,97.6262969970703,94.2159118652344,78.2822036743164,78.6248779296875,79.9635848999023,80.9264221191406,82.0640258789062,82.5012817382812,83.2405090332031,82.5303115844727,81.9974594116211,82.480842590332,85.5369033813477,83.9557189941406,83.3475112915039,83.0770492553711,83.7417907714844,83.0600967407227,96.3291702270508,89.5827178955078,105.597175598145,101.839851379395,64.9441223144531,60.3037796020508,57.2000465393066,55.1733055114746,51.6862525939941,47.7603302001953,48.8810844421387,48.7646408081055,64.5256729125977,65.9864120483398,70.0062408447266,71.730224609375,71.3366928100586,74.9773101806641,61.0378265380859,49.8938179016113,45.9913139343262,50.2699394226074,56.9454498291016,54.5607528686523,51.8884315490723,46.3258476257324,43.2776870727539,43.9898567199707,46.2021408081055,48.4583282470703,50.415828704834,50.7725563049316,51.3644409179688
"-68.75",46.3847694396973,47.6224899291992,51.6405944824219,52.3530731201172,52.7991828918457,52.323299407959,50.1767807006836,55.2461700439453,55.8941040039062,50.7155952453613,47.2652549743652,45.4987525939941,45.257942199707,47.8994636535645,54.6863861083984,61.011302947998,63.2990531921387,67.1867218017578,69.3214797973633,70.821533203125,70.3929595947266,70.4566955566406,72.1496047973633,77.4735260009766,81.8215942382812,81.4476318359375,84.9154357910156,95.8242721557617,95.7931060791016,93.8531188964844,91.9674301147461,90.3943252563477,89.3614196777344,90.0691452026367,94.1262664794922,97.9390029907227,98.7809829711914,97.9764938354492,95.5353775024414,96.427360534668,93.8715362548828,92.4157333374023,93.8056106567383,106.240264892578,105.093360900879,103.933158874512,104.966918945312,104.014122009277,107.332389831543,108.01195526123,106.384056091309,105.099502563477,107.440483093262,106.263084411621,106.976379394531,108.788093566895,113.758186340332,117.237426757812,114.736862182617,105.422882080078,102.017471313477,106.850746154785,113.133865356445,127.903732299805,145.720916748047,159.197494506836,163.261657714844,164.488494873047,167.914566040039,167.947738647461,159.941864013672,161.532012939453,151.986618041992,157.015899658203,156.272827148438,156.973876953125,134.426498413086,110.924385070801,99.6202774047852,93.2688293457031,81.4541244506836,64.8140106201172,63.9567527770996,63.4227714538574,58.513355255127,56.3759269714355,54.114070892334,53.3841934204102,52.5338554382324,52.2739524841309,51.2075080871582,49.8354530334473,49.1213569641113,47.9877395629883,47.5839920043945,47.1362953186035,46.6725234985352,46.321159362793,46.0472831726074,44.5472373962402,45.8112106323242,46.2793235778809,46.8080253601074,50.612865447998,54.9789276123047,56.6420402526855,69.3012390136719,67.4076080322266,61.2088775634766,59.3349990844727,59.4851112365723,60.1169090270996,60.4979629516602,60.8383865356445,63.9402046203613,65.9414215087891,64.10009765625,63.6802749633789,63.2290954589844,63.3340148925781,63.8251342773438,63.9942245483398,64.2680969238281,65.0375518798828,65.8747863769531,66.7025527954102,68.476806640625,70.4153900146484,71.2988662719727,71.2488555908203,71.7670135498047,72.2225112915039,72.0731887817383,72.1372604370117,73.3481674194336,76.6587448120117,81.6712188720703,86.4530410766602,87.7166213989258,88.6225128173828,90.6451797485352,94.7592926025391,100.629676818848,77.8822326660156,77.6409759521484,78.9709396362305,80.6797485351562,81.7202301025391,82.7546234130859,83.1347274780273,83.2741622924805,81.1748733520508,81.2217102050781,81.8488464355469,83.0344619750977,83.5708923339844,82.8898010253906,82.6177597045898,100.538047790527,107.457382202148,105.33814239502,105.066734313965,75.3460998535156,64.6850051879883,60.6772308349609,56.1803932189941,52.6823081970215,51.5473861694336,48.520694732666,49.4305572509766,53.0545921325684,62.3862648010254,68.4264373779297,71.9872589111328,73.5648727416992,71.8487701416016,69.0774841308594,48.2370185852051,50.1840934753418,47.1772270202637,44.0845184326172,52.6440086364746,53.2309341430664,50.9682426452637,45.8657875061035,42.8875885009766,43.8753204345703,46.3809814453125,48.5655288696289,50.427490234375,50.7875137329102,51.365592956543
"-67.5",46.5036010742188,47.6923599243164,51.4228897094727,52.089054107666,53.0627212524414,52.281120300293,47.9246978759766,52.204662322998,53.4593353271484,48.2735328674316,45.3913192749023,44.6781120300293,44.7365875244141,47.3853988647461,53.8440437316895,61.4006614685059,63.9377174377441,65.7359008789062,69.3937149047852,71.3420104980469,70.8982315063477,70.9495544433594,70.8844680786133,74.3097457885742,76.8078460693359,81.6419448852539,82.5374221801758,91.9674072265625,95.0360946655273,93.0510482788086,90.8187408447266,88.6075897216797,87.1712265014648,87.3877868652344,91.4454650878906,97.0838088989258,98.6852111816406,99.2122344970703,97.6755752563477,95.3967819213867,92.3130798339844,91.0402221679688,90.2366638183594,90.9953918457031,108.002456665039,107.536956787109,106.870979309082,105.23070526123,110.61491394043,111.001190185547,110.141761779785,111.44367980957,110.179641723633,105.149787902832,109.304290771484,110.153877258301,110.122047424316,108.644165039062,106.516639709473,103.099266052246,104.532424926758,107.781265258789,101.578407287598,99.119499206543,97.8465423583984,125.860145568848,152.430099487305,165.129684448242,175.42399597168,174.687347412109,171.588256835938,167.622680664062,163.493438720703,155.674911499023,137.235931396484,126.429565429688,120.411140441895,104.562713623047,87.6934356689453,71.7280578613281,61.4010314941406,70.01708984375,67.8982315063477,62.1239356994629,58.2268142700195,54.4682312011719,53.9246292114258,53.8536491394043,53.8723449707031,51.9988021850586,50.6350440979004,49.5478744506836,48.6644477844238,47.7549476623535,47.035774230957,46.8177909851074,46.501766204834,45.8444061279297,45.2350540161133,44.0940055847168,51.6376190185547,53.6999816894531,52.6762390136719,57.0088729858398,59.2810211181641,66.9435195922852,71.0329818725586,69.1709365844727,60.4740333557129,59.2997589111328,59.5911865234375,60.2086601257324,60.4858856201172,60.7878150939941,62.6402549743652,63.009449005127,62.8734016418457,62.809440612793,63.0941467285156,63.4222564697266,64.0609893798828,64.657829284668,64.916015625,65.7000274658203,66.6647109985352,67.5993728637695,68.9891891479492,70.4850769042969,71.2258148193359,71.5307083129883,72.2974090576172,72.8406829833984,72.9445648193359,73.1820068359375,74.1679153442383,76.6125793457031,81.0917205810547,85.6206741333008,88.0082626342773,89.0543746948242,90.5945358276367,93.8536911010742,98.9059295654297,87.8446960449219,75.7312622070312,77.6955490112305,79.2384567260742,81.1676406860352,95.1838531494141,85.1113586425781,82.6748275756836,81.1122131347656,78.0160064697266,80.6141128540039,84.6460800170898,83.4622421264648,82.3225784301758,86.7137832641602,107.752899169922,105.735443115234,104.250862121582,103.830177307129,67.9912567138672,64.0576629638672,60.2744522094727,55.5394668579102,51.2231674194336,51.1475982666016,58.6165924072266,60.4669075012207,60.0555267333984,65.1185684204102,70.654167175293,74.6179580688477,75.4172897338867,71.6558685302734,69.5999221801758,49.6965751647949,50.3706474304199,47.9232406616211,41.7629356384277,46.2638206481934,52.381721496582,49.5042572021484,45.4589004516602,42.6996574401855,43.571231842041,46.4969863891602,48.7214393615723,50.4437370300293,50.7992973327637,51.3668975830078
"-66.25",46.7859153747559,47.526496887207,51.3800201416016,51.8563995361328,53.105842590332,51.6297187805176,45.2707138061523,48.366039276123,50.262752532959,45.3795623779297,43.8636665344238,43.8947906494141,44.484504699707,46.2854347229004,51.9853210449219,60.5304565429688,65.0386352539062,65.3238143920898,71.8550720214844,74.2131500244141,74.199089050293,74.7898635864258,72.7468948364258,74.5125045776367,75.1937866210938,80.361686706543,82.5985946655273,87.9865493774414,93.5982894897461,92.4248657226562,90.2021331787109,87.9446334838867,86.5947799682617,86.1974716186523,88.5000305175781,94.1389999389648,97.1493911743164,97.5214462280273,96.6020812988281,93.7968673706055,91.7157440185547,90.6679458618164,90.0997009277344,89.9974517822266,96.1665191650391,104.639122009277,95.2699279785156,91.9759521484375,106.982429504395,111.311210632324,110.849090576172,110.489082336426,109.35865020752,105.536933898926,105.557174682617,102.831939697266,102.35009765625,96.5372695922852,96.9428253173828,99.0954971313477,98.0512008666992,99.1533813476562,105.595680236816,100.318786621094,89.4641952514648,83.307243347168,89.3178024291992,106.061058044434,115.077178955078,117.369918823242,118.071983337402,117.904182434082,121.099967956543,123.808280944824,138.86994934082,122.821083068848,108.806816101074,91.0201187133789,69.8251647949219,62.0752449035645,69.7762069702148,71.0395202636719,63.7806663513184,59.601749420166,55.1938133239746,53.1146278381348,54.2019538879395,54.8530197143555,55.1789474487305,52.4992980957031,50.4462738037109,48.9120407104492,48.430305480957,47.692798614502,47.011547088623,46.9200859069824,48.7675323486328,49.3464698791504,48.5066833496094,48.4999122619629,59.9702987670898,61.6531829833984,59.6054763793945,62.7771530151367,69.1503829956055,71.1921844482422,80.3785247802734,67.1259918212891,60.2743186950684,59.2236976623535,59.6593437194824,60.1799659729004,60.6454162597656,60.992073059082,62.4384727478027,64.133415222168,62.9574012756348,63.0168952941895,63.4550971984863,64.0238037109375,64.712158203125,65.5190658569336,65.9802474975586,66.3938827514648,67.2133407592773,68.2710494995117,69.5481567382812,70.592529296875,71.0332565307617,71.4420394897461,72.3523635864258,73.214469909668,73.8099517822266,74.385368347168,75.24853515625,77.4318618774414,81.475700378418,85.9768981933594,88.7683486938477,90.2393341064453,91.7276916503906,94.3162994384766,94.2335052490234,81.3964385986328,74.3257141113281,75.9778289794922,78.0330657958984,80.2357559204102,101.412803649902,92.8104400634766,83.1701812744141,82.7249755859375,78.1446685791016,78.67138671875,82.0838470458984,83.4513092041016,82.5224914550781,85.6970901489258,102.071578979492,106.060874938965,104.201530456543,102.090759277344,95.4320220947266,64.4168395996094,60.416561126709,55.4895477294922,51.9566116333008,51.9198226928711,64.6476287841797,74.5887298583984,67.3139114379883,69.1885986328125,74.3274230957031,77.0821228027344,77.8797454833984,73.3279647827148,66.4963989257812,52.7634887695312,51.4151420593262,49.1683654785156,42.7187728881836,42.1700325012207,50.7400856018066,48.3643112182617,44.7731437683105,42.7839965820312,43.3489608764648,46.5489654541016,48.8607597351074,50.4756164550781,50.8128089904785,51.3683891296387
"-65",46.348388671875,47.3468475341797,51.2582626342773,51.5788383483887,52.8995170593262,50.5407333374023,45.7574234008789,43.6801452636719,45.7378807067871,42.2796783447266,42.5127258300781,43.0582313537598,43.7193450927734,45.6034278869629,49.9925422668457,58.604175567627,63.9817848205566,65.619873046875,70.8225631713867,73.2057952880859,74.1061325073242,74.8644790649414,74.0807571411133,73.5896224975586,73.3765869140625,77.002082824707,84.6472320556641,85.6782913208008,91.3924255371094,91.8672332763672,89.7620620727539,87.7467041015625,86.7560806274414,86.1567687988281,86.8353652954102,90.8457183837891,94.939453125,95.6683959960938,94.4728622436523,92.7617568969727,91.2825775146484,90.266471862793,89.7995223999023,89.7851943969727,90.0605239868164,90.3289184570312,90.1610870361328,90.0100708007812,90.2449951171875,104.170433044434,105.99201965332,107.584274291992,105.837890625,104.48616027832,103.014381408691,101.666412353516,98.2055435180664,97.731689453125,97.404899597168,94.508430480957,89.7944030761719,96.890380859375,94.1570434570312,86.7902221679688,101.329208374023,88.5485992431641,70.2250289916992,69.2769393920898,71.2382354736328,75.0202713012695,80.0026626586914,85.8770141601562,90.2987823486328,94.7077865600586,97.864616394043,97.6097793579102,88.9980773925781,73.8630523681641,65.1896667480469,71.4239501953125,70.6226272583008,64.4919509887695,58.1079750061035,55.3662033081055,54.0927200317383,55.5133590698242,56.6382789611816,56.3223876953125,53.5761566162109,51.8496170043945,49.7541580200195,48.6784286499023,48.1121940612793,47.5252647399902,46.9772186279297,46.891414642334,50.1000556945801,51.0822525024414,51.2031402587891,54.633228302002,64.5440673828125,66.9421997070312,64.6583633422852,64.9688186645508,80.8451232910156,83.9341278076172,91.3358993530273,65.3635025024414,59.8406867980957,59.3061714172363,59.7684745788574,60.1025619506836,60.5086822509766,61.0673408508301,62.4913520812988,63.5084495544434,63.419548034668,63.5460624694824,64.0462112426758,64.7340393066406,65.3518218994141,66.0715255737305,66.8178405761719,67.0631637573242,67.7568511962891,68.8205337524414,69.9603958129883,70.3886795043945,70.3510437011719,70.5998611450195,71.5182495117188,72.5311279296875,73.8634490966797,74.8723983764648,75.6063232421875,77.608757019043,81.1801147460938,85.4161224365234,88.8799133300781,90.9512329101562,92.698600769043,95.1086883544922,91.0734329223633,73.8447418212891,74.9192428588867,81.5477828979492,86.2793502807617,85.7841567993164,101.337661743164,93.9754257202148,83.4087371826172,82.7773361206055,78.4773635864258,78.3369903564453,81.4623260498047,83.1025314331055,83.0753326416016,81.7042999267578,87.6649627685547,99.8736267089844,104.344673156738,106.702270507812,112.680572509766,88.5986785888672,87.8201599121094,59.6369285583496,52.9012565612793,52.186595916748,70.1520843505859,74.0489654541016,72.1659317016602,74.1889877319336,77.919319152832,80.6982498168945,80.8782043457031,75.7796859741211,69.6034240722656,53.9627151489258,51.5273551940918,50.4860610961914,44.4512023925781,40.0359420776367,48.2631416320801,47.5369911193848,44.2462463378906,43.0027465820312,43.3142204284668,46.4626083374023,49.0237312316895,50.5004768371582,50.8353996276855,51.3701171875
"-63.75",46.8423042297363,47.2256507873535,51.2214012145996,51.2346229553223,52.3738822937012,49.1181640625,46.5691032409668,39.763011932373,40.9521980285645,39.572696685791,41.5469932556152,42.7666435241699,43.4325828552246,44.9221496582031,48.7995338439941,56.8388214111328,62.2299537658691,65.6225814819336,68.6185531616211,69.5262222290039,69.9431991577148,70.0288543701172,68.7787475585938,68.1595001220703,68.8272476196289,73.5432891845703,82.2599411010742,86.3002319335938,90.4132308959961,91.5011138916016,89.6126251220703,87.8104095458984,87.223747253418,87.01171875,87.2662887573242,89.5095291137695,93.4994277954102,94.8943328857422,93.7156753540039,92.1986465454102,91.0321197509766,90.0201797485352,89.4012832641602,89.1097793579102,89.2939224243164,89.5186004638672,89.3252105712891,89.2990188598633,89.4364700317383,89.301628112793,91.4793319702148,93.9336395263672,98.3966369628906,104.273162841797,101.050636291504,99.4236450195312,100.613372802734,99.239143371582,99.4552154541016,95.3242263793945,83.377311706543,83.5936889648438,89.1690521240234,87.0884094238281,96.8192443847656,93.0902328491211,84.3922119140625,83.7827758789062,71.3878173828125,69.183837890625,67.7171783447266,67.3115310668945,69.2179489135742,72.5298919677734,75.8768005371094,75.2370529174805,70.4535369873047,70.3312072753906,76.0451431274414,69.4202423095703,84.5443954467773,67.4248046875,56.6874732971191,56.9912872314453,58.8157234191895,59.5639953613281,57.415714263916,55.4047088623047,51.7668228149414,50.0746078491211,48.8997077941895,47.9845848083496,47.5520515441895,47.3236045837402,47.1328430175781,46.6944770812988,48.343677520752,49.3398094177246,51.3961753845215,58.2569160461426,65.8160247802734,66.5563888549805,64.4571838378906,66.801513671875,88.295783996582,84.8150482177734,94.0407485961914,67.3633346557617,59.5743560791016,59.6052093505859,59.9577674865723,60.1678581237793,60.502010345459,61.2329483032227,62.4708404541016,63.3329048156738,63.5449905395508,63.8490180969238,64.4496078491211,65.1828842163086,65.8831253051758,66.5483016967773,67.3264465332031,67.6038436889648,67.9010925292969,68.672966003418,69.6295394897461,69.9841613769531,69.6387710571289,69.6524200439453,70.4694442749023,71.8918151855469,73.9105529785156,75.0208511352539,75.585693359375,77.4621276855469,80.3290710449219,84.2682876586914,88.1878433227539,90.9763870239258,93.1948318481445,94.8480453491211,97.6188201904297,87.3550262451172,75.9184188842773,89.6191940307617,97.2891998291016,98.3505401611328,100.362037658691,91.7094268798828,83.671272277832,83.6311645507812,80.8229904174805,79.9307022094727,80.7336730957031,82.4529800415039,83.2904586791992,82.6558456420898,91.1334991455078,101.405281066895,104.105529785156,106.458518981934,110.037536621094,113.984603881836,118.657249450684,76.0147476196289,55.2217102050781,73.8288803100586,78.4594955444336,79.3888168334961,78.3966598510742,79.6338577270508,82.2961578369141,83.5782775878906,83.5876922607422,78.9662094116211,72.9305114746094,55.0101013183594,52.3693008422852,52.1545219421387,46.5282516479492,39.8954772949219,44.823356628418,46.8367462158203,43.9760589599609,43.1743659973145,43.4248352050781,46.3437461853027,49.168514251709,50.5514984130859,50.8444404602051,51.3721122741699
"-62.5",46.343391418457,47.3370399475098,51.1737785339355,50.98583984375,51.6827583312988,48.2783508300781,46.9675140380859,41.9992828369141,39.1256141662598,37.6395797729492,39.7993202209473,41.7233505249023,42.5747566223145,44.7321510314941,48.4357070922852,54.480411529541,60.2433242797852,63.5947265625,65.5199508666992,66.0812606811523,66.5929412841797,66.805908203125,66.6421127319336,66.084114074707,67.8953857421875,71.6583938598633,79.8880157470703,82.3699951171875,89.4162521362305,91.168571472168,89.6830444335938,88.1506805419922,87.9874267578125,88.2863922119141,88.9805755615234,90.4890899658203,93.1835479736328,94.3871307373047,93.1059265136719,91.782112121582,90.7277297973633,89.7901382446289,89.1387252807617,88.5595397949219,88.2710418701172,88.1893844604492,88.3194274902344,88.2035980224609,88.6106185913086,89.5116500854492,89.5268325805664,88.9773864746094,91.9991073608398,94.1504592895508,92.2263488769531,91.612922668457,96.2142486572266,98.3814544677734,95.1909484863281,91.0532531738281,88.4669036865234,93.4252090454102,93.0090942382812,86.0496826171875,86.5169372558594,84.6686401367188,82.2069702148438,81.9279632568359,83.788688659668,86.3996734619141,91.7792282104492,87.4977722167969,82.1431579589844,74.2828903198242,76.1879501342773,85.1438064575195,97.3480606079102,82.2994766235352,75.1754455566406,67.0779190063477,62.0056266784668,57.9126625061035,59.6553840637207,62.5448989868164,63.076530456543,61.3414039611816,57.7590293884277,53.251033782959,50.5907325744629,49.1174964904785,48.0722999572754,47.3715400695801,46.9618644714355,47.1190719604492,47.0683975219727,46.5354194641113,46.6857986450195,47.1940460205078,50.0591125488281,57.453125,66.7475280761719,67.9946441650391,61.2067070007324,66.3573455810547,86.186882019043,81.3418731689453,73.3429641723633,64.7362213134766,59.9925765991211,60.0164489746094,60.3403663635254,60.3407554626465,60.6375122070312,61.4900245666504,62.6472053527832,63.474983215332,63.905891418457,64.2716293334961,64.8575744628906,65.5761032104492,66.2599411010742,66.8408813476562,67.5014953613281,67.9944610595703,68.1064147949219,68.5584869384766,69.3619384765625,69.8517150878906,69.6334609985352,69.672966003418,69.9300537109375,71.4971008300781,73.8635025024414,74.9442138671875,75.7936248779297,77.738655090332,80.1606292724609,83.6033935546875,87.447883605957,90.7554016113281,93.4073181152344,94.8350982666016,97.2969589233398,91.4908447265625,75.8667449951172,89.5590744018555,94.8249206542969,95.8284378051758,99.2455291748047,89.4042434692383,83.470100402832,84.1117324829102,82.0268249511719,80.2962036132812,80.3026504516602,82.0152816772461,83.2456207275391,94.6990966796875,104.10228729248,103.389282226562,104.048713684082,106.741958618164,109.017318725586,111.108688354492,114.915153503418,101.098686218262,58.8206596374512,86.1998901367188,86.9921340942383,86.1463088989258,84.703125,85.2833404541016,86.3890609741211,86.6508102416992,85.7214126586914,80.9956817626953,73.9708938598633,55.7317848205566,52.6356544494629,53.4137229919434,49.5632019042969,42.8570785522461,42.2707595825195,46.412425994873,43.5818901062012,43.1201629638672,43.6136360168457,46.2388496398926,49.3101425170898,50.6088752746582,50.8585319519043,51.3744316101074
"-61.25",46.7227897644043,47.0480690002441,51.289306640625,50.585636138916,50.8829689025879,47.4034996032715,48.5461578369141,46.8209838867188,40.4025268554688,37.5600891113281,39.1148147583008,41.1216125488281,42.0389175415039,44.7521476745605,48.1866760253906,52.5361938476562,58.3484954833984,61.502010345459,63.4403457641602,64.5639801025391,64.5093841552734,74.7627182006836,72.9153366088867,68.097412109375,71.0153884887695,73.0401840209961,76.8403015136719,80.1004867553711,88.0850296020508,91.3479919433594,89.8007278442383,88.5300979614258,88.7014770507812,89.4592666625977,90.7861251831055,92.1998062133789,93.6874618530273,94.1415100097656,92.8527297973633,91.6405792236328,90.7539596557617,89.9856491088867,88.9435424804688,88.0672760009766,87.3563461303711,86.8446502685547,86.6734161376953,86.3309326171875,86.2748413085938,88.0291595458984,88.8765411376953,89.4830169677734,88.9662246704102,87.8865509033203,87.6695861816406,88.8974380493164,93.234260559082,92.0341262817383,91.1714477539062,87.0654525756836,86.3043594360352,83.9955520629883,84.3701248168945,83.9827575683594,85.2678146362305,86.0005111694336,80.3934631347656,79.8966445922852,80.9940567016602,84.2704544067383,83.199577331543,76.6166458129883,75.9572372436523,84.4140472412109,91.3633346557617,89.4452438354492,91.1427917480469,80.499137878418,73.4935531616211,67.9822006225586,63.535270690918,61.9213066101074,62.3488502502441,63.7229232788086,63.1786766052246,58.2883224487305,54.3542404174805,52.068115234375,50.5559349060059,49.2884292602539,48.1447715759277,47.7159538269043,47.2505035400391,47.2866249084473,46.7977561950684,46.8760643005371,46.8505096435547,47.4618301391602,49.9336128234863,67.9345550537109,67.7330322265625,67.3751907348633,57.9434928894043,57.1354179382324,88.1533203125,75.2711486816406,65.4365844726562,61.6910057067871,60.1729850769043,60.3060455322266,60.641429901123,60.4226875305176,60.6757392883301,61.6025924682617,62.8562316894531,63.784839630127,64.2996520996094,64.6047973632812,65.2174224853516,65.8513031005859,66.4538726806641,67.0421142578125,67.6387100219727,68.2695846557617,68.4102096557617,68.5660552978516,69.1719284057617,69.7272186279297,69.7518615722656,69.8113174438477,70.039436340332,71.3888778686523,73.4479370117188,74.8181533813477,76.1012344360352,78.1064529418945,80.3341979980469,83.2469787597656,86.8613891601562,90.2075729370117,93.1852340698242,94.6246719360352,95.6478652954102,96.3445053100586,85.472297668457,89.0644073486328,93.5128021240234,95.0120010375977,99.0932693481445,86.8761367797852,83.0400466918945,84.2261123657227,83.0261840820312,81.7028274536133,81.7689590454102,92.2032012939453,98.6002960205078,103.623809814453,102.72721862793,102.363159179688,105.040802001953,107.93106842041,109.773559570312,110.647903442383,112.115036010742,114.964111328125,105.663398742676,95.7373046875,93.3864593505859,92.0262069702148,90.2193450927734,89.3784713745117,88.9826965332031,88.276252746582,86.2707061767578,82.4020690917969,76.6120910644531,56.3257026672363,53.2385749816895,53.493522644043,52.2268371582031,46.0386772155762,40.9406356811523,45.6899337768555,42.825080871582,42.8954620361328,43.8632278442383,46.158634185791,49.4337730407715,50.6590957641602,50.8776473999023,51.3751411437988
"-60",46.427978515625,47.131721496582,50.9325408935547,50.1989440917969,50.072135925293,47.3946685791016,50.0883407592773,50.7231979370117,44.8497695922852,40.2243614196777,40.1871643066406,41.3845176696777,42.3969573974609,44.9619102478027,48.6431007385254,51.4553489685059,62.7600288391113,79.9312973022461,74.55078125,72.2583999633789,72.8633499145508,77.243537902832,77.1299133300781,83.8511047363281,89.0368576049805,91.4944534301758,94.9241180419922,87.550048828125,86.7451705932617,91.2311477661133,90.0294647216797,88.7045211791992,88.9793472290039,89.989143371582,91.712272644043,93.2709884643555,94.1425476074219,93.8498611450195,92.5343933105469,91.1705474853516,91.4994888305664,91.8008422851562,88.9293975830078,87.6842956542969,86.3788986206055,85.1960754394531,84.5188064575195,83.7395401000977,83.1072006225586,84.451042175293,86.209716796875,89.6602249145508,90.276008605957,88.73388671875,87.6538772583008,87.9519500732422,88.1595001220703,87.7280197143555,83.9249496459961,84.609977722168,80.1009216308594,82.1246109008789,84.8615646362305,81.2662353515625,84.2285537719727,78.6305847167969,77.3992156982422,78.260139465332,83.748893737793,85.7546463012695,83.6049041748047,78.3964080810547,86.3512802124023,83.760856628418,101.943069458008,101.214111328125,94.1775741577148,85.1404495239258,77.4928512573242,72.6434707641602,70.6939163208008,68.5305404663086,66.7182006835938,64.0086822509766,60.6426582336426,56.3421745300293,52.8809967041016,51.9692726135254,51.0169906616211,49.7360725402832,49.5032920837402,50.0525321960449,51.1794509887695,49.1567649841309,48.2608261108398,49.044376373291,49.9775238037109,50.3891334533691,53.9580383300781,72.9030532836914,58.8967361450195,58.9349746704102,54.2551727294922,59.2332992553711,80.9031600952148,64.1560897827148,60.9511833190918,59.7387809753418,59.7317657470703,60.398738861084,60.6819190979004,60.4439659118652,60.7654457092285,61.8242378234863,63.0120086669922,64.0956115722656,64.6436462402344,65.0094451904297,65.5087127685547,65.9702453613281,66.5574188232422,67.2118682861328,67.8034896850586,68.2592468261719,68.6735000610352,68.7344360351562,69.0913772583008,69.6274566650391,70.1679840087891,70.3520202636719,70.5928039550781,71.5125732421875,72.977424621582,74.6186828613281,76.4814758300781,78.4731750488281,80.6760177612305,83.237663269043,86.3071136474609,89.4668197631836,92.4996185302734,94.3364028930664,94.8659210205078,94.4684066772461,92.848762512207,91.770393371582,92.7600708007812,95.1976089477539,99.1300506591797,92.0556182861328,83.3792419433594,84.0222320556641,82.975341796875,81.9493865966797,90.1360549926758,101.225532531738,101.23184967041,101.508979797363,101.86905670166,103.432983398438,106.861251831055,109.499610900879,111.903312683105,111.938133239746,111.74942779541,111.711273193359,108.809646606445,101.748558044434,97.9957656860352,95.3373031616211,93.0071868896484,91.6184005737305,90.5320434570312,88.88232421875,86.4945068359375,82.4154205322266,67.3655319213867,56.281005859375,52.9130706787109,53.7277565002441,53.6945114135742,48.8403205871582,41.6074714660645,43.3487091064453,42.202507019043,42.4819641113281,44.0571594238281,46.1348190307617,49.5026969909668,50.7070426940918,50.8874397277832,51.3785133361816
"-58.75",46.3631057739258,46.9308128356934,51.0577392578125,49.6850433349609,49.3577537536621,47.5553703308105,51.6337890625,52.7687950134277,48.7290916442871,43.1512641906738,41.2786979675293,41.8904762268066,42.9335823059082,45.5074234008789,49.3955116271973,51.0365219116211,83.1425552368164,84.1383590698242,76.9375991821289,74.5259475708008,74.3501892089844,75.8199234008789,77.0697631835938,85.0777816772461,90.8095092773438,94.3478012084961,97.8821029663086,90.687370300293,84.9659271240234,89.749153137207,90.1560211181641,88.797607421875,88.9875793457031,89.8606491088867,91.4927978515625,93.3910751342773,94.1366958618164,93.5927886962891,92.2499618530273,90.6937866210938,90.1494140625,92.4313201904297,88.8591842651367,87.4026107788086,85.6053314208984,84.1853942871094,83.106689453125,82.245491027832,81.5436553955078,82.9123458862305,89.4980087280273,94.7712707519531,93.8751068115234,91.0290069580078,87.6875152587891,87.2382965087891,86.2737274169922,83.9465713500977,82.2371978759766,78.0973281860352,79.0569152832031,77.5301513671875,77.4184341430664,77.8722686767578,82.1571884155273,77.2844772338867,78.3579254150391,75.3779907226562,77.4486694335938,80.8496551513672,78.8694305419922,82.0624923706055,77.9589767456055,92.6168518066406,85.4137496948242,89.939453125,90.1492309570312,87.9478988647461,75.4045486450195,77.7354278564453,71.9619674682617,68.8833541870117,66.7238388061523,62.731273651123,58.2428016662598,53.7537422180176,53.8009796142578,54.4595985412598,53.442928314209,52.6112480163574,53.5485916137695,55.8819618225098,56.5040626525879,54.3088912963867,54.0396270751953,55.4253540039062,56.4862327575684,58.0494079589844,62.3719711303711,65.5326309204102,54.1459350585938,53.220832824707,55.0981788635254,64.290657043457,66.9114151000977,62.2882843017578,60.4013710021973,59.4941520690918,59.916316986084,60.5333480834961,60.6178703308105,60.4426689147949,60.8600082397461,61.9061393737793,63.1925239562988,64.245231628418,64.8797912597656,65.2920227050781,65.7096633911133,66.1728057861328,66.8041152954102,67.5504302978516,68.0676956176758,68.3370971679688,68.8028869628906,68.9435958862305,69.0946350097656,69.4645462036133,70.2370223999023,70.7546997070312,71.3340072631836,71.963020324707,72.9376525878906,74.4986801147461,76.556999206543,78.7589721679688,80.8894500732422,83.2245025634766,85.8450088500977,88.8210067749023,91.7717895507812,93.8651351928711,94.5390777587891,94.2669143676758,93.0098571777344,92.9168090820312,89.9610900878906,94.0461120605469,100.471343994141,94.5782775878906,83.4890365600586,83.3337326049805,82.3832702636719,83.3130264282227,99.9430313110352,99.4750137329102,100.192108154297,101.690307617188,103.306579589844,105.189125061035,108.210655212402,111.051300048828,113.700981140137,114.393753051758,112.902153015137,111.014747619629,109.288711547852,107.105316162109,100.985954284668,97.0178985595703,94.7025299072266,93.322868347168,91.7277145385742,89.1957168579102,86.6666717529297,74.4315338134766,53.3125267028809,55.3357925415039,53.0076637268066,53.8847579956055,54.128360748291,51.0637969970703,42.8934059143066,41.5550994873047,41.9357643127441,42.0596122741699,44.1277770996094,46.0949897766113,49.4975090026855,50.7507820129395,50.8769302368164,51.3785171508789
"-57.5",46.3940620422363,46.9440116882324,50.8698616027832,49.4067764282227,48.4927368164062,47.6235084533691,53.0237007141113,54.0815124511719,50.0023651123047,45.289966583252,42.1060333251953,42.5632286071777,43.8006935119629,46.587215423584,50.2817764282227,51.629997253418,91.7309341430664,78.058479309082,73.3818206787109,73.0090713500977,73.8030395507812,75.6780319213867,76.9790573120117,83.3432922363281,88.6420364379883,92.6252593994141,96.3246688842773,90.9014434814453,83.4015731811523,89.6947708129883,89.9409255981445,88.7239379882812,88.6599349975586,89.3505325317383,90.8042373657227,92.9402313232422,93.9156494140625,93.3227157592773,91.9389495849609,90.3705291748047,89.3122863769531,89.1011657714844,88.3114395141602,86.8471832275391,84.9724578857422,83.7148742675781,82.9631729125977,82.4438171386719,84.4640731811523,92.3208160400391,97.8695526123047,98.246467590332,96.7163009643555,93.8421325683594,90.6711654663086,88.6540069580078,85.4143371582031,84.2438583374023,80.51171875,78.0737609863281,76.6201171875,78.1371612548828,75.7807388305664,76.5871505737305,74.2882690429688,71.895378112793,72.1527938842773,72.9239807128906,72.8203125,76.6648483276367,76.5190963745117,79.1340026855469,78.3615570068359,85.1260528564453,87.104621887207,89.5131149291992,85.5528564453125,79.3592987060547,79.0421829223633,87.305549621582,74.3075103759766,69.6373291015625,66.023796081543,62.5200042724609,57.3517303466797,55.9822196960449,55.9053573608398,55.9098739624023,53.4024505615234,53.4953193664551,55.8110122680664,59.5741310119629,61.3468475341797,63.8462142944336,64.8064498901367,67.8111267089844,70.5144653320312,75.2572631835938,76.9750442504883,75.6401443481445,67.5362243652344,66.4780883789062,65.7113494873047,64.4315795898438,62.9117012023926,61.6100273132324,60.3154754638672,59.9000282287598,60.4827919006348,60.6794090270996,60.6610717773438,60.739688873291,61.0980491638184,62.1861724853516,63.3694763183594,64.3596725463867,65.0284194946289,65.4196014404297,65.9391860961914,66.5716094970703,67.3261108398438,68.0793762207031,68.5317611694336,68.7299041748047,69.1532745361328,69.4548568725586,69.4135284423828,69.5324401855469,70.2746734619141,71.2764587402344,72.0475616455078,72.6741104125977,73.3848724365234,74.4977035522461,76.6346206665039,78.8938903808594,80.9861145019531,83.2855606079102,85.683219909668,88.4398040771484,91.1096496582031,93.4407043457031,94.7571868896484,95.0913619995117,93.6930160522461,94.090934753418,91.8180999755859,80.1616821289062,83.5645980834961,83.7987594604492,83.6103210449219,82.9677810668945,82.814338684082,91.3865737915039,99.1125946044922,98.7008743286133,100.352188110352,102.575012207031,105.007637023926,107.300018310547,109.17936706543,111.732543945312,114.552536010742,116.458755493164,114.97338104248,112.747062683105,110.470947265625,108.673454284668,103.794982910156,98.2960510253906,95.9325866699219,94.2448196411133,92.2013092041016,89.8908233642578,84.2990188598633,70.630744934082,55.4303359985352,54.3629570007324,53.0461807250977,53.671085357666,54.4895706176758,51.6320648193359,44.291259765625,41.3764228820801,41.7150077819824,41.8233642578125,44.0528182983398,46.1886901855469,49.5039749145508,50.7854461669922,50.8716621398926,51.3785171508789
"-56.25",46.4381370544434,46.512882232666,50.4921112060547,48.9277267456055,47.8466148376465,47.7549362182617,54.2117347717285,55.3791847229004,50.5584754943848,46.6044502258301,42.518123626709,43.2980728149414,44.8703422546387,48.1487312316895,51.5063323974609,68.1014709472656,83.4545822143555,73.4901123046875,72.2815399169922,73.1513214111328,74.2924346923828,76.3635406494141,77.9479751586914,83.8346252441406,88.6834182739258,92.7330780029297,96.4729919433594,97.7190170288086,92.6102600097656,89.5687789916992,89.8495178222656,88.5736236572266,88.0834350585938,88.8221664428711,90.32373046875,92.2341461181641,93.3895721435547,92.9172439575195,91.4810028076172,89.9640426635742,89.0539627075195,88.4170684814453,87.5055465698242,86.1018524169922,84.3968048095703,83.4658050537109,83.5845336914062,85.7395553588867,93.3318939208984,100.246154785156,99.8265762329102,98.6725311279297,97.448616027832,95.7447814941406,93.7410354614258,91.9201583862305,89.3384475708008,85.6133422851562,82.3340759277344,78.5764999389648,76.5811996459961,74.7257995605469,72.8220443725586,71.6717224121094,68.9123077392578,69.5214996337891,71.1475143432617,69.7602157592773,73.0220031738281,77.5616455078125,76.5829010009766,76.5035934448242,75.2150039672852,80.413444519043,78.4360733032227,85.6099319458008,85.6569137573242,80.5786285400391,80.007926940918,87.7264938354492,70.2505569458008,66.7575988769531,63.8493804931641,60.9403686523438,58.1291046142578,57.5602035522461,58.6379089355469,55.7409820556641,53.9621963500977,54.9023246765137,57.7027969360352,59.4727439880371,63.0816040039062,67.79150390625,71.3263549804688,76.7423324584961,78.8490142822266,84.1496734619141,82.9064483642578,78.0295791625977,73.0016632080078,69.8431625366211,66.3827896118164,63.4203720092773,63.0941352844238,61.9816856384277,60.6824150085449,60.6282272338867,60.9981422424316,60.7720832824707,60.6392097473145,60.8165626525879,61.2030181884766,62.3537483215332,63.778247833252,64.6896896362305,65.2159576416016,65.5149612426758,66.2335968017578,67.0727920532227,67.9408187866211,68.6868591308594,69.127082824707,69.1506729125977,69.355224609375,69.7188415527344,69.8578872680664,69.7742462158203,70.1596984863281,71.3593826293945,72.3731002807617,72.990478515625,73.8034973144531,74.7538757324219,76.8623504638672,79.4578170776367,81.5743713378906,83.7760238647461,86.148323059082,88.838249206543,91.3448333740234,93.2152938842773,94.5829849243164,94.9028778076172,93.2016983032227,93.8822021484375,97.1911773681641,79.7338256835938,84.859375,95.5174942016602,85.723876953125,84.7103042602539,88.5960464477539,98.9075469970703,97.5280914306641,98.5392837524414,101.177124023438,103.654975891113,106.28279876709,108.469367980957,110.035415649414,111.668022155762,114.446174621582,116.85791015625,116.890647888184,115.300254821777,112.904235839844,109.378868103027,105.089912414551,99.7387161254883,96.9033966064453,94.8990859985352,91.402961730957,81.7982025146484,70.896614074707,59.8491592407227,58.7450523376465,53.7686882019043,52.7649879455566,53.0391464233398,54.1034698486328,51.2454452514648,45.5706214904785,41.4017105102539,41.9139938354492,41.520866394043,43.7405738830566,46.4065628051758,49.4975852966309,50.8357238769531,50.8613433837891,51.3785209655762
"-55",46.4639434814453,46.9702987670898,50.538444519043,48.3007392883301,47.0954513549805,47.8505821228027,54.9909820556641,56.5466270446777,51.2600784301758,47.0717811584473,42.9335327148438,44.0232620239258,45.9766311645508,49.1497001647949,52.5948143005371,74.422737121582,81.1678619384766,74.4566879272461,74.4153366088867,75.4110717773438,75.9518585205078,77.3731384277344,78.4706573486328,83.8628005981445,89.6901092529297,94.3471908569336,96.9884567260742,96.6186904907227,94.6646423339844,91.2047271728516,89.7111129760742,88.5542526245117,87.8678436279297,88.5187530517578,90.0689468383789,91.6031036376953,92.6468048095703,92.3577117919922,90.8842239379883,89.5701370239258,88.8685302734375,88.1239700317383,87.0215682983398,85.4218673706055,83.8356857299805,83.587043762207,85.3315963745117,90.5547409057617,98.3767242431641,100.763450622559,99.0561676025391,98.0568923950195,97.2336883544922,96.0014343261719,94.706169128418,93.1823196411133,90.2747421264648,86.5341110229492,83.4133987426758,78.9472274780273,75.7754440307617,73.8083419799805,71.863639831543,70.7162246704102,68.4881439208984,67.4853210449219,68.9504547119141,69.1928253173828,71.5757522583008,75.3544540405273,76.0569381713867,75.8775253295898,74.4462890625,75.2803802490234,77.1058883666992,82.8841705322266,82.7193450927734,82.0606460571289,73.3489685058594,72.7650604248047,72.6941070556641,63.2108879089355,60.6310882568359,59.7034187316895,59.3741683959961,58.1812744140625,57.4319267272949,55.7054214477539,54.0604629516602,54.4176826477051,55.6247138977051,57.3227005004883,59.7338104248047,65.9621276855469,70.0236587524414,76.7136993408203,76.0665435791016,78.8754348754883,80.458854675293,70.1176223754883,67.0310440063477,67.6345901489258,66.8882904052734,63.6449508666992,62.8020973205566,61.3710479736328,60.5700492858887,60.8267707824707,61.0381355285645,60.6581535339355,60.6275863647461,61.0206756591797,61.6491088867188,62.6948738098145,64.1922149658203,65.2011184692383,65.6133651733398,65.9144668579102,66.4776458740234,67.3775100708008,68.2862167358398,69.0618209838867,69.4862976074219,69.5049133300781,69.4768142700195,69.681884765625,69.7762298583984,69.7295074462891,70.044807434082,71.2496719360352,72.4916229248047,73.0652770996094,73.9826354980469,75.102424621582,77.2714385986328,80.0374298095703,82.3630676269531,84.6020278930664,87.1509780883789,89.8126220703125,92.0799331665039,93.6812515258789,93.8992004394531,93.2314376831055,91.583251953125,93.2080307006836,95.0180435180664,79.9843368530273,89.9966049194336,93.6749496459961,95.0953826904297,96.6990661621094,97.0730438232422,96.9587707519531,96.5347061157227,98.7232513427734,101.77579498291,104.445304870605,106.894371032715,108.847953796387,110.27954864502,111.651573181152,113.967643737793,116.470878601074,117.399841308594,117.312995910645,115.096305847168,110.623237609863,106.386299133301,100.61580657959,92.0876770019531,89.4538421630859,63.8911056518555,57.9162330627441,56.1378746032715,59.1201324462891,57.1720314025879,53.4534378051758,52.4274253845215,52.4908065795898,53.8151473999023,50.7145767211914,46.7642059326172,41.4525871276855,41.7554893493652,41.4485893249512,43.5434913635254,46.6116104125977,49.5184440612793,50.8798904418945,50.858211517334,51.3785247802734
"-53.75",46.3956489562988,46.7046051025391,50.0807151794434,47.9001846313477,46.4579238891602,48.075366973877,55.8673324584961,57.3797798156738,51.8876838684082,48.1167068481445,44.3606567382812,44.6784553527832,46.7114944458008,50.2181816101074,53.5270538330078,74.9916000366211,79.1322250366211,74.5616912841797,75.5479431152344,77.0326538085938,77.7213516235352,78.7230529785156,78.9951248168945,83.4892120361328,90.3598480224609,95.7899856567383,97.3288345336914,96.1472320556641,93.6455001831055,90.8601837158203,89.430419921875,88.47509765625,87.8767471313477,88.3611602783203,89.7281951904297,91.0940475463867,91.7044219970703,91.5481491088867,90.2790374755859,88.9954223632812,88.4954147338867,87.7054901123047,86.4916076660156,84.5139236450195,83.3378448486328,84.3390045166016,87.2988052368164,93.1055145263672,98.9385375976562,99.5024642944336,97.8104705810547,96.9724044799805,96.699821472168,96.1526718139648,95.2880935668945,94.1362380981445,91.2282409667969,87.6675567626953,84.3440780639648,80.8901290893555,75.8396530151367,72.8375091552734,71.8079147338867,70.9901428222656,70.0402603149414,69.0727005004883,69.5584335327148,70.6723709106445,70.9123687744141,73.8416900634766,77.35693359375,76.0053863525391,75.7763061523438,84.7879333496094,81.1003570556641,81.16748046875,79.3630676269531,77.8999176025391,83.7543792724609,70.1770401000977,75.6393737792969,73.4326629638672,61.1347122192383,59.3927574157715,58.1091079711914,57.0826683044434,55.9686889648438,54.7874717712402,53.6294364929199,52.9900093078613,53.2053527832031,55.5093574523926,57.1244659423828,63.2206077575684,64.6950302124023,67.6325607299805,68.7562484741211,68.3695678710938,67.5970153808594,65.1159057617188,62.8210868835449,63.723876953125,64.4807586669922,63.3878479003906,61.9951133728027,60.3860359191895,60.238109588623,60.7464599609375,60.8094940185547,60.4957885742188,60.5684204101562,61.2438125610352,62.0282135009766,63.1781158447266,64.6841354370117,65.5715179443359,66.0469131469727,66.3016967773438,66.9180145263672,67.5050964355469,68.2756118774414,69.2862854003906,69.8677368164062,69.9448318481445,69.7961578369141,69.6249771118164,69.5654602050781,69.6466598510742,70.0371932983398,71.1461486816406,72.5508575439453,73.3132171630859,74.2987442016602,75.7544326782227,77.8388519287109,80.3670272827148,82.7080841064453,84.7720031738281,87.2144165039062,89.8410186767578,92.2823638916016,93.6747512817383,93.1145629882812,91.6320419311523,90.4497528076172,90.7769088745117,86.5914764404297,86.6580963134766,89.3202133178711,90.5904693603516,91.3915100097656,92.541389465332,93.8635330200195,94.8314056396484,96.1933212280273,99.1063766479492,102.051528930664,104.420196533203,106.757286071777,108.5634765625,109.830261230469,111.172592163086,113.495941162109,116.274253845215,118.626312255859,120.184371948242,112.370986938477,89.7223968505859,101.237815856934,94.4075088500977,55.0654296875,83.5447540283203,63.8633422851562,57.2348899841309,59.7099914550781,58.2968368530273,55.4111938476562,52.933219909668,52.3517837524414,52.1558952331543,53.5514450073242,50.6471290588379,47.5837020874023,41.567512512207,41.3790969848633,41.6769523620605,43.364501953125,46.8357391357422,49.5090026855469,50.9108200073242,50.840503692627,51.3785285949707
"-52.5",46.7005043029785,46.6001853942871,50.1362113952637,47.2535362243652,45.9062614440918,48.2588729858398,56.4273300170898,58.0413131713867,52.4766807556152,48.3171310424805,45.0959548950195,45.5353813171387,47.5102462768555,50.8252449035645,54.3025321960449,76.9919128417969,75.8438186645508,73.9863662719727,76.0344009399414,78.0451049804688,79.0788421630859,79.6073455810547,79.5730361938477,83.1975860595703,89.7288665771484,96.0517120361328,97.5402069091797,95.8348770141602,93.0559997558594,90.5391006469727,89.1696472167969,88.290168762207,87.8220596313477,88.0870742797852,89.3054962158203,90.572883605957,91.0162658691406,90.8515548706055,89.6873779296875,88.258659362793,87.8320770263672,87.0423431396484,85.5522308349609,83.5039825439453,83.43603515625,85.6328735351562,88.7909545898438,93.8160934448242,97.8353958129883,98.1473617553711,96.7045059204102,95.7065811157227,95.4615783691406,95.3707809448242,95.011833190918,94.0111846923828,91.9045715332031,89.1417770385742,85.828483581543,83.4876403808594,79.4945831298828,75.6067657470703,73.6925354003906,71.1300201416016,71.2459716796875,72.7791290283203,72.7415924072266,73.6579132080078,72.9830856323242,73.2758102416992,77.1256103515625,77.1585311889648,79.4493408203125,77.2951354980469,86.2003860473633,84.0833053588867,77.3961029052734,72.4490966796875,79.9753341674805,80.8429641723633,66.462516784668,64.0283660888672,62.6881790161133,61.1634330749512,59.0400581359863,56.669921875,56.1974868774414,53.7728424072266,52.6932945251465,51.9200057983398,51.5509147644043,53.4502487182617,54.8043212890625,58.8240509033203,59.8574600219727,60.726375579834,60.8993225097656,60.6823463439941,61.1517448425293,61.7781639099121,60.1155204772949,64.2183990478516,63.2530288696289,62.139965057373,60.7963027954102,59.8614845275879,60.2108573913574,60.5989723205566,60.5990028381348,60.2905502319336,60.5793533325195,61.3339881896973,62.2023773193359,63.3875579833984,64.890251159668,65.8805465698242,66.3994827270508,66.6075286865234,67.1716537475586,67.703987121582,68.3138809204102,69.2855224609375,70.0280838012695,70.2088928222656,70.1913681030273,69.9031295776367,69.6911697387695,69.7535934448242,70.0300750732422,70.8553161621094,72.5578689575195,73.6865081787109,74.9745330810547,76.5468826293945,78.4835357666016,80.4660568237305,82.3637390136719,84.3450088500977,86.5241241455078,89.1721267700195,91.6284713745117,92.6864242553711,91.4025726318359,90.0783767700195,89.5952453613281,88.4224700927734,86.648567199707,87.3186721801758,88.1317977905273,88.2638549804688,88.9490661621094,90.1955947875977,91.5252532958984,93.8462982177734,96.3880233764648,99.4361724853516,101.898246765137,103.965881347656,106.173950195312,107.989166259766,109.08171081543,110.533584594727,113.675102233887,117.501922607422,116.301445007324,98.1603622436523,64.8747863769531,61.9996032714844,63.1560363769531,69.6211090087891,54.4057769775391,59.6398315429688,65.3430938720703,58.6288986206055,56.9969139099121,56.136905670166,54.3602638244629,52.4376182556152,52.2816619873047,52.1822357177734,53.5639877319336,50.2999153137207,47.8171501159668,40.9193878173828,41.0668716430664,41.8366241455078,43.3390121459961,47.0268211364746,49.5386924743652,50.9856948852539,50.7955741882324,51.3785285949707
"-51.25",46.5227012634277,46.6166381835938,49.7690048217773,46.9121170043945,45.364128112793,48.4079933166504,56.8059310913086,58.3109970092773,53.0263404846191,48.7267036437988,46.1354827880859,46.1715812683105,48.0929679870605,51.5324516296387,60.0638694763184,76.5228424072266,73.9905624389648,74.0030899047852,76.6216735839844,78.9834365844727,79.9384002685547,80.3223495483398,80.1447830200195,82.8146896362305,88.3251113891602,95.3838958740234,97.5081329345703,95.6129379272461,92.6692199707031,90.465461730957,89.1829071044922,88.3141021728516,87.9769439697266,88.2734069824219,89.1730651855469,90.2619552612305,90.6622695922852,90.3146133422852,89.0157241821289,87.4389190673828,86.8078079223633,85.9565277099609,84.2923889160156,82.7230224609375,83.9102935791016,87.0103149414062,90.3269500732422,94.1253128051758,96.9256744384766,97.2747039794922,96.0544357299805,94.6295928955078,93.9214019775391,93.6774139404297,93.4007949829102,92.7487869262695,91.56103515625,90.0256881713867,87.571891784668,84.7829742431641,81.8035049438477,78.3162307739258,74.9995956420898,72.637580871582,73.0483322143555,73.5295028686523,75.6176223754883,76.4020919799805,75.2379302978516,74.4419326782227,74.5565338134766,78.2523727416992,75.3649978637695,86.2543563842773,86.9014739990234,82.5678329467773,78.002815246582,74.3135299682617,78.1998138427734,76.3130950927734,65.6034698486328,75.118293762207,68.1620864868164,68.3229904174805,57.5495071411133,56.873119354248,54.1997566223145,53.5126724243164,52.0736846923828,51.2248039245605,50.2534370422363,50.7029418945312,52.5366134643555,55.5435562133789,56.3966407775879,57.2685317993164,60.7550659179688,60.1028060913086,64.3083877563477,65.1803665161133,62.7952995300293,63.2105522155762,61.5379104614258,60.735221862793,59.9878921508789,60.1296424865723,60.4180374145508,60.3088111877441,60.3199920654297,60.2298469543457,60.6237144470215,61.5122489929199,62.4791603088379,63.5885543823242,64.822624206543,65.7319412231445,66.4890365600586,66.8546600341797,67.4124069213867,67.9190216064453,68.6512451171875,69.3853378295898,70.1345748901367,70.5916442871094,70.8550643920898,70.6750030517578,70.0691680908203,69.9014739990234,70.0099182128906,70.7153472900391,72.55908203125,74.117073059082,75.6387252807617,77.343376159668,78.9104766845703,80.6455307006836,82.1983413696289,84.0581665039062,86.077522277832,88.5006866455078,90.5816650390625,90.4661636352539,88.7799072265625,87.455322265625,87.782470703125,86.6985015869141,85.870735168457,85.8885040283203,85.8348541259766,85.9431228637695,87.1502685546875,89.0838928222656,90.9087524414062,93.3485412597656,96.2533645629883,99.3239898681641,101.513191223145,103.406753540039,105.68522644043,107.412132263184,108.48454284668,111.123519897461,117.606010437012,108.542930603027,72.648811340332,65.4630355834961,63.8689308166504,65.3408966064453,64.2072830200195,60.9478607177734,57.2803192138672,58.9821472167969,60.5321044921875,55.3767471313477,54.9521675109863,54.5946044921875,53.4747772216797,52.5534172058105,52.0347862243652,52.2513694763184,54.0696716308594,50.2211799621582,47.9622421264648,42.1731376647949,40.7062339782715,41.8581771850586,43.3240661621094,47.1936073303223,49.5602722167969,51.0800247192383,50.7573318481445,51.378532409668
"-50",46.8385925292969,46.5466575622559,49.7085113525391,46.3922309875488,44.9480285644531,48.8383522033691,56.8856010437012,58.1461410522461,53.6864471435547,49.3038368225098,46.4644203186035,46.5579376220703,48.7125854492188,52.176628112793,65.8368606567383,74.0576477050781,73.4694900512695,74.6632919311523,76.9199676513672,79.4775085449219,80.4453735351562,80.9144973754883,80.8340759277344,82.7424468994141,86.8146438598633,93.7823867797852,96.9657669067383,95.3951873779297,92.3787078857422,90.4368286132812,89.1988296508789,88.3946304321289,88.2965698242188,88.6382064819336,89.1627197265625,89.9111251831055,90.3644485473633,89.8598709106445,88.5433197021484,86.7397613525391,85.5985946655273,84.5986175537109,83.0508575439453,82.4180221557617,84.3423156738281,87.7422256469727,91.0812683105469,94.3261489868164,96.5542068481445,96.7583160400391,95.6182556152344,93.8727035522461,92.6186981201172,92.0100250244141,91.6124877929688,90.948127746582,90.1845855712891,89.3025817871094,87.7609786987305,85.6589279174805,82.6649780273438,78.7947769165039,74.8991775512695,72.6674423217773,75.7617034912109,74.773193359375,76.8232727050781,77.6120147705078,77.0112762451172,75.5580062866211,73.2168579101562,75.2065811157227,82.977897644043,85.6840515136719,89.9284896850586,83.4965362548828,78.8771209716797,77.4728012084961,78.3903884887695,75.0533905029297,84.0823059082031,78.4314804077148,63.7533874511719,68.7965469360352,57.4601936340332,55.7557334899902,55.7044486999512,55.0008125305176,52.7910575866699,50.7070808410645,49.9301452636719,50.4778442382812,51.8703994750977,53.5067024230957,55.6424903869629,58.8244895935059,64.6929397583008,65.7085113525391,66.2548904418945,64.3686676025391,62.0159149169922,60.5168609619141,59.5024375915527,59.451831817627,60.0324974060059,60.7637214660645,60.3833808898926,60.0783729553223,60.2124862670898,60.4001579284668,60.8712882995605,61.7953910827637,62.8578948974609,63.8855209350586,64.9108581542969,65.6324920654297,66.1585159301758,66.6191711425781,67.390251159668,68.1448745727539,68.8362808227539,69.6064376831055,70.2736206054688,70.7841491699219,71.2576217651367,71.3375473022461,70.7576065063477,70.1459808349609,70.0262908935547,70.8360214233398,72.7589950561523,74.6711349487305,76.2624588012695,77.9363861083984,79.2473907470703,80.5257110595703,82.1291809082031,83.9480438232422,85.7873153686523,87.8606185913086,88.9346160888672,87.0227355957031,85.0559616088867,84.171989440918,85.3174819946289,85.834587097168,85.1657562255859,83.9294281005859,84.6888961791992,85.4557113647461,86.6801300048828,88.8394546508789,91.0619277954102,93.5230026245117,96.1259384155273,98.877326965332,101.019111633301,102.933967590332,105.138710021973,106.747604370117,108.657203674316,113.37035369873,86.1466293334961,69.0345993041992,66.6495819091797,65.7389068603516,63.6737022399902,61.6042747497559,59.5407752990723,60.1171112060547,59.6238822937012,63.0901222229004,58.4981079101562,54.3827781677246,54.5277786254883,54.779956817627,53.3172073364258,52.8652267456055,52.110279083252,52.4546012878418,54.617488861084,50.6694869995117,49.1318168640137,43.122631072998,40.6557006835938,42.1327629089355,43.3065414428711,47.3486595153809,49.6354446411133,51.1487464904785,50.6923866271973,51.378532409668
"-48.75",46.7214202880859,46.6159477233887,49.2926330566406,45.9490928649902,44.6043281555176,48.8985481262207,56.8293724060059,57.8583831787109,54.2674407958984,49.7717514038086,46.7246742248535,46.3038024902344,49.0425643920898,53.5531616210938,68.6460189819336,73.0372619628906,73.8065490722656,75.2911224365234,77.1830368041992,79.6239547729492,80.7455825805664,81.3965759277344,81.7262191772461,82.8280029296875,85.4889373779297,91.2113342285156,95.4755401611328,95.0332489013672,92.1561431884766,90.3913803100586,89.2236328125,88.3618087768555,88.272331237793,88.293830871582,88.4897384643555,89.1868896484375,89.6172485351562,89.0985946655273,87.96728515625,85.9157028198242,84.4182815551758,83.2498092651367,82.3116226196289,82.7231216430664,84.7819061279297,87.6771469116211,90.5585632324219,93.6959457397461,96.0546112060547,96.259033203125,95.1006240844727,93.1955871582031,91.4824295043945,90.5126647949219,89.7987442016602,89.088249206543,88.5800476074219,88.2258148193359,86.8457717895508,85.1420745849609,82.5127868652344,79.127311706543,76.1538543701172,73.8207397460938,74.034538269043,75.6631622314453,78.0809707641602,77.418571472168,77.1420440673828,72.6906890869141,73.206298828125,77.4195861816406,79.0080718994141,84.6408615112305,85.0491790771484,86.0419387817383,83.3026123046875,82.2796859741211,82.6698532104492,90.6483154296875,76.4218826293945,78.3892517089844,70.3665313720703,65.2104568481445,62.3198699951172,59.9391708374023,60.9130783081055,59.7761306762695,55.5148696899414,53.9538345336914,53.545238494873,50.7202835083008,51.6301422119141,53.5978202819824,56.2147979736328,62.6463508605957,66.2323532104492,65.5843353271484,63.6711387634277,61.4881439208984,59.7206268310547,58.5537605285645,58.196590423584,59.4198684692383,60.6095161437988,61.0538215637207,60.1660270690918,59.7511672973633,60.2096710205078,60.7610969543457,61.1682624816895,61.9683303833008,62.941089630127,64.0569610595703,65.0523834228516,65.7658386230469,66.3705444335938,66.7625579833984,67.4042510986328,68.1210556030273,68.8976898193359,69.6160202026367,70.4176177978516,70.9741973876953,71.5315399169922,71.7159881591797,71.4080963134766,70.6090316772461,70.2593078613281,71.0104675292969,72.9365844726562,75.2588729858398,77.0391998291016,78.4994888305664,79.4352951049805,80.2744369506836,81.6012496948242,83.2475128173828,85.0702972412109,87.2264022827148,87.9601669311523,85.5653533935547,83.5073471069336,82.6200332641602,83.4528503417969,84.2720260620117,83.9908142089844,83.8560638427734,85.4886474609375,86.3900909423828,87.2858428955078,89.3148803710938,91.6628799438477,93.8332214355469,95.9039154052734,98.258903503418,100.47484588623,102.48567199707,104.572998046875,106.186279296875,110.585380554199,100.813667297363,69.1826629638672,67.3487548828125,65.8344879150391,65.1849136352539,63.5691604614258,63.0921249389648,63.6098289489746,62.7423095703125,60.7245979309082,60.922233581543,57.1318244934082,55.314323425293,55.59765625,55.0041656494141,54.0720481872559,52.9165344238281,51.8748664855957,52.6102714538574,55.0996170043945,51.3392333984375,49.6198081970215,42.2020530700684,40.3822631835938,41.9604530334473,43.1124267578125,47.3228149414062,49.7601776123047,51.1307678222656,50.6069030761719,51.3785362243652
"-47.5",46.8001861572266,46.324031829834,48.7745933532715,45.4810218811035,44.4021873474121,48.9272155761719,56.63525390625,57.4214668273926,54.8838233947754,50.8022270202637,46.9144439697266,46.2566032409668,48.6581916809082,54.863655090332,69.8057022094727,72.3063735961914,74.0773544311523,75.7055740356445,77.3756866455078,79.6193389892578,80.8203582763672,81.6401901245117,82.4070281982422,82.9652938842773,84.6116943359375,88.4536972045898,92.7499160766602,94.3087844848633,92.0572662353516,90.4716262817383,89.19580078125,88.1685333251953,87.7441482543945,87.144401550293,87.1424179077148,88.0572052001953,88.5981521606445,88.1640777587891,87.224983215332,84.9310455322266,83.2259216308594,82.344596862793,82.3477325439453,83.2628555297852,85.1784515380859,87.341064453125,89.9148559570312,93.1875381469727,95.7258834838867,95.8371124267578,94.4880065917969,92.4944381713867,90.7501907348633,89.8806915283203,89.1083755493164,88.3199462890625,87.9345169067383,87.5361175537109,85.9741287231445,84.0394515991211,81.130012512207,78.3721084594727,76.9652328491211,75.506477355957,74.2605209350586,73.6476593017578,73.4648666381836,72.9157104492188,72.4810028076172,72.9438247680664,73.2861557006836,76.6162872314453,81.259765625,88.6281356811523,79.9894027709961,84.3740463256836,90.0955352783203,95.7461013793945,89.7493515014648,98.7467041015625,85.6696319580078,85.5676040649414,88.1690902709961,72.3000640869141,69.2213592529297,70.6955337524414,67.4354019165039,62.6779327392578,64.0941848754883,55.420726776123,54.1853713989258,49.8985824584961,50.3046379089355,53.5694885253906,58.7510681152344,65.2435302734375,64.7501220703125,63.5001068115234,61.9437370300293,60.3764762878418,59.0060653686523,58.1751861572266,58.5799751281738,60.1023826599121,61.1308555603027,61.1155548095703,59.9991302490234,59.6112937927246,60.3048400878906,61.1057052612305,61.5543518066406,62.15087890625,63.119556427002,64.0592575073242,65.0378265380859,65.8527679443359,66.7051849365234,67.1524963378906,67.6505584716797,68.2914352416992,68.9363632202148,69.5923919677734,70.4060363769531,71.0310745239258,71.6488418579102,72.1100692749023,72.1763687133789,71.6781692504883,71.021614074707,71.1085433959961,72.8061065673828,75.4232559204102,77.5759124755859,79.0005798339844,79.4628753662109,79.76806640625,80.7647933959961,82.2140884399414,83.8144454956055,86.0630340576172,87.7077026367188,87.0761871337891,85.3974990844727,83.6653823852539,83.503547668457,83.8808822631836,84.239990234375,85.2960891723633,86.4640274047852,87.3348846435547,88.2046966552734,90.1048812866211,92.2561264038086,94.1472625732422,95.6969909667969,97.7144317626953,99.8667755126953,101.82479095459,103.919715881348,106.42115020752,100.88298034668,68.85546875,73.4865875244141,69.689697265625,68.9867858886719,69.3903884887695,66.1911239624023,68.1169738769531,67.4039001464844,66.8818359375,63.9105758666992,59.9287910461426,56.8923530578613,55.8202209472656,55.7694778442383,55.5189743041992,54.211368560791,52.4729270935059,51.3579254150391,52.5691146850586,55.3183212280273,51.6030578613281,50.1378173828125,44.2042350769043,40.9222183227539,41.4462280273438,42.7711219787598,47.4564781188965,49.6958427429199,51.0982818603516,50.4829483032227,51.3785362243652
"-46.25",46.7722778320312,46.4933471679688,48.4774932861328,45.1013145446777,44.5853576660156,48.9736518859863,56.4103202819824,56.9642906188965,55.4931716918945,51.7267189025879,47.297924041748,45.9075126647949,48.1328773498535,60.1911468505859,68.0685348510742,71.6295852661133,73.8974304199219,75.5398025512695,77.2573699951172,79.4862213134766,80.5341796875,81.628662109375,82.6140747070312,83.4923934936523,84.3513793945312,86.5672760009766,89.6265563964844,92.9922943115234,91.9126129150391,90.5514221191406,89.1221237182617,87.9281158447266,87.2395095825195,86.3605194091797,86.0906829833984,87.0525512695312,87.7548294067383,87.2223205566406,86.0803909301758,83.7974548339844,82.2519607543945,81.9814987182617,82.5092544555664,83.5786972045898,85.3131256103516,87.308723449707,90.0357894897461,93.4280242919922,95.6260070800781,95.3014602661133,93.7116928100586,91.9515686035156,90.8009338378906,89.9649658203125,89.2322387695312,88.4113082885742,87.8046875,87.3216705322266,85.6251449584961,83.1336517333984,80.0612487792969,77.8318557739258,77.1120986938477,76.0633239746094,75.3305511474609,74.9233703613281,74.296142578125,73.1551361083984,72.0150756835938,71.6598663330078,78.3105010986328,79.503547668457,76.8258895874023,79.2481536865234,82.742057800293,99.1778564453125,85.2982406616211,86.3894348144531,88.6536560058594,93.5912857055664,101.37818145752,93.9853134155273,90.192985534668,88.201301574707,85.4462051391602,79.0166854858398,82.7669525146484,74.7731552124023,59.9064102172852,54.7158851623535,50.2898597717285,48.5904579162598,49.1860656738281,53.7712097167969,59.8342094421387,65.0123062133789,64.0852508544922,62.8059501647949,61.5006294250488,60.4605369567871,59.5660285949707,59.0716323852539,59.5890846252441,60.4650039672852,61.0995826721191,60.9022827148438,59.8500900268555,59.7626190185547,60.508472442627,61.2857437133789,61.5910224914551,62.1401557922363,63.1115570068359,64.1140670776367,65.0310134887695,65.9740142822266,67.0108947753906,67.5788955688477,68.1374130249023,68.7763061523438,69.2388763427734,69.8039474487305,70.4589004516602,70.9721984863281,71.6150665283203,72.3467330932617,72.7869262695312,72.6391372680664,72.1883926391602,71.848388671875,72.8878021240234,75.1567611694336,77.4649124145508,79.0349731445312,79.6679229736328,79.7491073608398,80.0571136474609,81.1084747314453,82.447395324707,84.4981307983398,86.617301940918,87.2372894287109,86.0146865844727,85.1539459228516,85.1321868896484,85.0286865234375,85.4746398925781,86.7446823120117,87.4481811523438,88.1225204467773,89.2375259399414,91.0431442260742,92.5309143066406,93.9347610473633,95.3156661987305,97.166748046875,99.2015686035156,101.132942199707,103.398780822754,108.05940246582,101.171333312988,68.0313568115234,68.9776229858398,65.0476531982422,63.5223808288574,65.6340942382812,66.0784530639648,65.7317733764648,64.8520202636719,63.2299270629883,61.909107208252,58.9828453063965,56.8740882873535,56.2907447814941,56.3155937194824,55.3126983642578,54.1213264465332,51.7901992797852,50.7778396606445,52.1960792541504,54.8979644775391,52.5133285522461,50.9367446899414,45.4832191467285,40.5733757019043,42.2779388427734,42.8759956359863,47.8221244812012,49.5073013305664,51.0456352233887,50.2684898376465,51.3785362243652
"-45",46.4028015136719,46.4476280212402,48.3351364135742,44.7019271850586,44.6318473815918,49.173282623291,56.1272735595703,57.001537322998,57.0025329589844,52.6587944030762,47.551929473877,45.258243560791,46.884391784668,62.6721420288086,65.8860702514648,69.8449401855469,71.7620544433594,73.7621383666992,76.3832702636719,78.8069610595703,79.9731369018555,81.5305328369141,82.5555648803711,83.7466583251953,84.4691162109375,85.4606475830078,87.1230010986328,90.859375,91.4677200317383,90.6441955566406,89.1201324462891,87.7891464233398,86.9587097167969,86.4226837158203,86.1888656616211,86.7171936035156,86.8960647583008,85.6046447753906,83.8922958374023,82.2557067871094,81.6695251464844,81.8436813354492,82.4900436401367,83.5651550292969,85.2977294921875,87.511833190918,90.4429550170898,93.6218795776367,95.3376846313477,94.8352432250977,93.2381820678711,91.8405990600586,91.1788635253906,90.558219909668,89.849479675293,88.8916931152344,88.080078125,87.3843612670898,85.5287170410156,82.6772308349609,79.8980560302734,78.0387191772461,77.3490219116211,76.4677352905273,76.0232086181641,75.8139038085938,75.4512939453125,74.4673614501953,72.9209976196289,71.6002578735352,74.4369277954102,74.8195648193359,74.3594284057617,77.8369827270508,83.5438995361328,96.9952621459961,88.0624923706055,87.5897750854492,93.9902191162109,97.6346893310547,98.3416213989258,106.444236755371,100.12572479248,99.9930648803711,105.179588317871,85.8747711181641,92.9243087768555,79.9342422485352,65.6188049316406,58.8648796081543,51.4458427429199,51.3709869384766,58.9724044799805,56.741024017334,63.3947296142578,64.4116134643555,64.1832656860352,62.7991943359375,61.739673614502,60.8340072631836,60.0393867492676,59.7520179748535,60.1011695861816,60.416088104248,60.8840713500977,60.6125335693359,59.7992324829102,59.8055610656738,60.5629653930664,61.1748237609863,61.5308494567871,62.1083946228027,63.0147857666016,63.980899810791,64.9086608886719,65.9015884399414,67.1629943847656,67.9126205444336,68.5203552246094,69.2065505981445,69.6999206542969,70.2542266845703,70.6932907104492,71.080192565918,71.7135238647461,72.6011276245117,73.5448455810547,73.78466796875,73.5873184204102,73.0390319824219,73.4844512939453,75.0752105712891,76.8423004150391,78.3571701049805,79.4129486083984,79.825553894043,79.8823318481445,80.5889663696289,81.5896072387695,83.0683288574219,84.7668685913086,85.6260986328125,85.3410873413086,85.4642028808594,85.5700836181641,85.2305755615234,85.8068923950195,87.4973983764648,88.2926559448242,88.9981689453125,90.0596084594727,91.5584869384766,92.5407867431641,93.6223220825195,94.8454895019531,96.5314331054688,98.5881652832031,100.556037902832,103.398872375488,107.919731140137,72.2205123901367,72.6787109375,68.8320999145508,64.9394683837891,62.5878219604492,62.113655090332,62.1752471923828,63.3427810668945,63.0283546447754,62.3269691467285,61.2080574035645,58.5863761901855,57.3393516540527,56.6930809020996,55.7561683654785,54.463451385498,53.1184692382812,50.9354591369629,49.6441879272461,51.676830291748,54.4534721374512,52.6758422851562,51.8674583435059,46.6038551330566,43.7515068054199,42.6527328491211,43.2382011413574,47.705867767334,49.6061096191406,50.7947044372559,50.2276382446289,51.3785362243652
"-43.75",46.7390785217285,46.539379119873,47.8820838928223,44.5063858032227,44.7483139038086,49.3434410095215,55.9091491699219,57.2399597167969,58.181266784668,53.6282615661621,47.7291488647461,43.767204284668,44.6146507263184,61.5769996643066,65.4671325683594,69.2939071655273,71.2328720092773,72.9016342163086,75.583854675293,78.2378768920898,79.3383407592773,80.9813232421875,81.9048919677734,83.3904266357422,84.5440292358398,85.2047271728516,86.0276260375977,88.7541122436523,90.5742034912109,90.5460510253906,89.1556015014648,87.7276611328125,86.8951721191406,86.8783493041992,86.687744140625,86.5925598144531,85.9399642944336,83.916877746582,82.1225433349609,81.5039367675781,81.5956802368164,81.961555480957,82.5390777587891,83.5782699584961,85.3908157348633,87.6583099365234,90.6202621459961,93.5402908325195,94.9884567260742,94.4867553710938,93.2395629882812,92.0551147460938,91.4892120361328,91.2872543334961,90.5967025756836,89.6450424194336,88.565559387207,87.4322280883789,85.4896392822266,82.9661483764648,80.622200012207,78.8968658447266,78.2034606933594,77.5878448486328,77.4482574462891,77.3051681518555,77.1032485961914,76.121826171875,74.4966278076172,72.4909439086914,71.3322601318359,78.5771942138672,72.3161087036133,74.1007690429688,89.7948226928711,91.9209289550781,94.8196182250977,100.887741088867,107.690658569336,106.806694030762,110.269088745117,106.824417114258,110.376327514648,121.096252441406,115.259498596191,100.354598999023,85.7834701538086,76.573860168457,84.0181274414062,69.9020690917969,70.9377517700195,65.2634429931641,72.1088409423828,63.6479988098145,63.6563034057617,65.0007705688477,64.286018371582,63.0725326538086,61.7122573852539,60.3459396362305,59.7064819335938,59.6497802734375,59.9758605957031,60.2881355285645,60.4660987854004,60.2858276367188,59.8219299316406,59.9372520446777,60.6423377990723,61.0484352111816,61.4887275695801,62.2063026428223,63.1141242980957,64.0164947509766,64.9567337036133,66.0008697509766,67.3346939086914,68.2188339233398,68.9064254760742,69.6924133300781,70.2283554077148,70.8213348388672,71.3253555297852,71.6461029052734,72.1299514770508,73.0796890258789,74.2524108886719,75.070442199707,75.0917587280273,74.3387985229492,74.0216979980469,75.0058288574219,76.5263519287109,77.763298034668,79.1120529174805,79.7741394042969,79.8915328979492,80.2702102661133,81.177604675293,82.5431060791016,84.0166931152344,84.921875,85.6064147949219,86.2579498291016,85.8352966308594,84.7916488647461,85.3415222167969,87.5293960571289,88.8782196044922,89.7809295654297,90.58935546875,91.4600143432617,92.3124465942383,93.1906127929688,94.2871398925781,95.8016586303711,97.9057540893555,100.297729492188,103.553260803223,105.69083404541,84.7315216064453,70.5820388793945,69.8337554931641,68.0831451416016,66.2961044311523,63.8632926940918,61.1247901916504,60.9749526977539,61.6071434020996,61.7366523742676,60.2571487426758,58.1366195678711,56.8658294677734,56.2431106567383,55.0087814331055,53.6499481201172,52.2225456237793,50.217601776123,49.1170310974121,51.1710662841797,53.7328453063965,53.2300300598145,52.3004302978516,47.7762794494629,44.2956809997559,41.945442199707,43.8944969177246,47.3245468139648,49.6116523742676,50.1282958984375,50.2095527648926,51.3785400390625
"-42.5",46.3834762573242,46.3443298339844,47.5900459289551,44.084545135498,44.9789810180664,49.6263160705566,55.7346496582031,57.5831565856934,60.0510749816895,54.609561920166,46.9482231140137,41.4459457397461,41.2652626037598,61.3191375732422,65.8848114013672,68.844596862793,70.8819046020508,72.4011077880859,75.014892578125,77.79833984375,78.8261489868164,80.4533615112305,81.4513473510742,82.9457778930664,84.2705078125,84.9994812011719,85.5102386474609,87.1421813964844,89.2399520874023,90.1427154541016,89.2486267089844,87.7594299316406,87.0695266723633,87.3877639770508,87.1458511352539,86.3206939697266,84.9936752319336,82.7024230957031,81.5818862915039,81.4495391845703,81.6088333129883,81.8834686279297,82.570426940918,83.6941375732422,85.6386108398438,87.948112487793,90.6512222290039,93.2112503051758,94.5744247436523,94.362678527832,93.4152069091797,92.4277191162109,91.6728363037109,91.6544418334961,91.1614532470703,90.2522277832031,88.7246017456055,86.8825607299805,84.8809127807617,82.9343719482422,80.985725402832,79.7148971557617,79.1275787353516,78.6048889160156,78.7257995605469,78.7387771606445,78.5426406860352,77.5783233642578,75.8529968261719,73.6878433227539,71.588981628418,70.6830978393555,71.1797256469727,71.3669662475586,81.8773727416992,81.4261703491211,87.9178924560547,93.0457153320312,99.0331420898438,100.002510070801,111.238723754883,110.740287780762,111.539367675781,114.19921875,112.474418640137,103.979789733887,101.211708068848,95.0126113891602,93.1290969848633,88.9417266845703,86.0003509521484,79.8671417236328,82.2947692871094,64.9570846557617,64.7573013305664,65.2657318115234,64.3468475341797,63.0679588317871,61.5256881713867,59.70263671875,59.0320701599121,59.2752799987793,59.5829200744629,59.9945945739746,60.1515769958496,60.0185089111328,59.8211555480957,60.0292587280273,60.7953109741211,61.0223274230957,61.4673118591309,62.2160377502441,63.2613563537598,64.2131042480469,65.1574859619141,66.2547225952148,67.6434936523438,68.6305694580078,69.2284545898438,70.1261672973633,70.8314666748047,71.3965148925781,72.0836410522461,72.6159973144531,72.9384613037109,73.7971572875977,74.9164505004883,76.0381774902344,76.5074920654297,75.6134490966797,74.9712066650391,75.2090454101562,76.3710784912109,77.683967590332,79.1038436889648,79.901496887207,80.0905456542969,80.4936294555664,81.1307678222656,82.4892120361328,83.9431304931641,85.4953002929688,86.9779357910156,88.5652313232422,88.7463684082031,86.5522689819336,85.9353637695312,87.7493057250977,89.4074401855469,90.3702239990234,90.8608703613281,91.3377075195312,91.9710998535156,92.9049835205078,93.8776016235352,95.2277603149414,97.4033737182617,100.05396270752,103.331443786621,108.890014648438,113.879028320312,114.614364624023,110.59268951416,69.8246459960938,72.1837387084961,70.1504135131836,65.2608032226562,62.2778587341309,61.5533676147461,61.633373260498,60.0862617492676,57.3308067321777,56.0592575073242,55.114616394043,54.0558738708496,52.6734161376953,51.6231498718262,49.9029006958008,48.8794937133789,50.7138519287109,53.0314178466797,53.6644859313965,52.6373863220215,49.1042060852051,44.9251098632812,42.6108207702637,43.5324249267578,46.4398651123047,49.099006652832,49.8319053649902,50.189022064209,51.3785400390625
"-41.25",46.4771995544434,46.4350051879883,47.3221130371094,44.0140609741211,45.1675834655762,49.9676742553711,55.656120300293,57.9929962158203,61.4791488647461,55.8882598876953,44.9532852172852,38.3217468261719,39.1301422119141,62.5278205871582,67.106330871582,69.2151184082031,70.8732757568359,72.2181625366211,74.8196182250977,77.3497848510742,78.2846069335938,79.9152603149414,81.0818557739258,82.6053085327148,83.7461013793945,84.6552276611328,85.2734222412109,86.2321166992188,87.8234329223633,89.3135986328125,89.2455673217773,87.9753189086914,87.3877639770508,87.3468322753906,87.0389251708984,85.9446411132812,84.1974792480469,82.2155532836914,81.5353775024414,81.505485534668,81.464485168457,81.695442199707,82.4179840087891,83.7732467651367,85.9858551025391,88.4054794311523,90.8752593994141,93.0128479003906,94.3013458251953,94.3890686035156,93.643913269043,92.527946472168,92.0163879394531,92.1304626464844,91.7550964355469,90.5204849243164,88.4629592895508,86.0758285522461,83.7139587402344,82.277961730957,80.935920715332,80.1721420288086,79.8442535400391,79.7208786010742,80.02978515625,80.0599899291992,79.7523040771484,78.8101654052734,77.2630920410156,75.3210906982422,73.1368865966797,70.6529922485352,73.20556640625,75.592399597168,79.7101898193359,77.5551834106445,73.6693420410156,75.1525802612305,77.6813659667969,89.4929046630859,96.164176940918,96.4627532958984,91.9869537353516,92.4945449829102,103.461502075195,110.483764648438,97.5108489990234,100.041893005371,104.2373046875,95.3898010253906,105.832321166992,85.2534332275391,79.6870956420898,65.5875854492188,65.4984970092773,65.1873092651367,63.7741279602051,62.5078811645508,61.3224411010742,59.5634498596191,58.8889465332031,59.0679779052734,59.2920989990234,59.8132171630859,60.0157623291016,59.9793701171875,59.7165718078613,60.0303421020508,60.8585357666016,61.2150192260742,61.6112403869629,62.283618927002,63.4074974060059,64.5371246337891,65.4966583251953,66.6288757324219,67.9055023193359,69.030387878418,69.7001571655273,70.6479034423828,71.5091934204102,72.1680297851562,73.0214538574219,73.7856292724609,74.229377746582,74.7841720581055,75.8510131835938,77.0000381469727,77.7390365600586,77.1428451538086,76.1995849609375,76.1146469116211,76.6752777099609,77.8306427001953,79.2623519897461,80.4769134521484,80.8662414550781,81.1384811401367,81.5738143920898,82.6630783081055,84.1321792602539,86.1034698486328,88.0442123413086,90.088493347168,91.1697387695312,89.2174606323242,87.7045593261719,88.5657501220703,89.9374694824219,90.3870086669922,90.6388549804688,91.0167617797852,91.832893371582,92.752067565918,93.6664733886719,94.8799743652344,96.8940658569336,99.6060943603516,103.075469970703,107.53337097168,113.074394226074,117.62899017334,125.006904602051,93.1798782348633,81.6015853881836,70.8520355224609,68.2192306518555,64.1408081054688,62.4680328369141,61.8749809265137,59.6163787841797,56.9643516540527,54.9762916564941,53.8118209838867,53.215633392334,51.9841003417969,51.4497222900391,49.7805404663086,48.7673377990723,50.3798294067383,52.4956398010254,53.3667907714844,53.0123901367188,49.9352531433105,45.168384552002,43.1803169250488,43.567310333252,47.1815490722656,48.9798431396484,49.777156829834,50.1726379394531,51.3785400390625
"-40",46.7260894775391,46.1813049316406,47.0243721008301,44.0288238525391,45.5221862792969,50.1865234375,55.6006622314453,57.9224662780762,62.187084197998,57.0138778686523,42.4545860290527,36.321590423584,43.0847015380859,65.3516845703125,69.1142959594727,70.8633270263672,71.671272277832,72.6773986816406,74.9411773681641,76.9882736206055,77.7727432250977,79.3337554931641,80.7540588378906,82.2714996337891,83.2658004760742,84.3296661376953,85.0113143920898,85.7775344848633,86.7402954101562,88.2667846679688,89.0683288574219,88.447380065918,87.7143783569336,86.7238082885742,86.3623123168945,85.1738662719727,83.5804138183594,82.1022796630859,81.7823867797852,81.7736663818359,81.5513229370117,81.6774520874023,82.4761962890625,84.1359024047852,86.4570541381836,88.9091949462891,91.0507431030273,92.7966232299805,93.9617767333984,94.3559036254883,93.6926727294922,92.6999206542969,92.53466796875,92.8040542602539,92.1886138916016,90.6663360595703,88.2948608398438,85.6493530273438,83.2316207885742,81.6684188842773,80.778205871582,80.5467300415039,80.4089050292969,80.470588684082,81.0109786987305,81.2064666748047,81.012565612793,80.2998504638672,78.9596633911133,77.0302658081055,75.0956115722656,73.0179061889648,71.6845550537109,71.1465835571289,73.5568466186523,71.6814804077148,70.6739807128906,74.9563217163086,71.6125183105469,77.1587371826172,71.6085205078125,71.2523345947266,74.1525802612305,77.3864059448242,81.624755859375,102.376609802246,102.604637145996,102.099723815918,104.290969848633,98.9540481567383,90.9496002197266,83.992073059082,77.3479614257812,66.2999572753906,65.3510208129883,64.4611511230469,63.0093574523926,61.8107795715332,60.9313049316406,59.6819725036621,59.1928596496582,59.3060760498047,59.4124221801758,59.6395225524902,59.7973442077637,59.5294952392578,59.195743560791,59.7549514770508,60.7640800476074,61.4468536376953,61.8802299499512,62.4660568237305,63.6656723022461,65.0079574584961,65.9867248535156,67.1015167236328,68.3710021972656,69.4541854858398,70.1744918823242,71.1997528076172,72.2281875610352,72.9492340087891,73.9015655517578,74.7324523925781,75.3172607421875,75.9263076782227,77.182487487793,78.1674118041992,78.6007690429688,78.3918685913086,77.6439590454102,77.2797546386719,77.4517288208008,78.2298049926758,79.7007293701172,81.103889465332,82.0818405151367,82.2687377929688,82.4056930541992,83.2943344116211,84.4965591430664,86.4479293823242,88.3614807128906,90.35205078125,91.8965225219727,90.8597412109375,89.2256622314453,89.6714477539062,90.33984375,90.2870559692383,90.1605072021484,90.5971298217773,91.5351715087891,92.5536575317383,93.5239639282227,94.5300064086914,96.3142776489258,98.8187484741211,102.411071777344,106.478912353516,110.324928283691,112.748634338379,115.801536560059,119.319938659668,121.095031738281,79.8239135742188,69.3876724243164,66.9180374145508,62.2864151000977,59.7752151489258,58.4142875671387,56.416675567627,53.9587669372559,52.4892654418945,52.1169776916504,51.8564033508301,51.6700172424316,49.8999328613281,49.2988777160645,50.4715805053711,52.4104156494141,53.0339965820312,53.1133117675781,50.3501815795898,45.3134078979492,43.2397232055664,43.7161064147949,47.322135925293,49.0241546630859,49.7830696105957,50.2568664550781,51.485538482666
"-38.75",46.3989219665527,46.5085945129395,47.0236892700195,43.9736671447754,46.0611457824707,50.5215339660645,55.5456771850586,57.9404449462891,62.7398834228516,58.0666084289551,40.5003852844238,38.0276069641113,48.5455627441406,67.5140609741211,70.8520660400391,71.5505599975586,71.8662490844727,72.8562088012695,74.7895431518555,76.7605056762695,77.3437576293945,78.8958435058594,80.4066848754883,81.9661254882812,82.8378143310547,83.9424133300781,84.6449356079102,85.5086822509766,86.1913604736328,87.3031921386719,88.6816558837891,88.9534454345703,87.7668380737305,86.3712387084961,85.5935516357422,84.3999404907227,83.2561798095703,82.42822265625,82.5584335327148,82.5030136108398,81.9640884399414,82.0997848510742,83.0664825439453,84.836669921875,87.0292358398438,89.1684265136719,91.0745162963867,92.5339965820312,93.5787734985352,94.0446472167969,93.3517150878906,92.8033065795898,93.1575088500977,93.4531631469727,92.5931167602539,90.7290267944336,88.2754974365234,86.0074768066406,83.8632049560547,82.2301712036133,81.2267913818359,81.1840896606445,81.2553787231445,81.2986602783203,81.6482391357422,81.8306121826172,81.8392715454102,81.2249145507812,80.1986770629883,78.3617248535156,76.5886993408203,75.4408493041992,73.8921585083008,72.3348159790039,71.6936264038086,70.0351104736328,68.2979736328125,72.3126678466797,73.0457077026367,75.6993789672852,74.8692779541016,73.9470672607422,70.4003372192383,73.619384765625,71.9833755493164,80.3271484375,90.4408187866211,92.5641784667969,100.298934936523,96.5854797363281,91.5737686157227,80.4576034545898,68.7619018554688,65.6112594604492,64.613395690918,63.7811470031738,62.754467010498,61.4303283691406,60.4464797973633,59.6357040405273,59.3785552978516,59.6223258972168,59.7057914733887,59.7154006958008,59.6414375305176,59.1520805358887,58.4468460083008,59.0984764099121,60.2918853759766,61.5055046081543,62.2009315490723,62.8057746887207,64.0139846801758,65.5665817260742,66.703987121582,67.7675476074219,68.8039169311523,69.9475479125977,70.8062057495117,71.7251968383789,72.8791885375977,73.8350524902344,74.8672790527344,75.8134155273438,76.5290298461914,77.2741241455078,78.3854522705078,79.2366485595703,79.5008392333984,79.4064178466797,78.9632949829102,78.4985504150391,78.3542861938477,78.7538833618164,80.0179061889648,81.4043273925781,82.8189697265625,83.2880554199219,83.343864440918,83.8487396240234,84.8196716308594,86.581916809082,88.4977798461914,90.4526977539062,92.0415878295898,91.7280120849609,90.3259811401367,90.1282348632812,90.2948303222656,89.8566589355469,89.5339279174805,90.1952667236328,91.1823577880859,92.2088012695312,93.2394409179688,94.332893371582,95.7963638305664,97.9677734375,101.235191345215,105.344757080078,109.064735412598,111.71019744873,113.558258056641,113.932281494141,114.953636169434,109.011749267578,65.9443283081055,66.1824417114258,60.9468994140625,58.94873046875,57.2817573547363,55.6109199523926,53.2631492614746,52.1374244689941,51.5430374145508,51.6746215820312,51.5034255981445,49.7466773986816,49.5389175415039,50.8934783935547,52.3687400817871,52.6161346435547,52.4103965759277,51.1871681213379,45.7578315734863,43.8511123657227,43.8655242919922,47.3252983093262,49.0930099487305,49.8124694824219,50.3655700683594,51.6178894042969
"-37.5",46.8204650878906,46.3013000488281,46.5048561096191,43.9725189208984,46.3502426147461,50.8979644775391,55.5449028015137,58.0001335144043,62.6061172485352,58.1182975769043,39.9904403686523,42.276065826416,52.7415580749512,70.2983779907227,71.8246536254883,71.1550598144531,71.4095764160156,72.5573501586914,74.3137435913086,76.4643859863281,77.056266784668,78.5711669921875,80.030876159668,81.7757263183594,82.62744140625,83.7109603881836,84.474235534668,85.5083160400391,86.0373382568359,86.7406616210938,88.0514373779297,89.0094757080078,87.7034149169922,86.3823394775391,85.3295516967773,84.1914367675781,83.3628387451172,83.0321044921875,83.4634017944336,83.1620330810547,82.4060134887695,82.6432495117188,83.7915573120117,85.4462280273438,87.4622192382812,89.2911148071289,90.9421997070312,92.099853515625,93.0689163208008,93.4501953125,92.8871688842773,92.9534225463867,93.6265182495117,93.8295288085938,93.1540451049805,91.3529434204102,88.6860809326172,86.5857238769531,84.9035873413086,83.5125122070312,82.4965133666992,82.454833984375,82.3776550292969,82.434944152832,82.559814453125,82.5844573974609,82.6839447021484,82.1015472412109,81.119514465332,79.3810119628906,77.8020858764648,76.6078109741211,75.0635833740234,73.4031524658203,71.6667251586914,69.8382568359375,68.5380935668945,68.2724838256836,68.5563812255859,69.3422546386719,70.1802062988281,70.2559585571289,70.9648056030273,71.267578125,71.6654586791992,64.7446975708008,68.7000427246094,79.3942031860352,87.3373336791992,86.4965591430664,81.9237365722656,68.318244934082,65.3662872314453,64.7838592529297,63.973819732666,63.499813079834,62.8503227233887,61.5926284790039,60.3698501586914,59.4846496582031,59.2599182128906,59.6490821838379,59.7873306274414,59.7085151672363,59.4119338989258,58.9123382568359,58.5497703552246,59.1465034484863,60.2545890808105,61.5951881408691,62.7834053039551,63.5633239746094,64.5495681762695,66.2170333862305,67.5492095947266,68.4644775390625,69.2998733520508,70.3689193725586,71.3147811889648,72.3847808837891,73.7388000488281,74.7961502075195,75.9184036254883,76.9441833496094,77.8506851196289,78.7338027954102,79.6112670898438,80.0686111450195,80.2389602661133,80.2840042114258,80.0243759155273,79.4312744140625,79.1143035888672,79.7172546386719,81.010368347168,82.245849609375,83.5275650024414,84.2595062255859,84.3530502319336,84.5505676269531,85.204719543457,87.0666046142578,88.9768829345703,90.5545349121094,92.2194290161133,92.4807739257812,91.3166961669922,90.8197860717773,89.8541412353516,88.9851913452148,88.7956695556641,89.614013671875,90.7366714477539,91.8300323486328,92.8423538208008,94.082893371582,95.4746246337891,97.3346557617188,99.9461822509766,103.867393493652,107.885131835938,111.090682983398,112.441986083984,111.91397857666,112.050903320312,109.342994689941,63.1052436828613,64.4826278686523,59.3561859130859,57.4970169067383,56.4201202392578,54.9742774963379,52.7809867858887,51.8945617675781,52.2097587585449,51.3477249145508,51.022102355957,48.963020324707,49.8653259277344,51.7308540344238,52.6398315429688,52.2475852966309,52.0811500549316,50.5522155761719,46.1272087097168,44.137378692627,44.2260627746582,47.0228881835938,49.2784767150879,49.7611274719238,50.3506507873535,51.6178932189941
"-36.25",46.4689750671387,46.315128326416,46.409049987793,44.1252746582031,46.9207038879395,51.0500106811523,55.4409217834473,57.6824531555176,62.0782623291016,57.8973808288574,40.4620742797852,46.7459030151367,52.8841972351074,71.5160369873047,73.4512252807617,71.9213638305664,71.6371841430664,72.5044403076172,73.9214019775391,76.1292037963867,76.8844909667969,78.296272277832,79.6507873535156,81.5606002807617,82.564208984375,83.4985885620117,84.1792984008789,85.5260314941406,86.1948394775391,86.7016525268555,87.5008926391602,88.8945770263672,87.8120574951172,86.5254287719727,85.443473815918,84.5110168457031,83.8172378540039,83.4077453613281,83.7581405639648,83.3905944824219,82.7557754516602,83.03759765625,84.1990661621094,85.8833923339844,87.751823425293,89.3306884765625,90.6415786743164,91.5698852539062,92.4249038696289,92.6201858520508,92.3646621704102,92.9803237915039,93.8310546875,94.058837890625,93.351448059082,91.8812789916992,89.6534576416016,87.7129287719727,86.2151260375977,84.8369750976562,83.9099426269531,83.8820495605469,83.9046249389648,83.9447250366211,84.2053375244141,84.4420623779297,84.3569641113281,83.4486770629883,82.0675354003906,80.5576934814453,79.0819091796875,77.7439041137695,76.0414733886719,74.1505737304688,72.2505187988281,70.6718063354492,70.0605545043945,69.9077377319336,70.3904342651367,71.0346527099609,71.0711441040039,70.4473495483398,69.7538375854492,69.1842575073242,70.0028076171875,68.5248107910156,64.7255783081055,65.709716796875,74.9003219604492,83.6111602783203,80.361328125,65.9292144775391,65.0033493041992,64.285530090332,63.4985809326172,63.2759056091309,62.779842376709,61.7177734375,60.5359191894531,59.5132713317871,59.0755386352539,59.394905090332,59.8053321838379,59.6237831115723,59.2561264038086,58.7427444458008,58.8708343505859,59.3786315917969,60.5282783508301,61.8525199890137,63.3815765380859,64.5066070556641,65.317268371582,66.7595672607422,68.2926330566406,69.1452255249023,69.8734664916992,70.7782821655273,71.839111328125,73.0809707641602,74.7276229858398,75.9058074951172,76.8353118896484,78.050163269043,79.1262435913086,79.9906692504883,80.4177627563477,80.6224822998047,80.785400390625,80.9603729248047,80.7491455078125,80.2493896484375,79.7760391235352,80.5765838623047,81.869514465332,83.2295684814453,84.4689559936523,85.0862426757812,85.23583984375,85.1056518554688,85.3764801025391,87.4461975097656,89.5898818969727,90.8832244873047,92.5632629394531,93.2617034912109,92.3631439208984,91.5460815429688,90.0539703369141,88.5716171264648,88.4681549072266,89.4036712646484,90.4399337768555,91.4406204223633,92.545036315918,93.8841323852539,95.2128982543945,96.8923263549805,99.0038299560547,102.476432800293,106.435615539551,110.111892700195,111.69580078125,111.176193237305,110.631011962891,109.55256652832,71.426025390625,66.2478485107422,63.2557144165039,57.8283386230469,55.8676528930664,54.5949592590332,53.070858001709,52.8185653686523,52.8851432800293,51.4045295715332,50.1751594543457,48.1553649902344,50.018440246582,52.3114700317383,53.3017044067383,52.3586769104004,51.540470123291,50.6151351928711,46.0356674194336,44.2989463806152,45.0684700012207,47.9973754882812,50.0893478393555,50.0237884521484,50.3355979919434,51.6178932189941
"-35",46.7581558227539,46.5319137573242,46.0368728637695,44.2418594360352,47.3663177490234,51.3531265258789,55.3664207458496,57.1424827575684,61.0442733764648,56.153003692627,42.6875534057617,50.6211547851562,55.7112045288086,72.7057876586914,76.7512054443359,73.5756683349609,71.8928451538086,72.0410690307617,73.4187774658203,75.7044067382812,76.827766418457,78.1199340820312,79.2521209716797,81.2644119262695,82.4114837646484,83.3120498657227,84.0992813110352,85.506965637207,86.1770401000977,86.7517318725586,87.0530014038086,88.5529098510742,88.0158309936523,86.7043380737305,85.667839050293,84.8607406616211,84.1935958862305,83.4680862426758,83.4632034301758,83.1615295410156,83.1389083862305,83.508659362793,84.622184753418,86.3408813476562,88.0751876831055,89.4032592773438,90.4738235473633,91.0680770874023,91.6252822875977,91.7303466796875,92.0519943237305,92.9950332641602,93.9153594970703,94.0979309082031,93.4470138549805,92.0899047851562,90.2344360351562,88.6879501342773,87.3185806274414,85.9936904907227,85.1360244750977,85.0379104614258,84.7412796020508,84.8567810058594,85.6059799194336,86.1206283569336,85.7557067871094,84.6372680664062,83.2411804199219,81.759895324707,80.2160797119141,78.615608215332,76.9617233276367,74.9303207397461,73.2279205322266,72.3211135864258,71.9200668334961,71.8616104125977,72.0369033813477,72.2005615234375,71.9308853149414,71.1993865966797,70.485237121582,69.7535781860352,69.0543899536133,69.1301727294922,71.0686798095703,65.735107421875,65.544075012207,70.6085205078125,67.1468505859375,65.5486450195312,64.7795715332031,63.8320350646973,63.0957641601562,62.8663597106934,62.4335441589355,61.5663833618164,60.4617347717285,59.4122772216797,58.8748016357422,59.1203651428223,59.7080230712891,59.663818359375,59.1689949035645,58.6003189086914,58.7217178344727,59.3957977294922,60.7113494873047,62.1308784484863,63.8874130249023,65.3079071044922,66.1899337768555,67.3652267456055,68.8323287963867,69.74365234375,70.4791793823242,71.191291809082,72.2153854370117,73.6453399658203,75.488395690918,76.8932342529297,77.8808441162109,79.1111450195312,80.1878890991211,80.7479782104492,80.8745040893555,81.3181533813477,81.6511840820312,81.8096466064453,81.4817123413086,80.7642974853516,80.3049163818359,81.1149444580078,82.3990707397461,83.8915405273438,85.1535263061523,85.7749862670898,85.969108581543,85.8560104370117,85.5972061157227,87.5414581298828,89.8882827758789,91.4215240478516,92.8624496459961,93.7923431396484,93.4286956787109,92.5605392456055,90.8231658935547,89.1691284179688,88.5742568969727,89.1502685546875,90.0217132568359,91.0657043457031,92.2437744140625,93.8304824829102,95.366081237793,96.8801345825195,98.5408477783203,101.492225646973,105.142097473145,108.957344055176,111.10432434082,111.025985717773,109.676658630371,109.785034179688,90.7883834838867,71.7045669555664,67.6625900268555,59.5060653686523,56.1837730407715,55.2632255554199,54.3814811706543,53.9826507568359,53.4613838195801,51.4841537475586,48.9977035522461,47.3586273193359,50.0623626708984,52.7979393005371,53.8265533447266,52.3066520690918,50.8792190551758,50.3356094360352,46.5112648010254,45.9010581970215,44.8729629516602,48.5473556518555,50.0769462585449,50.7782936096191,50.3212776184082,51.6179122924805
"-33.75",46.4070625305176,46.2627334594727,45.8191719055176,44.3019180297852,47.9039535522461,51.5295906066895,55.2798004150391,56.4360198974609,59.6540603637695,53.799388885498,44.7966499328613,54.5251159667969,58.082878112793,63.8929901123047,79.7545547485352,75.5417938232422,72.4999771118164,71.4754943847656,73.0479583740234,75.3000564575195,76.4688034057617,77.8881378173828,78.8016891479492,80.8988342285156,81.9924545288086,83.173942565918,84.0358505249023,85.2998123168945,86.0728912353516,86.5111389160156,86.8814468383789,87.9834442138672,88.2709808349609,86.9174575805664,85.8291015625,85.0573272705078,84.2573013305664,83.1556625366211,83.0446319580078,83.3265762329102,83.9244155883789,84.281379699707,85.2031707763672,86.7358245849609,88.1945648193359,89.2945175170898,90.037971496582,90.2816696166992,90.7560577392578,91.0893249511719,92.1349029541016,93.2720413208008,93.9449081420898,93.9365615844727,93.2555313110352,92.0856628417969,90.4272689819336,89.1946411132812,88.1268539428711,86.8170928955078,86.0699768066406,85.9890441894531,85.579704284668,85.5886611938477,86.4772720336914,86.8469085693359,86.1979141235352,85.1979446411133,84.1814651489258,82.8843154907227,81.0197219848633,79.2101287841797,77.3442001342773,75.3440780639648,74.1972274780273,73.7046279907227,73.4368286132812,73.1533508300781,72.9341278076172,72.9318466186523,72.6259155273438,72.0495147705078,71.5641098022461,70.9540939331055,70.1171722412109,69.4067840576172,69.2033233642578,68.6573715209961,68.1492156982422,67.5066223144531,66.1105422973633,65.2081909179688,64.2879180908203,63.3830871582031,62.6750907897949,62.245548248291,61.9431114196777,61.2843055725098,60.2056922912598,59.1707420349121,58.5743103027344,58.8540878295898,59.7439498901367,59.8255004882812,59.338062286377,58.8556938171387,58.6856956481934,59.3521003723145,60.8142127990723,62.5058860778809,64.5116500854492,65.9827270507812,66.8668365478516,67.8926620483398,69.1480026245117,70.0880584716797,70.9546966552734,71.7365493774414,72.7090606689453,74.1970901489258,76.1567764282227,77.7139739990234,78.7692413330078,80.1180648803711,81.1726455688477,81.3515548706055,81.3555297851562,81.8773193359375,82.4938278198242,82.9093246459961,82.4600601196289,81.6334228515625,81.0525512695312,81.7484283447266,83.0187606811523,84.4952697753906,85.5509719848633,86.419075012207,86.9875869750977,87.0686264038086,87.1349334716797,88.6756820678711,90.6741638183594,92.2282638549805,93.2134399414062,93.7904281616211,94.0056838989258,93.5149459838867,91.8986892700195,90.01318359375,89.0352325439453,89.1027450561523,89.642219543457,90.7435607910156,92.0859375,93.8930358886719,95.8063812255859,97.360107421875,98.5762023925781,100.98983001709,104.231887817383,107.90559387207,110.230842590332,110.8193359375,109.602081298828,106.808135986328,111.099380493164,82.8653793334961,66.3579483032227,63.3864517211914,59.1233215332031,58.0877990722656,56.8586921691895,55.9826965332031,53.8082580566406,51.2323837280273,48.3823852539062,47.1126556396484,49.8886184692383,53.0932312011719,53.865364074707,52.2216911315918,50.2586860656738,50.3862991333008,46.0393142700195,46.2901496887207,44.9302787780762,48.7922592163086,50.0930709838867,51.034496307373,50.3516540527344,51.6179351806641
"-32.5",46.7882881164551,46.304027557373,45.7817268371582,44.5786056518555,48.3187408447266,51.6877059936523,55.4059371948242,55.6331062316895,57.8906364440918,51.1396789550781,46.9058494567871,56.8237342834473,59.7821464538574,62.939510345459,75.7786483764648,76.7691345214844,73.6118621826172,71.136360168457,72.3312683105469,74.7955474853516,76.0540466308594,77.5799179077148,78.6207427978516,80.5785369873047,81.6957244873047,83.0527725219727,84.1700286865234,85.0915985107422,85.8169174194336,86.2934112548828,86.7518997192383,87.691276550293,88.5914764404297,87.2745361328125,86.0118408203125,85.1821212768555,84.2915878295898,83.4820556640625,83.5740203857422,84.1021041870117,84.8713607788086,85.1473541259766,85.7942962646484,86.9872512817383,88.135498046875,88.9892654418945,89.3614730834961,89.4085006713867,90.0418243408203,90.9806900024414,92.4551010131836,93.3204574584961,93.5348281860352,93.4075775146484,92.9026336669922,91.9212188720703,90.3864440917969,89.4418106079102,88.4689025878906,87.4287185668945,86.8224868774414,86.5423126220703,86.1048278808594,86.6072998046875,87.2250823974609,87.0034408569336,86.3384704589844,85.4351348876953,84.6562194824219,83.3456649780273,81.6378860473633,79.7939453125,77.9265365600586,76.2545547485352,75.5542984008789,75.0559768676758,74.6424331665039,74.0947875976562,73.6723251342773,73.5748519897461,73.328727722168,72.9066543579102,72.4690475463867,71.9524688720703,71.2495727539062,70.4964370727539,69.5449981689453,68.6254501342773,67.6533203125,66.6977615356445,65.6550445556641,64.7067489624023,63.9613189697266,63.2341995239258,62.4679183959961,61.9594917297363,61.8147926330566,61.1504402160645,60.0182876586914,58.9277877807617,58.2447929382324,58.5796661376953,59.7175712585449,60.2328567504883,59.8988647460938,59.2588996887207,59.027156829834,59.5396308898926,60.8642654418945,62.6074562072754,65.0232849121094,66.5231399536133,67.556266784668,68.6044769287109,69.4439849853516,70.3150329589844,71.3303680419922,72.3401336669922,73.330810546875,74.7405395507812,76.8501052856445,78.5028839111328,79.7163391113281,80.8727874755859,81.748664855957,81.7612075805664,81.6244049072266,82.2573013305664,83.2296676635742,83.7253646850586,83.3773803710938,82.8154602050781,82.285270690918,82.6712036132812,83.8048248291016,84.9322814941406,85.9003753662109,87.0913848876953,87.9252471923828,88.5037307739258,89.1910629272461,90.8140411376953,92.6430206298828,93.9044189453125,94.166862487793,94.0469055175781,94.2289886474609,93.966926574707,92.5028915405273,90.5638885498047,89.2339553833008,89.0172958374023,89.441047668457,90.3943176269531,91.9556732177734,94.004524230957,96.182243347168,97.7987899780273,98.9296188354492,100.807556152344,103.552749633789,106.786582946777,109.178619384766,110.554512023926,109.967681884766,105.860153198242,104.696968078613,111.044982910156,72.3656463623047,66.1080322265625,61.9056434631348,61.4196586608887,59.6226196289062,57.8966484069824,54.4721221923828,51.1396751403809,48.408763885498,47.1353149414062,49.8979644775391,53.3551635742188,53.41845703125,51.8262405395508,50.1784896850586,50.1158981323242,46.7162742614746,46.0283622741699,45.1700553894043,48.4986915588379,50.3656425476074,51.1000213623047,50.6581115722656,51.6179351806641
"-31.25",46.5122299194336,46.3644409179688,45.5366706848145,44.8735122680664,49.0102386474609,51.9070205688477,55.2523536682129,55.0261154174805,55.7283134460449,48.5630950927734,48.4772758483887,58.2028579711914,60.7730751037598,63.1274299621582,76.5027694702148,77.9088592529297,74.4221954345703,70.9779357910156,71.0048751831055,74.0717697143555,75.7054595947266,77.3108291625977,78.4482650756836,80.3921051025391,81.4637908935547,82.815803527832,83.9405364990234,84.8167724609375,85.612548828125,86.1102447509766,86.3571090698242,87.4255142211914,88.935661315918,87.6241073608398,86.2047805786133,85.2995986938477,84.6796340942383,84.6491088867188,85.1132354736328,85.373664855957,85.6978454589844,85.9402694702148,86.3926391601562,87.3016052246094,88.2288818359375,88.8594665527344,88.8527679443359,88.9588317871094,89.8642730712891,91.2479553222656,92.5240859985352,92.9275970458984,92.8345565795898,92.8190536499023,92.5631561279297,91.6973724365234,90.3266220092773,89.5057907104492,88.6567230224609,87.681755065918,87.149543762207,86.7264633178711,86.7886962890625,87.591178894043,87.9041213989258,87.4079818725586,86.4355773925781,85.3382034301758,84.1016006469727,82.8280487060547,81.4642791748047,80.1155319213867,78.9216079711914,78.1065902709961,77.5478668212891,76.6893615722656,75.6276016235352,74.6381607055664,74.0480499267578,74.0623626708984,74.0407180786133,73.6573104858398,73.2287368774414,72.6849212646484,72.0541381835938,71.1906661987305,70.2624893188477,69.0530548095703,67.7092666625977,66.3868103027344,65.3075103759766,64.4435501098633,63.7788963317871,63.1650428771973,62.4063529968262,61.9193725585938,61.8841552734375,61.4455909729004,60.287239074707,58.8958625793457,57.9734230041504,58.2709197998047,59.4291687011719,59.9706192016602,59.9734878540039,59.5861206054688,59.311954498291,59.654613494873,60.9344482421875,62.7067337036133,65.3169937133789,66.9506149291992,68.0420455932617,69.0651626586914,69.7358093261719,70.4292068481445,71.4942169189453,72.7036895751953,73.9827575683594,75.3972473144531,77.3925170898438,79.2004623413086,80.4800491333008,81.3697662353516,81.9431762695312,81.9414520263672,81.9109573364258,82.8686981201172,84.2029190063477,84.5845642089844,84.2650985717773,83.8473892211914,83.55712890625,83.8988037109375,84.8855056762695,85.8949737548828,86.8873062133789,88.0905609130859,88.8225479125977,89.4986801147461,90.4870529174805,92.2618713378906,94.1458587646484,94.9916305541992,94.6709976196289,93.9770889282227,93.9414291381836,93.6667709350586,92.2219161987305,90.2703628540039,89.0745849609375,88.8430709838867,89.4118881225586,90.479866027832,91.8720092773438,93.7891235351562,95.9401016235352,97.4111633300781,98.770378112793,100.680549621582,103.14786529541,105.823112487793,107.962173461914,109.740432739258,110.224815368652,106.195709228516,101.556922912598,105.783920288086,81.2553634643555,67.1646194458008,61.367374420166,61.0117835998535,60.6265869140625,58.4603042602539,54.5507888793945,51.1253051757812,49.0338249206543,47.8298072814941,50.3579750061035,53.3140716552734,52.5299415588379,51.2441558837891,50.4823417663574,49.9622535705566,47.8976860046387,47.1775131225586,45.8074760437012,48.6211547851562,50.5248031616211,51.1987190246582,50.871265411377,51.6179504394531
"-30",46.3549461364746,46.48388671875,45.4702415466309,45.0978050231934,49.4937438964844,52.0577049255371,55.0742034912109,54.0040969848633,53.1998405456543,46.1908760070801,49.3354873657227,58.7252922058105,60.8255615234375,63.0713882446289,75.1232833862305,79.6224594116211,75.070671081543,71.2665328979492,70.1866760253906,73.2821426391602,75.2971420288086,77.0947113037109,78.3873138427734,80.1304321289062,81.234001159668,82.5175018310547,83.5831756591797,84.4587631225586,85.3323669433594,85.9183807373047,86.2585220336914,87.3106307983398,89.1842651367188,88.0200271606445,86.4808044433594,85.463493347168,85.3721466064453,85.9919586181641,86.6562042236328,86.7631988525391,86.6177444458008,86.6692886352539,87.089241027832,87.8198165893555,88.588623046875,88.921028137207,88.8455200195312,89.172737121582,90.0643463134766,91.2697143554688,91.9913101196289,92.0955581665039,92.1434936523438,92.3450012207031,92.226203918457,91.5035400390625,90.2293548583984,89.5597839355469,88.8004837036133,87.8235473632812,87.2148818969727,86.9359512329102,87.499382019043,88.5851898193359,88.8619995117188,87.6231689453125,86.3243942260742,85.0637054443359,84.0408172607422,83.2386245727539,82.2750473022461,81.5224304199219,80.6946716308594,79.8715057373047,79.3073654174805,77.9460220336914,76.2277755737305,74.8327331542969,74.4974212646484,74.7015380859375,74.7760314941406,74.4580993652344,73.9877395629883,73.2626342773438,72.5121994018555,71.6095352172852,70.4979934692383,69.1174621582031,67.7853851318359,66.5398406982422,65.3751678466797,64.4612579345703,63.7012786865234,63.0205535888672,62.3115501403809,61.7217407226562,61.7477111816406,61.7116889953613,60.6740112304688,58.9993782043457,57.8111114501953,57.9513320922852,58.9381713867188,59.5269355773926,59.7384910583496,59.5874824523926,59.3909721374512,59.7367515563965,60.9907836914062,62.9087066650391,65.2730331420898,66.9853820800781,68.3618927001953,69.4757766723633,70.1396560668945,70.6643600463867,71.5572814941406,72.8015365600586,74.4012832641602,75.9872207641602,77.9286041259766,79.7853317260742,81.0320587158203,81.8605422973633,82.160026550293,82.2480773925781,82.536003112793,83.708854675293,85.0805740356445,85.3273391723633,84.922004699707,84.7387924194336,84.733528137207,85.2393569946289,86.2088851928711,87.3497085571289,88.3699035644531,89.7371673583984,90.3179931640625,90.5703277587891,91.3927764892578,92.9044723510742,94.7034378051758,95.0687103271484,94.2083511352539,93.0994720458984,92.656982421875,92.0595932006836,90.467041015625,88.7785949707031,88.0706405639648,88.4095840454102,89.2595672607422,90.3807983398438,91.7716751098633,93.4530715942383,95.5154876708984,96.9490966796875,98.3844757080078,100.358467102051,102.654518127441,104.951194763184,106.860015869141,108.705596923828,110.018203735352,106.789863586426,100.466194152832,101.015174865723,88.5766754150391,65.7581253051758,61.3952293395996,60.8701171875,59.8393249511719,58.65185546875,54.5080261230469,51.5350494384766,50.3945579528809,49.4190940856934,51.192081451416,53.0403213500977,51.7644119262695,50.7137260437012,50.228385925293,50.0951385498047,48.5621376037598,47.9397506713867,46.2675552368164,48.868091583252,50.6294326782227,51.235668182373,51.0144157409668,51.6179885864258
"-28.75",46.8384284973145,46.1924896240234,45.5034828186035,45.4541320800781,49.8650779724121,52.0596160888672,54.8179969787598,53.1426315307617,50.652416229248,44.2300262451172,49.4605178833008,58.8685569763184,60.6589508056641,62.9502143859863,68.9950332641602,84.62939453125,76.6385498046875,71.793098449707,70.0120162963867,72.4055328369141,74.9587554931641,76.9909591674805,78.3440933227539,79.9312973022461,81.0415802001953,82.1699142456055,83.1398849487305,84.0000534057617,85.045036315918,85.7895278930664,86.181999206543,87.2697601318359,89.4312515258789,88.400276184082,86.7983322143555,85.8027114868164,86.2742233276367,87.1191177368164,87.8377304077148,87.9220275878906,87.6958084106445,87.5050430297852,87.7261962890625,88.2152938842773,88.8298950195312,89.0450057983398,89.1036148071289,89.4442367553711,90.1172256469727,90.8543319702148,91.1573486328125,91.2267761230469,91.4893341064453,91.9423294067383,92.0739974975586,91.5113143920898,90.5199737548828,89.8564147949219,89.1559982299805,88.0035705566406,87.1173248291016,87.1805038452148,88.3779983520508,89.6540374755859,88.8331298828125,87.5039443969727,86.4649963378906,85.6193695068359,84.7835311889648,84.265251159668,83.5291748046875,83.0212020874023,82.1382522583008,81.2785568237305,80.0729293823242,78.3129577636719,76.3220825195312,75.0381393432617,74.8886032104492,75.3498458862305,75.5426940917969,75.2084808349609,74.5606307983398,73.7321548461914,72.8084182739258,71.7475051879883,70.5498504638672,69.1787414550781,67.9173812866211,66.638557434082,65.5121002197266,64.5497970581055,63.7080574035645,62.9621200561523,62.2031440734863,61.4918518066406,61.5070762634277,61.6778221130371,60.8669090270996,59.2016639709473,57.8514137268066,57.6554985046387,58.434814453125,59.1640701293945,59.2889099121094,59.1259155273438,59.1638374328613,59.8283195495605,61.0458106994629,63.0152130126953,65.2591171264648,66.9195556640625,68.5463485717773,69.8147048950195,70.5396118164062,71.1531829833984,71.7892837524414,72.7684860229492,74.5490798950195,76.3284378051758,78.4177627563477,80.2417602539062,81.4476013183594,82.2797317504883,82.6053695678711,82.6847915649414,83.0621566772461,84.1283721923828,85.4200668334961,85.5888366699219,85.2785720825195,85.4049530029297,85.9292373657227,86.6326446533203,87.4157028198242,88.2656784057617,89.3806915283203,90.7176818847656,91.6254501342773,91.8250961303711,92.6465072631836,93.8948440551758,95.2333221435547,95.1256637573242,93.9203186035156,92.8357086181641,92.4077224731445,91.689826965332,89.6192626953125,87.7389373779297,86.8483963012695,87.332160949707,88.5151596069336,90.0657272338867,91.7904434204102,93.600959777832,95.3535385131836,96.6716156005859,97.9017181396484,99.5819702148438,101.746925354004,104.02384185791,105.954048156738,107.743721008301,109.423881530762,107.071571350098,99.1100616455078,97.4204635620117,93.5888748168945,66.0682373046875,61.9285736083984,60.2062950134277,58.4050941467285,58.166187286377,53.9340591430664,51.2827529907227,51.5182342529297,51.5847244262695,52.4722557067871,52.8109817504883,51.0625381469727,49.4771423339844,50.0700454711914,50.0395202636719,49.2970809936523,48.121395111084,46.6138191223145,48.9426040649414,50.6470222473145,51.2941246032715,51.1176948547363,51.6180152893066
"-27.5",46.7985916137695,46.4877433776855,45.3578491210938,45.644775390625,50.1981506347656,52.3038673400879,54.5858306884766,52.4114265441895,48.0278091430664,42.8149337768555,49.8028411865234,58.834041595459,61.083381652832,63.1714973449707,69.4841690063477,85.0624084472656,80.7789764404297,73.1382522583008,69.8663558959961,71.418701171875,74.4373321533203,76.8373260498047,78.2755584716797,79.7811889648438,80.9268417358398,81.8218154907227,82.6873016357422,83.5152206420898,84.760498046875,85.6449508666992,86.1177825927734,87.2524566650391,89.6816101074219,88.8712997436523,87.2209167480469,86.4156723022461,87.2655410766602,88.125,88.5918045043945,88.5631790161133,88.3633346557617,88.1126480102539,88.0875778198242,88.3657989501953,88.8719177246094,89.1146850585938,89.1438522338867,89.4564437866211,89.8280715942383,90.3462677001953,90.4398422241211,90.5778656005859,91.0443344116211,91.724250793457,91.9297332763672,91.6067428588867,90.6971893310547,90.1303787231445,89.2206344604492,88.0187835693359,87.0617218017578,87.7522811889648,89.357177734375,89.5602798461914,88.6578826904297,87.7306289672852,87.1133499145508,86.3696365356445,85.8713989257812,85.3525390625,84.6959762573242,83.8717651367188,82.7192611694336,81.6651916503906,80.4095077514648,78.4431304931641,76.4236526489258,75.4298629760742,75.5796508789062,76.0608139038086,76.2243499755859,75.9250411987305,75.0064849853516,74.1101684570312,73.0443878173828,71.8617095947266,70.5240783691406,69.2182388305664,67.9468612670898,66.7365875244141,65.6035537719727,64.6399307250977,63.8500938415527,63.0221366882324,62.2155952453613,61.332592010498,61.2563056945801,61.4093170166016,60.8548851013184,59.3066558837891,57.916072845459,57.4056777954102,58.1249656677246,58.8262329101562,58.9558563232422,59.1041259765625,59.0846061706543,59.9413986206055,61.2345809936523,63.3039436340332,65.4824676513672,67.1716995239258,68.8557662963867,70.0475616455078,70.77880859375,71.3055953979492,71.9288635253906,72.8226928710938,74.4059906005859,76.4483795166016,78.4690856933594,80.4702453613281,81.7936477661133,82.743537902832,83.2397918701172,83.4356384277344,83.7029190063477,84.5029602050781,85.5011215209961,85.696647644043,85.6118469238281,85.8526382446289,86.6228942871094,87.3961334228516,88.0755004882812,88.9496459960938,90.0485458374023,91.1179351806641,91.9717254638672,92.9210586547852,93.7874526977539,95.0691680908203,95.7565231323242,95.2637939453125,93.7371292114258,92.5952377319336,92.023307800293,91.4616241455078,89.8886489868164,88.0715713500977,86.9100036621094,87.0006103515625,88.0759582519531,89.8612213134766,91.8625030517578,93.7814636230469,95.5462265014648,96.6156768798828,97.6567993164062,98.9563522338867,100.939872741699,103.142189025879,105.151657104492,106.904678344727,108.438735961914,106.600601196289,98.8091888427734,95.6849822998047,96.3176956176758,63.0301895141602,60.7913856506348,56.528995513916,59.1188888549805,56.9670295715332,53.2375144958496,50.4423828125,51.9848785400391,53.7965660095215,53.6932601928711,52.6468544006348,50.8001594543457,48.557918548584,49.8043670654297,50.6064147949219,51.7825355529785,48.4583053588867,47.0393676757812,49.031307220459,50.7805519104004,51.3282127380371,51.187183380127,51.618049621582
"-26.25",46.7781143188477,46.3125,45.4023857116699,45.8597984313965,50.6290626525879,52.196964263916,54.352424621582,51.5785903930664,45.6362190246582,41.8985939025879,49.2415924072266,58.2790451049805,61.0368309020996,63.4484977722168,69.7714157104492,76.0908203125,83.3410568237305,76.9781875610352,69.8152542114258,70.6449356079102,73.5817184448242,76.3549270629883,77.9251403808594,79.5266647338867,80.7438583374023,81.5157928466797,82.2190704345703,83.2053451538086,84.6521530151367,85.4964904785156,86.0085067749023,87.0562896728516,89.7317352294922,89.3644332885742,87.902458190918,87.31640625,88.3061752319336,88.93701171875,89.0204315185547,88.7577667236328,88.618766784668,88.3928833007812,88.3633728027344,88.630126953125,89.0673904418945,89.1275482177734,89.1909637451172,89.420280456543,89.6436080932617,89.9732055664062,89.9269332885742,90.147705078125,90.8590698242188,91.6449966430664,91.90625,91.6065444946289,90.7045440673828,90.0922012329102,89.1842498779297,87.8981170654297,87.1364974975586,88.1923370361328,89.0829772949219,89.126953125,88.72265625,88.1411895751953,87.7701644897461,87.2749557495117,86.7213516235352,86.1147384643555,85.2579879760742,84.1140975952148,82.8007583618164,81.6432723999023,80.4992828369141,78.566535949707,76.5819473266602,76.1741638183594,76.464485168457,76.8431549072266,76.9579925537109,76.3212585449219,75.3398742675781,74.2978973388672,73.1615295410156,71.8831329345703,70.5412139892578,69.2700958251953,68.0294494628906,66.8113021850586,65.6368408203125,64.6487045288086,63.8779754638672,63.0860710144043,62.1683921813965,61.2578392028809,61.0642509460449,61.171573638916,60.7217712402344,59.3456687927246,57.9577827453613,57.2307205200195,57.8017883300781,58.5323638916016,58.7634124755859,58.987003326416,59.100513458252,60.1043510437012,61.5808715820312,63.7587471008301,66.0574645996094,67.764045715332,69.2745666503906,70.5409545898438,71.1543960571289,71.5871429443359,72.0872192382812,72.8986206054688,74.228759765625,76.292350769043,78.449462890625,80.5123138427734,82.064094543457,82.9752960205078,83.7251892089844,84.1444702148438,84.3164291381836,84.9805526733398,85.6949768066406,86.0427856445312,86.1919021606445,86.3715744018555,87.0374145507812,87.6571350097656,88.2881393432617,89.0901947021484,90.0351486206055,90.9120330810547,91.8301391601562,92.9967346191406,94.1496887207031,95.4395751953125,96.0380096435547,95.5674591064453,94.0515670776367,92.9118194580078,92.5939712524414,92.3698272705078,91.1461791992188,89.2278823852539,87.7358322143555,87.5146636962891,88.6119232177734,90.4816131591797,92.4044647216797,94.1062469482422,95.5171737670898,96.6483917236328,97.5107727050781,98.7707672119141,100.369216918945,102.317863464355,104.30078125,105.789573669434,107.120338439941,106.22607421875,99.6139678955078,97.0661849975586,97.8234481811523,63.5347900390625,57.888069152832,54.6993675231934,53.8454551696777,55.4705619812012,53.117504119873,49.7120628356934,52.4890632629395,55.1691474914551,54.8197441101074,52.7087097167969,50.5745086669922,47.4753074645996,48.9968910217285,50.2449073791504,57.8999938964844,48.6320953369141,47.3501930236816,49.2045211791992,50.8794708251953,51.3027763366699,51.3153495788574,51.6180458068848
"-25",46.7643280029297,46.6309661865234,45.2659225463867,46.276538848877,50.8280487060547,52.3721961975098,54.0179290771484,50.744312286377,44.073558807373,41.6131629943848,49.4478950500488,58.6840209960938,61.6782264709473,63.5599327087402,69.8429946899414,74.2525787353516,70.3581848144531,72.9020080566406,70.5675277709961,70.1980972290039,72.6079864501953,75.9136810302734,77.7057342529297,79.3283843994141,80.4795989990234,81.219123840332,81.7991104125977,83.080810546875,84.7464141845703,85.2773284912109,85.7870330810547,86.8078765869141,89.7570419311523,89.9783172607422,89.0555725097656,88.710807800293,89.2715301513672,89.4251327514648,89.1783065795898,88.8312377929688,88.6892547607422,88.5798492431641,88.5990371704102,88.8449554443359,89.2617034912109,89.3508605957031,89.6171493530273,89.8234405517578,89.7959823608398,89.7958602905273,89.6368408203125,89.8868789672852,90.6903839111328,91.5426025390625,91.9162673950195,91.5110244750977,90.6908111572266,89.9505920410156,88.9517364501953,87.7032775878906,87.1316986083984,87.5688552856445,88.1447067260742,88.6384658813477,88.8722763061523,88.9641494750977,88.5868835449219,87.9943618774414,87.3586196899414,86.5016403198242,85.3133239746094,84.1454696655273,82.8949127197266,81.6661224365234,80.3722534179688,78.7030715942383,77.2668533325195,77.2188873291016,77.4751739501953,77.6850433349609,77.5521469116211,76.648796081543,75.5800399780273,74.4608612060547,73.2232666015625,71.9144287109375,70.5644607543945,69.2800903320312,68.0072174072266,66.8130187988281,65.6106033325195,64.6370697021484,63.8066444396973,63.0005340576172,62.0224800109863,61.1104507446289,61.0154075622559,61.0952301025391,60.6901321411133,59.3932189941406,58.0406074523926,57.3005256652832,57.5017890930176,58.1612319946289,58.2994194030762,58.71728515625,59.019645690918,60.1354217529297,62.0761108398438,64.4053421020508,66.7135925292969,68.3720016479492,69.7172241210938,70.8988418579102,71.7402572631836,71.9269256591797,72.2599411010742,73.059196472168,74.276123046875,76.1224822998047,78.243034362793,80.4528427124023,82.1578140258789,83.0873947143555,84.0449142456055,84.4338684082031,84.7814865112305,85.467399597168,86.1065673828125,86.5406875610352,86.7163696289062,86.892219543457,87.4012985229492,87.8297882080078,88.2621612548828,88.9645156860352,89.7952423095703,90.4975280761719,91.3338088989258,92.4413223266602,93.7140579223633,94.7016754150391,95.3413162231445,95.0233840942383,93.9518127441406,93.000617980957,92.8793029785156,93.0237274169922,92.2705383300781,90.5602416992188,89.3662033081055,89.3515548706055,90.7193832397461,92.0517959594727,93.0405960083008,94.487434387207,95.7108154296875,96.7484893798828,97.5897827148438,98.7631683349609,100.112655639648,101.598258972168,103.360137939453,104.989471435547,106.483276367188,104.77758026123,100.611534118652,100.109855651855,98.7262725830078,83.2063064575195,58.2002983093262,55.9996910095215,54.7741355895996,53.219165802002,52.1132698059082,49.8755874633789,52.9182319641113,55.1246948242188,55.0359039306641,53.1758689880371,50.0729064941406,46.8961296081543,48.8153228759766,50.0876312255859,57.3714828491211,48.820873260498,47.790340423584,49.3029022216797,51.0179862976074,51.388744354248,51.3973922729492,51.6181030273438
"-23.75",46.3607711791992,46.1364402770996,45.1855926513672,46.5008239746094,50.9900665283203,52.1671562194824,53.6625137329102,49.7856063842773,42.7220458984375,41.9092674255371,50.0303115844727,58.4048042297363,62.7607574462891,63.9464225769043,69.6228866577148,74.9377593994141,66.1919555664062,67.9989318847656,71.3587799072266,70.0756759643555,71.4558639526367,75.3395462036133,77.7527465820312,79.1810607910156,80.2155990600586,81.0600891113281,81.5977249145508,82.6347122192383,84.406623840332,84.9226608276367,85.2300567626953,86.2530288696289,89.7219390869141,90.6304321289062,90.2060699462891,89.9184494018555,89.9187240600586,89.5952758789062,89.2321090698242,89.0569000244141,88.9854049682617,88.8639297485352,88.8363342285156,89.0346984863281,89.4785766601562,89.7889556884766,90.3413314819336,90.3614501953125,89.973762512207,89.6171646118164,89.3363952636719,89.5479049682617,90.4314727783203,91.4123992919922,91.748779296875,91.4387741088867,90.5926818847656,89.6718139648438,88.6356811523438,87.6881561279297,86.8006591796875,87.2533111572266,87.4485168457031,87.8829116821289,89.2355651855469,89.4324340820312,89.1234588623047,88.6324005126953,87.7315292358398,86.6101455688477,85.3099517822266,84.0851516723633,82.9972229003906,81.9583969116211,80.6095581054688,79.064582824707,78.1168060302734,78.1946411132812,78.4763259887695,78.5197219848633,78.0144882202148,76.8590927124023,75.7592086791992,74.5879440307617,73.3211212158203,72.0037841796875,70.6313781738281,69.2938232421875,68.0028381347656,66.8293304443359,65.609260559082,64.6413879394531,63.7352027893066,62.8799705505371,61.9028739929199,61.0750999450684,60.9720077514648,61.0340919494629,60.7224349975586,59.4043388366699,58.0364151000977,57.1729393005371,57.2232093811035,57.7834968566895,57.9445915222168,58.450813293457,58.9080619812012,60.1132698059082,62.3741416931152,64.699592590332,66.9142456054688,68.4682540893555,69.9713745117188,70.8641052246094,71.7249298095703,72.1642227172852,72.3619613647461,73.3277816772461,74.5516052246094,76.2341842651367,78.1811447143555,80.403190612793,82.1587905883789,83.1386337280273,84.2010498046875,84.6835327148438,85.2235412597656,86.0267181396484,86.5748901367188,86.9551010131836,87.0829086303711,87.2988204956055,87.5238265991211,87.8751602172852,88.3736114501953,88.9852828979492,89.5272827148438,90.1125335693359,90.7538528442383,91.6035766601562,92.7527847290039,93.4648132324219,93.9685363769531,94.1937713623047,93.8026885986328,93.3051528930664,93.4953155517578,93.576545715332,92.8953323364258,91.5552291870117,90.8308715820312,91.1981735229492,92.7375793457031,93.7886276245117,94.3765258789062,95.3258209228516,96.0510025024414,97.0266494750977,97.7446594238281,98.5348434448242,99.8345718383789,101.152496337891,102.68822479248,104.720481872559,106.398139953613,93.3938827514648,95.6579132080078,98.2164840698242,97.3372268676758,88.7994384765625,68.3874130249023,55.9137649536133,52.6632957458496,52.210376739502,51.5402755737305,51.3401412963867,53.1960105895996,53.4800643920898,55.2113494873047,53.4121475219727,50.1140594482422,46.5845184326172,48.8556861877441,50.1964912414551,53.7128601074219,50.2085151672363,48.1967735290527,49.4306259155273,51.0759162902832,51.4510917663574,51.439094543457,51.6181488037109
"-22.5",46.7784271240234,46.8542633056641,45.2632446289062,46.6668548583984,51.0885696411133,52.22314453125,53.2653503417969,48.7885131835938,41.6879615783691,43.1906623840332,50.5556030273438,59.1450271606445,63.3181304931641,64.284912109375,69.2014007568359,74.7010879516602,66.2363662719727,66.3563232421875,71.2721939086914,70.1255798339844,70.8442001342773,74.4520874023438,77.4502105712891,79.3230514526367,80.2355041503906,81.1404113769531,81.4533843994141,82.6311950683594,84.0954971313477,84.5936508178711,84.7319183349609,86.020751953125,89.4786682128906,90.9085159301758,90.8751602172852,90.6468887329102,90.1437759399414,89.5963287353516,89.2715377807617,89.2460403442383,89.2440185546875,89.1238021850586,89.0093383789062,89.1726913452148,89.606575012207,90.123779296875,90.7294235229492,90.5597915649414,89.8749923706055,89.0601425170898,88.6760711669922,88.9033355712891,89.9671401977539,91.1991119384766,91.6573867797852,91.2473754882812,90.2802047729492,89.320068359375,88.420051574707,87.4444198608398,87.3629837036133,87.6287078857422,87.4181900024414,88.1025695800781,89.197998046875,89.7587814331055,89.8425216674805,89.0469055175781,87.9346084594727,86.7486114501953,85.388557434082,84.1960601806641,83.2657852172852,82.3201370239258,80.9262084960938,79.4611892700195,79.0023574829102,79.2374801635742,79.3903961181641,79.1826171875,78.3159484863281,77.0551376342773,75.9488754272461,74.759635925293,73.5173568725586,72.1056671142578,70.7135772705078,69.3538970947266,68.1265182495117,66.9738540649414,65.7054138183594,64.5751190185547,63.6087455749512,62.7341156005859,61.7712249755859,60.9764976501465,60.7845306396484,60.8513374328613,60.5767936706543,59.3489952087402,57.9820709228516,56.9101943969727,56.6848335266113,57.1534957885742,57.4944763183594,57.8468742370605,58.573902130127,60.0399017333984,62.3144149780273,64.2843551635742,66.3737487792969,68.1197128295898,69.9053344726562,70.6631317138672,71.48095703125,72.1235656738281,72.6982498168945,73.8212509155273,75.2135925292969,76.594596862793,78.3104248046875,80.3770065307617,82.1454696655273,83.2303237915039,84.4215545654297,85.4004592895508,86.0636825561523,86.6993103027344,87.0145568847656,87.2974853515625,87.4750137329102,87.6233367919922,87.6092376708984,87.900146484375,88.3996429443359,88.8260040283203,89.2257919311523,89.6371917724609,90.0626449584961,90.7056350708008,91.6309432983398,92.4474182128906,93.2193374633789,93.9671249389648,94.4679794311523,94.4861068725586,94.3011245727539,93.861946105957,93.2650146484375,92.1907577514648,91.7339935302734,92.5264205932617,94.2538528442383,95.0182952880859,95.4140701293945,96.2033386230469,96.8844757080078,97.2548904418945,97.7605819702148,98.2208862304688,99.1988830566406,100.512077331543,102.262794494629,104.965957641602,98.1679077148438,82.5584335327148,90.5745468139648,95.9046249389648,94.4920272827148,91.8475952148438,94.8572845458984,56.1323356628418,70.8195648193359,61.7139549255371,51.6202278137207,54.0947074890137,54.2823448181152,51.2074661254883,55.388355255127,54.3523635864258,50.4418067932129,47.2135200500488,48.9944000244141,50.3143692016602,51.5455322265625,51.1517524719238,48.6711845397949,49.4770584106445,51.2271118164062,51.4783744812012,51.4694595336914,51.6182098388672
"-21.25",46.407585144043,46.9213752746582,45.1801338195801,46.849536895752,51.1093063354492,52.1811828613281,52.9188232421875,47.861255645752,40.9380645751953,44.7848892211914,51.6992874145508,59.1257743835449,63.7065544128418,64.826301574707,69.0012893676758,74.5567398071289,66.7533569335938,65.2548141479492,70.8655700683594,70.5748825073242,70.6185150146484,73.8839950561523,77.2897338867188,79.5472564697266,80.5460433959961,81.3780212402344,81.6350402832031,82.8581161499023,83.8340682983398,84.3314361572266,84.3959274291992,85.742561340332,89.0549697875977,90.7424163818359,90.9237060546875,90.7654113769531,90.1328277587891,89.6257934570312,89.4607315063477,89.4047241210938,89.385368347168,89.302604675293,89.2766036987305,89.4284896850586,89.8766479492188,90.4755477905273,90.9617385864258,90.4794387817383,89.4334259033203,88.4008712768555,87.9985504150391,88.317741394043,89.6720809936523,91.1106643676758,91.7193832397461,91.1786956787109,90.0861282348633,88.9744262695312,87.9065704345703,87.7685775756836,87.8905868530273,88.0292282104492,88.1141967773438,88.576416015625,89.4690399169922,90.3425140380859,90.4653854370117,89.4316329956055,88.2113418579102,87.0930328369141,85.7159042358398,84.7233963012695,83.7831802368164,82.7237014770508,81.0664749145508,80.0044174194336,80.003791809082,80.297721862793,80.3390121459961,79.7773666381836,78.5449066162109,77.3960189819336,76.2506332397461,75.0488662719727,73.7994918823242,72.35400390625,70.9582824707031,69.6420211791992,68.4272155761719,67.2328186035156,65.9120559692383,64.5708084106445,63.5090866088867,62.5440139770508,61.5907516479492,60.7995147705078,60.5736389160156,60.7467422485352,60.3893737792969,59.1602745056152,57.7878150939941,56.8028144836426,56.3962936401367,56.6641082763672,56.9699211120605,57.3476600646973,58.3286933898926,59.6895942687988,61.5349807739258,63.2622489929199,65.2875595092773,67.2372360229492,69.3446731567383,70.5363006591797,71.2128067016602,72.4002456665039,73.4828109741211,74.8606567382812,76.2117614746094,77.4608001708984,78.9446640014648,80.628547668457,82.2899551391602,83.3416442871094,84.6251220703125,85.9259414672852,86.9021682739258,87.4143829345703,87.5620651245117,87.7022018432617,87.7973785400391,88.0039749145508,87.9201583862305,87.9601211547852,88.3351211547852,88.6577377319336,88.8874435424805,89.2224960327148,89.422607421875,89.9280395507812,90.753288269043,91.6985092163086,92.7960205078125,93.9196929931641,94.7744522094727,95.1312484741211,94.8742446899414,94.1956024169922,93.5016174316406,92.7758026123047,92.3745346069336,93.2826690673828,94.9870834350586,95.7063827514648,95.9611587524414,96.3717269897461,96.9534759521484,97.5961227416992,97.9992828369141,98.2096099853516,98.699104309082,99.7941818237305,102.485984802246,103.574562072754,82.7188110351562,84.5459365844727,94.7160186767578,94.1965255737305,92.1344375610352,92.8870544433594,95.0234985351562,79.2896957397461,84.7532653808594,79.6594161987305,54.0985069274902,52.8581848144531,51.1309700012207,59.4970817565918,51.3268165588379,54.2576522827148,51.3554039001465,48.7163391113281,49.462230682373,49.5497665405273,51.1426849365234,50.4538536071777,48.9748573303223,49.6416358947754,51.2817878723145,51.5724067687988,51.4854507446289,51.6182594299316
"-20",46.7445793151855,46.431957244873,45.3020362854004,47.0004539489746,51.0516891479492,51.8850784301758,52.7177925109863,46.7980804443359,40.2912292480469,46.2794876098633,53.1463928222656,59.4195251464844,63.8000907897949,64.4677505493164,68.3365020751953,74.370735168457,67.6219253540039,63.9253311157227,69.0141067504883,71.4892196655273,70.4944152832031,73.5561981201172,77.2895889282227,79.9184799194336,81.1195602416992,81.8117599487305,81.9614410400391,82.8020553588867,83.4727249145508,83.8848419189453,83.9749221801758,85.2125778198242,88.5289688110352,90.4214096069336,90.7066192626953,90.3801498413086,89.9669494628906,89.7054977416992,89.5897064208984,89.5315246582031,89.5203170776367,89.5301132202148,89.5494079589844,89.769172668457,90.2982788085938,90.7837753295898,90.8248062133789,89.8754425048828,88.5270690917969,87.5095062255859,87.1516418457031,87.796989440918,89.5130081176758,91.3054275512695,91.9082641601562,91.1276702880859,89.67919921875,88.4092330932617,87.9673767089844,87.7607803344727,88.0393905639648,88.9231491088867,89.248161315918,89.5075988769531,90.3573608398438,91.1733856201172,91.0627899169922,89.8778610229492,88.6972122192383,87.5592041015625,86.3170852661133,85.3398818969727,84.3047332763672,82.9010620117188,81.3839569091797,80.8256149291992,80.9938125610352,81.187629699707,80.9583206176758,80.0910720825195,78.882453918457,77.8621826171875,76.5882568359375,75.4039459228516,74.0512924194336,72.6586837768555,71.3067398071289,70.0609130859375,68.7800903320312,67.5115737915039,66.1767730712891,64.6524887084961,63.3783226013184,62.3664741516113,61.4726791381836,60.7077827453613,60.4493865966797,60.6698951721191,60.3242950439453,58.9648017883301,57.5667190551758,56.5128555297852,56.061710357666,56.0093193054199,56.3537940979004,57.0157318115234,57.858959197998,58.9207077026367,60.6348342895508,62.1847686767578,63.7972221374512,65.4805908203125,67.8965148925781,69.8874282836914,71.0037384033203,72.4904861450195,74.325325012207,76.2264022827148,77.6204681396484,78.8185882568359,79.9616088867188,81.0413818359375,82.2661972045898,83.5700836181641,84.5966644287109,86.0512847900391,87.1341705322266,87.7821502685547,87.957160949707,87.9386215209961,88.0098876953125,88.2146682739258,88.1697692871094,88.1655960083008,88.3638076782227,88.4952621459961,88.5012588500977,88.7096786499023,88.9086761474609,89.4109878540039,90.2187728881836,91.2351608276367,92.500846862793,93.5644912719727,94.7293930053711,95.2604522705078,95.2630920410156,94.4582214355469,93.9919662475586,93.5200729370117,93.0246963500977,93.6416091918945,95.1031875610352,96.0706558227539,96.2795639038086,96.0292510986328,96.5526885986328,97.5723114013672,98.326545715332,98.474609375,98.4878234863281,99.2757034301758,102.924873352051,97.5155792236328,82.7310256958008,84.4837875366211,96.3433609008789,92.6862945556641,90.5193099975586,90.9020156860352,92.2976684570312,92.2752838134766,87.743537902832,83.6364822387695,75.0848693847656,61.2449340820312,53.4570960998535,62.0038261413574,50.8705596923828,57.9856300354004,51.6238899230957,49.7784271240234,50.1270408630371,48.9211959838867,51.3033981323242,50.5965156555176,49.2123336791992,49.8596649169922,51.4283485412598,51.624153137207,51.5600090026855,51.6182708740234
"-18.75",46.7139320373535,47.1300430297852,45.6431617736816,47.3286628723145,50.9669036865234,51.6421813964844,52.1134834289551,45.6535491943359,39.7276306152344,47.9743309020996,54.6118469238281,59.6638565063477,63.1429824829102,64.3426055908203,67.6183395385742,74.3351821899414,68.7727508544922,63.5893173217773,65.3197708129883,71.9286193847656,70.5992736816406,73.296989440918,77.018180847168,79.8955612182617,81.3632659912109,82.1839904785156,82.4143524169922,82.8299026489258,83.2256851196289,83.5182266235352,83.8153991699219,84.8735733032227,87.9626770019531,89.9696807861328,90.2885589599609,89.9606552124023,89.7700347900391,89.7567977905273,89.7044143676758,89.6031875610352,89.6809692382812,89.7973556518555,89.8856887817383,90.214485168457,90.6395874023438,90.7165985107422,90.2225952148438,88.7513046264648,87.2351226806641,86.3062286376953,86.2900238037109,87.5609970092773,89.7302780151367,91.6285095214844,92.1153030395508,90.7406692504883,89.1906814575195,88.4404067993164,87.7619934082031,87.4413681030273,88.201171875,89.7972259521484,90.3481216430664,90.7763366699219,91.414794921875,91.9309158325195,91.5612182617188,90.5158309936523,89.3282012939453,88.2532119750977,87.0200119018555,85.9813766479492,84.7573394775391,83.1242294311523,82.0708312988281,81.706298828125,81.8355941772461,81.8387222290039,81.421012878418,80.4054489135742,79.2346496582031,78.1174774169922,76.8337020874023,75.6947784423828,74.3397598266602,73.0293731689453,71.7037887573242,70.4510192871094,69.1807327270508,67.9035720825195,66.3940734863281,64.7856826782227,63.3703842163086,62.2521209716797,61.2432441711426,60.5236396789551,60.3388328552246,60.6404266357422,60.1776390075684,58.9008674621582,57.4230842590332,56.2235488891602,55.6753196716309,55.6128578186035,55.7555923461914,56.3186912536621,57.0763816833496,58.094066619873,59.6225814819336,61.2777214050293,62.9424781799316,63.8219833374023,66.1878128051758,69.0615463256836,70.6884918212891,72.43212890625,74.397590637207,76.997932434082,78.4137268066406,79.4242706298828,80.5694274902344,81.516975402832,82.4309692382812,83.6792526245117,84.9971160888672,86.443962097168,87.3703079223633,88.0009460449219,88.2075653076172,88.1539077758789,88.1248550415039,88.2641906738281,88.2012176513672,88.2695922851562,88.4121551513672,88.3606719970703,88.169059753418,88.1694946289062,88.353157043457,88.8474426269531,89.7247467041016,90.7994613647461,92.0520248413086,93.114372253418,94.2484359741211,95.1498489379883,95.3190612792969,94.8327255249023,94.5430526733398,94.6258697509766,94.3303070068359,94.254150390625,95.414680480957,96.3762817382812,96.1205825805664,95.5874633789062,95.8837814331055,96.978515625,98.1199493408203,98.4102172851562,98.3047332763672,99.0862274169922,102.979202270508,93.9514312744141,82.3562088012695,80.7545013427734,96.5734939575195,92.1597061157227,89.4664001464844,89.0414047241211,91.3679275512695,94.4123001098633,92.8784942626953,83.4505081176758,75.2937088012695,74.5440368652344,56.1836624145508,57.8153038024902,55.2093696594238,60.8960189819336,58.3826904296875,50.7112159729004,49.2422676086426,49.3388748168945,51.7761268615723,50.8160743713379,49.3613510131836,50.0853233337402,51.5127334594727,51.6563568115234,51.622802734375,51.6372451782227
"-17.5",46.6454887390137,47.2648010253906,45.5074768066406,47.4413986206055,50.7783317565918,51.4702415466309,51.5727844238281,44.3928565979004,39.2211494445801,49.0804405212402,55.6140251159668,60.2312698364258,62.677116394043,64.4854583740234,66.8912658691406,73.2475204467773,70.3466720581055,64.6954498291016,64.3432235717773,72.3170852661133,71.0256118774414,72.8472747802734,76.5066986083984,79.6895523071289,81.2529296875,82.3598175048828,82.8059768676758,82.93212890625,83.1459274291992,83.4924163818359,83.8459320068359,84.7056655883789,87.5260314941406,89.6542053222656,90.0379333496094,89.879020690918,89.7944259643555,89.8639831542969,89.7609176635742,89.6675338745117,89.8385620117188,89.9406509399414,90.1688385009766,90.5270538330078,90.7782211303711,90.2549057006836,88.9562301635742,87.1255722045898,85.6084518432617,85.0275115966797,85.6594314575195,87.6671524047852,90.1196365356445,92.0017013549805,91.8031921386719,90.2186126708984,88.966064453125,87.9663238525391,87.1129837036133,87.200325012207,88.2764358520508,90.1914749145508,91.234748840332,91.7943649291992,92.1755676269531,92.4161758422852,92.0285186767578,91.071403503418,89.9462661743164,88.8921661376953,87.7221221923828,86.4638290405273,85.1501846313477,83.6950149536133,82.9797515869141,82.7196044921875,82.667724609375,82.3268127441406,81.6830596923828,80.7198944091797,79.5204925537109,78.3186874389648,77.0669403076172,75.981575012207,74.6767883300781,73.4085540771484,72.0847320556641,70.8261184692383,69.554069519043,68.2505874633789,66.6624908447266,64.9043731689453,63.4005317687988,62.1626586914062,61.045051574707,60.2390480041504,60.2161865234375,60.5726165771484,59.9412956237793,58.5259971618652,57.1231536865234,55.9921340942383,55.3870506286621,55.1187362670898,55.1122283935547,55.3541145324707,55.9377555847168,57.1953353881836,58.5320434570312,60.1414756774902,62.1977310180664,67.6641693115234,66.1187438964844,67.9803848266602,70.8696823120117,72.4122619628906,73.7510986328125,76.1729354858398,81.2317657470703,79.4499053955078,80.2821960449219,81.2693176269531,82.5298919677734,83.8165588378906,85.6494598388672,86.9725189208984,87.5790634155273,87.9354095458984,87.9690628051758,88.0377044677734,88.2111892700195,88.3898010253906,88.2867584228516,88.2000732421875,88.1745147705078,87.9814071655273,87.6660537719727,87.5132141113281,87.5725936889648,88.0068893432617,88.8050918579102,89.8526306152344,91.2161254882812,92.5237121582031,93.4139099121094,94.4334716796875,95.2698974609375,95.1765899658203,95.0388793945312,95.3601684570312,95.6149368286133,95.4095687866211,95.8215103149414,96.5180130004883,95.7344589233398,94.9915313720703,95.1585922241211,96.3497314453125,97.5493774414062,98.0206909179688,98.2110061645508,99.0724563598633,102.823799133301,98.4732894897461,79.6176910400391,78.5692138671875,93.2210083007812,91.4200439453125,88.5075531005859,87.9588470458984,90.5984878540039,94.0924072265625,95.1860046386719,88.4154510498047,77.9336624145508,71.280647277832,57.5788688659668,56.6059799194336,54.7771835327148,57.878360748291,59.0663948059082,53.2251243591309,48.8323516845703,50.2445945739746,52.2404975891113,51.0541572570801,49.4384384155273,50.3407440185547,51.5700035095215,51.7478981018066,51.6649131774902,51.6818580627441
"-16.25",46.3600463867188,47.0804710388184,45.6775360107422,47.5307693481445,50.5173568725586,51.2390823364258,50.8930511474609,43.0679664611816,38.8058128356934,50.3762550354004,56.73486328125,60.4020538330078,62.4376411437988,64.698356628418,67.0676345825195,72.7815780639648,71.9843597412109,66.2407913208008,64.1679534912109,71.6046981811523,71.5771484375,72.4555282592773,75.7925338745117,79.1987762451172,80.9294738769531,82.4620056152344,83.1216201782227,83.1486892700195,83.2098083496094,83.65234375,83.8932189941406,84.5862731933594,87.1255569458008,89.4350357055664,90.1084060668945,90.1113967895508,90.0962677001953,90.0123748779297,89.8495864868164,89.7359313964844,89.9668884277344,90.0547256469727,90.2709503173828,90.61767578125,90.594108581543,89.6434097290039,87.850341796875,85.9136276245117,84.5927963256836,84.229248046875,85.3919677734375,87.9414520263672,90.8680419921875,92.1613159179688,91.2182083129883,89.735466003418,88.3353424072266,87.2592620849609,86.7413864135742,87.093864440918,88.3080978393555,90.2456817626953,91.6846466064453,92.4051208496094,92.7060241699219,92.7379684448242,92.4290084838867,91.5615615844727,90.5367813110352,89.4332733154297,88.3025665283203,86.9391403198242,85.5046768188477,84.5807876586914,84.0730743408203,83.7452697753906,83.2839813232422,82.6473083496094,81.8968124389648,80.9034271240234,79.6638565063477,78.5941314697266,77.5561141967773,76.4884414672852,75.1372680664062,73.8107299804688,72.4640502929688,71.1744766235352,69.9364776611328,68.5901260375977,66.8467025756836,64.9094619750977,63.2046585083008,61.9760322570801,60.7426414489746,59.9136924743652,60.0593719482422,60.4705047607422,59.6621704101562,58.1766242980957,56.7448654174805,55.7403678894043,55.1124610900879,54.7573051452637,54.489501953125,54.5995903015137,55.0433731079102,56.1224250793457,55.4553489685059,59.3215789794922,65.8965530395508,76.0227966308594,73.1139144897461,71.3695220947266,84.1716156005859,88.2514419555664,84.4269027709961,86.9659042358398,93.8717803955078,89.3587112426758,86.9134902954102,82.0580902099609,82.6734924316406,84.0230712890625,85.9499816894531,87.0055694580078,87.5818481445312,87.5834579467773,87.6266937255859,87.7420883178711,87.8585510253906,87.9683151245117,87.9691619873047,87.9237976074219,87.7096557617188,87.3684387207031,87.0113220214844,86.7419891357422,86.8540267944336,87.4759674072266,88.4280624389648,89.2799835205078,90.2650680541992,91.3456649780273,92.3787460327148,93.2691192626953,94.3629608154297,94.9220581054688,95.0322189331055,95.1792449951172,95.365852355957,95.6461181640625,96.131217956543,96.3958587646484,95.3198928833008,94.4416122436523,94.6738815307617,95.5773162841797,96.5206146240234,97.3590469360352,98.1254806518555,98.9274978637695,101.587593078613,104.829109191895,83.7547073364258,75.8034744262695,89.2639083862305,90.7284698486328,88.0145950317383,87.6604843139648,90.1912231445312,93.1286849975586,96.3072814941406,93.4696197509766,82.7600708007812,69.2678985595703,58.3900108337402,57.6844024658203,55.8896903991699,55.2115097045898,57.3706359863281,57.5919799804688,49.3909873962402,51.7497138977051,52.3273735046387,51.1216812133789,49.5567779541016,50.6484031677246,51.5834007263184,51.8206634521484,51.6999053955078,51.7182426452637
"-15",46.3606376647949,47.3381767272949,45.8873138427734,47.5694732666016,50.2447662353516,50.8985595703125,50.441577911377,41.7337036132812,38.5691528320312,51.401496887207,57.2122688293457,60.6123161315918,62.3690376281738,65.0154647827148,66.5930709838867,71.3586502075195,71.7140502929688,69.1979827880859,65.3782424926758,70.491325378418,71.955192565918,72.2111740112305,75.1975708007812,78.6847839355469,80.365837097168,82.2238464355469,83.1545028686523,83.2703857421875,83.4072799682617,83.7321014404297,83.8722381591797,84.3823471069336,86.6750183105469,89.3376388549805,90.3212432861328,90.456428527832,90.3816680908203,90.1719665527344,89.9514923095703,89.8304443359375,90.0436172485352,90.0771102905273,90.3043899536133,90.3987197875977,90.0471420288086,88.9295196533203,87.3507995605469,85.8480072021484,85.1469573974609,85.5969848632812,87.4419021606445,90.239990234375,92.2579956054688,92.0253753662109,90.5830993652344,89.0663299560547,87.8637084960938,87.0936508178711,86.7302093505859,86.9915161132812,88.1182022094727,90.1661148071289,91.8102035522461,92.5849075317383,92.9219665527344,92.9381332397461,92.7861404418945,92.0237121582031,91.0239410400391,89.9711990356445,88.6606979370117,87.2600936889648,86.2021179199219,85.4581756591797,85.0342102050781,84.4464492797852,83.6285171508789,82.8170776367188,81.9992828369141,80.9949035644531,79.9315872192383,79.0864410400391,78.2448577880859,77.1153411865234,75.7015609741211,74.3116912841797,72.914924621582,71.5857620239258,70.3622055053711,68.9092407226562,66.9501724243164,64.9423980712891,63.0344734191895,61.6233062744141,60.2413482666016,59.5556335449219,59.9423217773438,60.3596343994141,59.5660057067871,57.8671417236328,56.3263053894043,55.3471984863281,54.8379669189453,54.3869972229004,53.8963241577148,53.7401351928711,54.1688385009766,52.7696571350098,53.2844505310059,61.9819679260254,67.9649429321289,79.5386657714844,85.4904632568359,92.0495910644531,97.0144424438477,96.6950225830078,101.571105957031,100.497779846191,101.621124267578,105.231384277344,97.7845687866211,93.3015441894531,88.5273971557617,85.5888519287109,86.3073348999023,87.0432891845703,87.3967742919922,87.4312744140625,87.485969543457,87.4853820800781,87.5298309326172,87.5898666381836,87.5890350341797,87.4197006225586,86.9953231811523,86.5299072265625,86.1940460205078,86.0612411499023,86.4475631713867,87.4206161499023,88.4176788330078,89.2048568725586,89.8959426879883,90.4638900756836,91.1630554199219,92.0800628662109,92.8953704833984,93.8316802978516,94.2942199707031,94.1803283691406,94.0475006103516,94.5896148681641,95.3808898925781,95.4017486572266,94.7809371948242,94.2956237792969,94.2792510986328,94.5939483642578,95.5339660644531,96.7749481201172,97.7417144775391,98.342529296875,99.7131881713867,103.702255249023,92.0670623779297,76.6029357910156,92.3544387817383,90.2530899047852,88.0535354614258,87.7405624389648,90.0813522338867,92.3831176757812,95.5264053344727,95.9164199829102,88.9114303588867,74.5148239135742,67.9247283935547,59.2323532104492,54.7138061523438,55.2198257446289,56.4737205505371,62.6537780761719,50.5967864990234,52.3994178771973,52.256893157959,51.1202659606934,49.6833457946777,50.9335861206055,51.6681747436523,51.871955871582,51.7304496765137,51.7493286132812
"-13.75",46.2966156005859,47.2958145141602,45.8541679382324,47.6827926635742,49.9692535400391,50.6451187133789,49.8271369934082,40.5614891052246,38.2933464050293,52.2596054077148,57.7748641967773,60.5174789428711,62.5437049865723,65.7824020385742,66.5321655273438,70.7126159667969,72.569206237793,71.085563659668,66.4577789306641,70.6882095336914,72.9296646118164,72.2629928588867,75.0516967773438,78.5377578735352,80.0047836303711,81.8513717651367,82.9123764038086,83.2840423583984,83.6171340942383,83.8891525268555,83.8608245849609,84.2821350097656,86.4549789428711,89.3712463378906,90.5637512207031,90.6910781860352,90.6456604003906,90.2743835449219,90.0349578857422,89.8454284667969,89.9735488891602,90.0074157714844,90.0487518310547,89.9592056274414,89.3885879516602,88.6358413696289,87.9690933227539,87.4434280395508,88.1952056884766,90.5351867675781,92.3581314086914,93.3042984008789,92.7678756713867,91.3980407714844,89.9585418701172,88.6284027099609,87.8307418823242,87.1647491455078,86.6968994140625,86.7257461547852,88.0764389038086,90.221321105957,91.9627227783203,92.9104995727539,93.3647079467773,93.3690795898438,93.162956237793,92.4067687988281,91.3193893432617,90.1091079711914,88.7512054443359,87.862190246582,87.0766372680664,86.5078201293945,85.8365859985352,84.8931884765625,83.8952713012695,82.8599624633789,82.0593566894531,81.2227020263672,80.3862991333008,79.7009963989258,78.9509811401367,77.6811218261719,76.0803833007812,74.7809829711914,73.3674621582031,72.1453628540039,70.8163757324219,69.2294921875,67.1194763183594,65.0026550292969,62.8835983276367,61.3351211547852,59.8223457336426,59.1379470825195,59.734203338623,60.1988945007324,59.3864784240723,57.5676345825195,55.9223709106445,54.9588813781738,54.4660377502441,54.0709495544434,53.2650947570801,53.0852279663086,52.5309448242188,54.3698959350586,57.0271148681641,62.1096992492676,67.4718475341797,75.5208511352539,83.1433181762695,91.4586563110352,95.563850402832,99.090934753418,102.991546630859,109.311363220215,102.33829498291,110.225128173828,107.416412353516,106.257415771484,99.7871932983398,96.7382049560547,91.0162811279297,87.7031021118164,87.4511337280273,87.5251846313477,87.4614028930664,87.2065277099609,87.2616500854492,87.362190246582,87.341438293457,86.9905624389648,86.3461990356445,85.6548461914062,85.21630859375,85.1969223022461,85.8346939086914,86.9974594116211,88.0868988037109,89.0246429443359,89.8260879516602,90.3291091918945,90.424560546875,90.9184875488281,91.8628692626953,92.5629653930664,93.047477722168,92.946174621582,92.5865173339844,92.9431304931641,93.727409362793,94.0673599243164,94.240348815918,94.29638671875,94.1041030883789,93.9504470825195,94.630012512207,95.8954772949219,96.8821563720703,97.4746322631836,98.3711318969727,100.355224609375,100.998153686523,92.8618392944336,93.5218505859375,89.8733520507812,87.9000778198242,87.716438293457,89.7555847167969,91.9149169921875,94.6367340087891,97.0907897949219,94.8023986816406,83.9457702636719,73.1614456176758,67.9572296142578,60.8767280578613,57.0068664550781,55.6113090515137,62.5154876708984,51.7595329284668,52.7223358154297,52.6166572570801,51.0806999206543,49.9261093139648,51.2144622802734,51.6793212890625,51.9631652832031,51.7538452148438,51.7763748168945
"-12.5",46.7425537109375,47.5936279296875,45.9584999084473,47.6848487854004,49.4910621643066,50.3385009765625,49.2258949279785,39.2778663635254,38.1674308776855,52.1483993530273,58.2661666870117,60.8587188720703,62.8600273132324,65.986930847168,66.5732192993164,68.5065002441406,72.3436508178711,72.6976013183594,68.5348968505859,66.2939147949219,74.4433135986328,72.6729431152344,75.0373992919922,78.8161315917969,80.2378921508789,81.7936706542969,82.8182373046875,83.3051376342773,83.5753707885742,83.8259124755859,83.7608947753906,84.1925506591797,86.2081909179688,89.1909332275391,90.5729064941406,90.7359771728516,90.7406005859375,90.266242980957,89.9296112060547,89.5475692749023,89.615608215332,89.5405807495117,89.4782485961914,89.1708602905273,88.7724609375,88.9004364013672,89.3489990234375,89.8903045654297,92.0072402954102,94.6892547607422,95.1146697998047,93.8998413085938,92.0484771728516,90.5985870361328,89.3499603271484,88.4951782226562,87.9373168945312,87.1194839477539,86.5609359741211,86.7595062255859,88.2085189819336,90.5969543457031,92.3481140136719,93.3539886474609,93.7665634155273,93.9412078857422,93.7899780273438,92.7826461791992,91.4511566162109,90.0236282348633,88.989860534668,88.5145416259766,88.0533142089844,87.248291015625,86.3421020507812,85.1488342285156,84.0379028320312,83.0892791748047,82.3540267944336,81.6654663085938,80.9730987548828,80.3567657470703,79.5373001098633,78.0058898925781,76.4839706420898,75.0990295410156,73.9110794067383,72.7401809692383,71.3589401245117,69.6459655761719,67.3244857788086,65.0462646484375,62.8642883300781,61.158805847168,59.5476455688477,58.817455291748,59.2173614501953,59.7868194580078,59.0641784667969,57.335132598877,55.7966079711914,54.8046340942383,54.065113067627,52.3883476257324,44.7673187255859,47.0167617797852,52.7434463500977,56.4723815917969,57.8981971740723,61.4772529602051,67.0344390869141,68.4848556518555,80.1449279785156,89.9192428588867,99.4756393432617,104.492988586426,103.273468017578,109.590644836426,103.315063476562,105.451065063477,109.099052429199,109.443473815918,106.517753601074,104.40210723877,101.372062683105,97.1215744018555,88.2918701171875,87.7463989257812,87.1890411376953,86.6491088867188,86.7932510375977,87.2624816894531,87.5478286743164,87.2107467651367,86.4530639648438,85.5210723876953,84.6846313476562,84.6153106689453,85.3273162841797,86.6465454101562,87.7872695922852,88.9028854370117,90.2138671875,90.8217163085938,90.4617156982422,90.4931716918945,91.0199203491211,91.6350555419922,91.7977752685547,91.8279342651367,91.6660461425781,91.8415222167969,92.3731689453125,93.4529190063477,94.0939712524414,94.3435592651367,94.2728958129883,93.8913955688477,93.9164199829102,94.5692367553711,95.9292602539062,96.6404418945312,97.4839630126953,98.4308319091797,99.0910491943359,96.6716842651367,92.4561538696289,89.5572891235352,87.7344970703125,87.7183151245117,89.8228073120117,91.5376663208008,94.1217651367188,96.3878326416016,97.315803527832,92.5709609985352,85.9079666137695,72.0685043334961,60.028377532959,56.2214012145996,56.0302200317383,61.302562713623,52.6561698913574,53.0194320678711,53.2568511962891,51.1292991638184,50.3782997131348,51.3494148254395,51.748706817627,52.0258369445801,51.8147125244141,51.7998199462891
"-11.25",46.7119903564453,47.4381103515625,46.4760093688965,47.6497344970703,49.0910797119141,49.9901008605957,48.7561950683594,38.2419509887695,38.1230583190918,52.6311683654785,58.0133476257324,60.8026809692383,63.2964859008789,65.9767608642578,65.8721542358398,66.9121780395508,71.8230895996094,74.1564865112305,71.3644027709961,67.5563049316406,70.0326309204102,73.7572021484375,74.7331390380859,78.9217376708984,80.8733215332031,82.2654571533203,83.1073226928711,83.5685882568359,83.7937545776367,83.7440185546875,83.7404327392578,84.1190414428711,85.8277740478516,88.7116012573242,90.4222412109375,90.6270217895508,90.4796295166016,89.8307418823242,89.3063354492188,88.7150344848633,88.5415191650391,88.4141082763672,88.2538375854492,87.8785629272461,87.9228363037109,88.7729873657227,90.2449264526367,91.5204696655273,94.1269226074219,95.7978668212891,94.5464859008789,92.5569686889648,90.7286682128906,89.8288955688477,88.9931411743164,88.5607147216797,87.9268798828125,87.2177734375,86.9297866821289,87.3710861206055,88.7712249755859,90.8959197998047,92.4683380126953,93.5815200805664,94.1767883300781,94.4330978393555,94.2477493286133,92.8426208496094,91.2033920288086,90.0954284667969,89.3022766113281,89.0336380004883,88.4929733276367,87.5052719116211,86.4585571289062,85.2721633911133,84.1464614868164,83.2989959716797,82.6194152832031,82.0204315185547,81.4579391479492,80.9664688110352,79.8296432495117,78.2456588745117,76.6940078735352,75.494758605957,74.4352722167969,73.2528686523438,71.7401504516602,69.8962631225586,67.4172592163086,65.1391448974609,62.8361434936523,60.9375,59.2218322753906,58.4275131225586,58.7200660705566,59.1507720947266,58.6206169128418,57.1965599060059,55.7571296691895,54.4195213317871,53.9684143066406,48.3675689697266,47.5663795471191,49.7512969970703,51.9907417297363,57.0994033813477,66.2788314819336,64.6768417358398,68.2348327636719,71.2477035522461,76.5534286499023,88.3343963623047,94.4648132324219,104.944145202637,104.469818115234,101.403121948242,110.649536132812,102.942794799805,107.890113830566,108.564254760742,112.223808288574,114.74885559082,111.651679992676,109.11604309082,96.6932754516602,91.3935623168945,87.6260757446289,86.1095352172852,85.6484527587891,86.5945053100586,87.5518035888672,87.6555099487305,86.9466400146484,85.9994964599609,84.3633270263672,83.3632049560547,83.8302917480469,85.18505859375,86.9535827636719,88.7191772460938,90.4416961669922,91.4305572509766,91.2013778686523,90.9736099243164,90.9831008911133,90.9449081420898,90.8607635498047,90.7869110107422,91.3543548583984,91.7154846191406,92.091438293457,93.1188430786133,94.1967697143555,94.4859619140625,94.4391555786133,93.8192749023438,93.1609802246094,93.4126968383789,94.6352081298828,95.9051513671875,96.7577285766602,97.3294296264648,97.5270462036133,95.7033996582031,91.9280090332031,89.2439727783203,87.7819900512695,87.8017578125,89.7058486938477,91.5070877075195,93.5804138183594,96.0233917236328,97.9459228515625,97.1485824584961,90.6838455200195,81.1019515991211,69.6328430175781,60.1447105407715,56.5772895812988,58.0859642028809,53.2788848876953,53.511589050293,53.5268821716309,51.3551063537598,50.8462295532227,51.4585838317871,51.8100929260254,52.0832443237305,51.867115020752,51.8202819824219
"-10",46.4576606750488,47.721565246582,46.3859519958496,47.6218910217285,48.7307510375977,49.5294342041016,48.4230613708496,37.4077529907227,38.1108016967773,52.5011253356934,57.4596557617188,60.5059547424316,63.1474609375,65.0414199829102,64.85400390625,66.4882507324219,69.9112243652344,74.3293609619141,73.4674453735352,70.0705490112305,71.1006240844727,75.4539031982422,74.4763107299805,78.7323913574219,81.0826263427734,82.566764831543,83.3716201782227,83.8278503417969,83.9029998779297,83.7443466186523,83.7444839477539,83.9256439208984,85.4067077636719,88.3478164672852,90.413215637207,90.5470657348633,90.093391418457,89.3253860473633,88.5091934204102,87.7510070800781,87.3175354003906,87.0375823974609,86.7694625854492,86.436653137207,87.0388870239258,88.5618133544922,90.6254043579102,92.3483047485352,94.6940231323242,95.2082824707031,93.1706924438477,91.1524810791016,90.0864181518555,89.5280303955078,89.0875015258789,88.7772674560547,88.1728591918945,87.9215621948242,87.9364624023438,88.683967590332,89.8693313598633,91.4291534423828,92.7836990356445,93.9576950073242,94.6301040649414,94.8520126342773,94.1479415893555,92.4329376220703,91.0953979492188,90.2781753540039,89.8147659301758,89.2558898925781,88.5013427734375,87.5290603637695,86.3671722412109,85.2042083740234,84.2850723266602,83.5364379882812,82.9778671264648,82.5346755981445,82.0845108032227,81.4210052490234,80.1992492675781,78.5822982788086,76.9304733276367,75.8676147460938,74.7843627929688,73.4711456298828,71.9347763061523,69.9466705322266,67.3612823486328,65.060432434082,62.7912292480469,60.673023223877,58.8614311218262,57.8702812194824,58.0744667053223,58.3700523376465,58.0339775085449,56.859977722168,55.423412322998,53.6034469604492,50.0826225280762,49.0994567871094,53.2855567932129,53.5753860473633,57.0227737426758,60.7256317138672,68.2202987670898,68.8276977539062,70.2890319824219,74.1119842529297,83.1912384033203,96.0017166137695,98.1528472900391,101.201606750488,101.783874511719,103.35359954834,101.453193664551,100.692756652832,104.402893066406,99.957649230957,101.280235290527,113.827209472656,113.991897583008,111.604774475098,110.984558105469,102.308128356934,97.2437362670898,91.1469573974609,85.0112609863281,85.7978363037109,87.3404922485352,88.2604751586914,88.222053527832,87.458610534668,84.6822280883789,81.7515335083008,80.9424743652344,82.546745300293,85.3299179077148,88.0158386230469,90.0635070800781,91.3334426879883,91.6054306030273,91.3139190673828,91.286018371582,90.8826904296875,90.273567199707,90.1058502197266,91.0755081176758,89.7869033813477,87.6538009643555,88.1024551391602,94.7978057861328,94.837272644043,94.4173355102539,93.5863952636719,92.9245223999023,92.8261108398438,93.6670837402344,94.8803558349609,95.736198425293,96.4714813232422,96.5043487548828,94.6340255737305,91.2724456787109,89.0466537475586,87.9535751342773,88.1180648803711,89.7890853881836,91.3023147583008,93.5868682861328,95.6764831542969,97.4308700561523,98.4571914672852,96.7740097045898,85.4021835327148,68.6301574707031,59.4010429382324,56.5479774475098,56.7805671691895,54.6200942993164,53.5369720458984,53.2858505249023,51.7722206115723,51.095043182373,51.5459060668945,51.9075775146484,52.1344566345215,51.9034729003906,51.8383712768555
"-8.75",46.358699798584,47.4509925842285,46.4983825683594,47.6511688232422,48.0609245300293,49.0457763671875,47.902229309082,36.7508430480957,38.0861854553223,51.9118156433105,56.9770011901855,60.1239318847656,63.0950241088867,64.3989181518555,64.8418655395508,65.889045715332,68.6848602294922,73.0645141601562,74.4682464599609,72.3882904052734,67.776969909668,74.0832824707031,74.4022216796875,78.3018264770508,81.0436553955078,82.6806716918945,83.5988540649414,84.1597747802734,84.0612869262695,83.7743072509766,83.6979827880859,83.780387878418,85.1423263549805,88.1099700927734,90.4617233276367,90.342903137207,89.6404418945312,88.7988967895508,87.820068359375,86.8596725463867,86.2659301757812,85.8224334716797,85.4547882080078,85.5012435913086,87.18994140625,90.1850433349609,92.3722686767578,93.8299179077148,94.9613189697266,94.158088684082,92.0144195556641,90.469856262207,89.8229522705078,89.5192337036133,89.2825164794922,89.0188140869141,88.7986068725586,89.0223083496094,89.577507019043,90.482780456543,91.3497695922852,92.2451477050781,93.2940673828125,94.1498031616211,94.5553970336914,94.6361465454102,93.6183624267578,92.1390609741211,91.1164016723633,90.5356903076172,89.9977035522461,89.2788467407227,88.5038223266602,87.5004806518555,86.3390502929688,85.2732925415039,84.4127349853516,83.744758605957,83.2695465087891,82.9347915649414,82.456901550293,81.6588973999023,80.3395538330078,78.6424026489258,77.1385192871094,76.0357513427734,74.9208602905273,73.555305480957,71.9561614990234,69.7352447509766,67.1010818481445,64.8873519897461,62.735523223877,60.5667419433594,58.5990943908691,57.5020866394043,57.4688835144043,57.4159164428711,57.2830123901367,56.3537902832031,55.4378433227539,49.1052551269531,47.5320091247559,50.5378227233887,53.9110374450684,55.3241958618164,57.5383338928223,60.7860717773438,65.2477340698242,72.1026077270508,72.2995223999023,78.3120498657227,86.6675643920898,96.5437393188477,98.3012008666992,102.044746398926,104.800354003906,105.854682922363,105.165100097656,102.806205749512,104.236907958984,107.885612487793,110.51252746582,104.645965576172,110.318885803223,114.781135559082,119.7451171875,121.685096740723,118.594085693359,104.514572143555,90.2777404785156,84.8043899536133,86.7156448364258,88.2474517822266,89.7039642333984,89.0657272338867,84.8482055664062,80.1354598999023,77.6122283935547,77.9118576049805,77.3805999755859,83.5986938476562,91.1518020629883,91.1652984619141,91.4358520507812,91.2910919189453,91.2514038085938,90.879264831543,90.3528518676758,89.6408920288086,89.435546875,80.1986923217773,78.7671051025391,82.8336410522461,95.0199813842773,95.0589904785156,94.3604278564453,93.3930206298828,92.8667449951172,92.6933441162109,93.0001373291016,93.5967636108398,94.3549880981445,95.409065246582,95.2768936157227,93.4282836914062,90.928337097168,89.1586074829102,88.2439880371094,88.3358917236328,89.6196670532227,91.5381469726562,93.3546829223633,95.6004943847656,97.171272277832,98.3534469604492,98.1288146972656,91.3798599243164,79.3998641967773,64.1784820556641,58.7590827941895,56.1937446594238,55.5217895507812,53.7997932434082,53.2681007385254,52.0688781738281,51.2778167724609,51.6833915710449,52.0285987854004,52.2186622619629,51.935432434082,51.854419708252
"-7.5",46.7640800476074,47.9059181213379,46.7556800842285,47.6273384094238,47.5884056091309,48.4289207458496,47.4047470092773,36.4071464538574,38.4380989074707,51.6958847045898,55.8832244873047,59.3809356689453,62.6031112670898,63.6158218383789,64.7975769042969,66.4189758300781,67.3182830810547,71.7633972167969,74.5014266967773,73.7499008178711,68.0909576416016,74.9041061401367,75.0322113037109,77.9062118530273,80.7967758178711,82.7458267211914,83.8050765991211,84.3892517089844,84.2163391113281,83.8463897705078,83.6439514160156,83.6678237915039,84.9710464477539,87.8803024291992,90.4941940307617,90.060173034668,89.2463455200195,88.4482574462891,87.4094390869141,86.5018463134766,86.1363906860352,85.6499862670898,85.4460601806641,86.5955963134766,89.7809295654297,93.500358581543,94.736572265625,95.0537490844727,94.8068161010742,93.2384262084961,91.2426605224609,90.1352691650391,89.6526489257812,89.626838684082,89.6221466064453,89.6968765258789,89.6562728881836,90.1220779418945,91.0817718505859,92.1640625,92.7242431640625,93.2072601318359,93.780158996582,94.208740234375,94.2814331054688,93.953857421875,93.2054977416992,92.1095657348633,91.3764953613281,90.7841873168945,90.0121688842773,89.2183380126953,88.3042831420898,87.2864685058594,86.2194213867188,85.2885055541992,84.5741119384766,84.0675506591797,83.7852172851562,83.4110260009766,82.7414016723633,81.6688919067383,80.3438262939453,78.6509170532227,77.1977157592773,76.0637741088867,74.8380737304688,73.3905715942383,71.7323684692383,69.4196395874023,66.7579193115234,64.5396041870117,62.6055488586426,60.5177001953125,58.4926071166992,57.3093795776367,57.0473289489746,56.5402526855469,56.4581184387207,55.9107704162598,55.176944732666,47.7799911499023,48.6176261901855,51.1968307495117,54.9670028686523,58.1616058349609,60.7763710021973,61.7545967102051,67.1609573364258,70.0973434448242,73.7351760864258,78.8122024536133,87.8621292114258,99.4266738891602,103.590507507324,100.210021972656,104.259567260742,107.716041564941,110.21411895752,108.329498291016,112.955139160156,112.796981811523,110.611587524414,109.392990112305,108.469467163086,110.234558105469,116.209060668945,124.063438415527,123.485809326172,112.653091430664,95.4332275390625,87.3472900390625,85.8025970458984,87.2415390014648,89.647346496582,90.9389038085938,82.6590118408203,78.9606170654297,78.4496459960938,78.9506072998047,79.6467514038086,80.0256118774414,91.8557739257812,91.2931823730469,91.3744506835938,91.1879043579102,91.0242462158203,90.8370971679688,90.7008438110352,89.9231719970703,90.9302139282227,84.5534439086914,78.6791763305664,78.8107986450195,88.968620300293,95.1147308349609,95.117561340332,94.1786727905273,93.1800155639648,92.5684204101562,92.3286361694336,92.5630493164062,93.1593856811523,94.1562423706055,93.988883972168,92.5993576049805,90.7743148803711,89.375373840332,88.6575241088867,88.7241134643555,89.8552856445312,91.5310592651367,93.5166854858398,95.6159820556641,96.9611663818359,98.2321243286133,99.3127975463867,94.4902191162109,78.8705825805664,64.8436737060547,58.0487174987793,56.6091346740723,54.9822387695312,54.3164863586426,53.40869140625,52.3612480163574,51.508659362793,51.8420448303223,52.1465682983398,52.3012428283691,51.962329864502,51.8685455322266
"-6.25",46.7272109985352,48.1577987670898,46.9490051269531,47.5871620178223,47.4948921203613,48.1044235229492,46.7033462524414,36.1660919189453,38.7875785827637,51.3217544555664,55.0298957824707,59.0608596801758,61.924488067627,62.4672050476074,64.7516326904297,67.2690124511719,66.4959106445312,68.8811340332031,73.8781967163086,74.9239807128906,68.5495758056641,75.556770324707,75.7143249511719,77.5752944946289,80.500129699707,82.716064453125,83.8958282470703,84.5013198852539,84.331916809082,83.972785949707,83.6529235839844,83.7725524902344,84.9398422241211,87.6617813110352,90.3586502075195,89.8799514770508,89.1045379638672,88.3630981445312,87.5088043212891,86.9286422729492,86.8869018554688,86.5791778564453,86.7829895019531,88.9625930786133,92.6727676391602,95.3858947753906,95.5036087036133,94.955696105957,93.98779296875,92.3438339233398,90.7562561035156,90.0104370117188,89.66748046875,89.9515151977539,90.269645690918,90.426643371582,90.4723587036133,91.0305404663086,92.2146453857422,93.4868774414062,94.007942199707,94.0778961181641,94.311653137207,94.286865234375,94.0215835571289,93.4104461669922,93.0309143066406,92.4060211181641,91.6891937255859,90.77392578125,89.9310760498047,89.0838394165039,88.0955047607422,87.1958541870117,86.3781890869141,85.502082824707,84.8584136962891,84.3666763305664,84.2141418457031,83.7744064331055,82.8645935058594,81.5805282592773,80.1058349609375,78.6014099121094,77.1386184692383,75.911506652832,74.5342407226562,73.0417938232422,71.2724990844727,69.0008087158203,66.4125442504883,64.2651824951172,62.4123840332031,60.5268325805664,58.4404563903809,57.1466827392578,56.7400436401367,56.0735321044922,55.9255599975586,55.5631713867188,55.4690551757812,49.4756622314453,48.3023834228516,50.5909843444824,53.5685501098633,57.6485824584961,64.4753570556641,63.9362640380859,65.2195358276367,68.9610366821289,76.1447067260742,79.0300064086914,88.716064453125,98.7619094848633,97.388557434082,102.376091003418,105.635398864746,106.362602233887,109.903411865234,114.798828125,110.189224243164,117.212455749512,113.242691040039,111.383857727051,109.251770019531,107.673278808594,118.756034851074,122.902877807617,124.439559936523,116.843231201172,104.355270385742,93.8455963134766,89.0461044311523,86.9030532836914,88.5080184936523,83.5518112182617,83.77587890625,81.8851623535156,81.3064804077148,81.3686447143555,81.6066207885742,81.3732681274414,91.8146286010742,91.2922515869141,91.6552963256836,91.435432434082,90.8207397460938,91.1874465942383,91.5338897705078,91.2486114501953,91.5531616210938,91.7046737670898,84.5722808837891,78.5754699707031,86.8299560546875,96.6621704101562,95.3464050292969,95.3920516967773,94.3504180908203,92.7363204956055,92.3117904663086,92.2061996459961,92.141471862793,92.8705062866211,92.9863510131836,92.0989303588867,90.8518600463867,89.8271865844727,89.118034362793,89.0549621582031,90.1445922851562,91.8009490966797,93.3804016113281,95.4389419555664,96.9843063354492,97.9634170532227,99.4962768554688,96.9300308227539,87.4208984375,69.7265014648438,60.9884338378906,57.7060203552246,55.2923545837402,54.7378349304199,54.1268539428711,52.6102600097656,51.6175651550293,52.0353126525879,52.3315925598145,52.3811378479004,51.9801940917969,51.8813667297363
"-5",46.346378326416,47.9895324707031,47.0975570678711,47.3109512329102,47.0680274963379,47.507942199707,46.1872367858887,36.0762557983398,39.3379936218262,50.973560333252,54.1550941467285,58.3149185180664,61.5753746032715,61.7051162719727,65.0061569213867,67.4711761474609,65.9500579833984,66.9405288696289,73.5806198120117,75.1290664672852,68.2500762939453,76.5512466430664,76.1671295166016,77.4012680053711,80.2307281494141,82.6965255737305,83.9780654907227,84.6040420532227,84.5579071044922,84.2460327148438,83.9256896972656,84.0774917602539,85.0200042724609,87.4984359741211,90.1058807373047,89.9504089355469,89.2434692382812,88.6217193603516,88.0339126586914,87.6787872314453,87.8635635375977,87.9129409790039,88.3723373413086,90.7138214111328,93.8100051879883,94.9914474487305,94.3725738525391,93.6249084472656,92.6797409057617,91.3372802734375,90.3584823608398,90.0775985717773,90.088623046875,90.6848907470703,91.0684356689453,91.1483993530273,91.1914978027344,91.7186660766602,92.9597091674805,94.529655456543,95.0811767578125,94.8622283935547,94.7885894775391,94.3567199707031,93.7687149047852,93.4517364501953,93.2245712280273,92.6949462890625,91.6695175170898,90.6223297119141,89.8638305664062,89.104850769043,88.3676223754883,87.5999069213867,86.9917984008789,86.0407180786133,85.3202590942383,84.9531860351562,84.595100402832,83.888298034668,82.7154312133789,81.2179412841797,79.7890930175781,78.3003005981445,76.775520324707,75.4179382324219,74.0572814941406,72.4451065063477,70.7977600097656,68.6246643066406,66.1130218505859,64.1091537475586,62.336986541748,60.436336517334,58.3036994934082,56.9011611938477,56.5099029541016,55.8298110961914,55.7462005615234,55.2826728820801,54.620433807373,50.0283012390137,47.7039413452148,50.3262329101562,52.0354347229004,59.8316268920898,61.1291809082031,62.3553085327148,64.3537521362305,65.6045532226562,73.008903503418,75.3600845336914,89.1979141235352,97.4637756347656,97.554069519043,102.28784942627,104.602668762207,104.934555053711,112.189102172852,116.478439331055,112.384590148926,111.152679443359,117.163612365723,114.681533813477,118.639999389648,105.722923278809,114.991798400879,118.426177978516,119.929557800293,116.750534057617,105.45337677002,97.7521209716797,93.7306900024414,87.5951995849609,93.8404922485352,82.7057113647461,84.2960205078125,85.6685791015625,83.2153549194336,83.0002899169922,82.6318435668945,83.0145645141602,94.5170974731445,91.0014877319336,91.862907409668,92.3691482543945,92.0899124145508,92.0113525390625,92.7314376831055,90.164176940918,93.1046600341797,93.476806640625,85.6101608276367,78.1951675415039,80.9643249511719,83.1454162597656,80.0469665527344,86.5454330444336,95.5498046875,93.1107330322266,92.5665969848633,92.0224075317383,91.3658676147461,91.9693374633789,92.2907333374023,91.9130477905273,91.0045013427734,90.2107696533203,89.5478744506836,89.5757522583008,90.3803939819336,91.8261337280273,93.415283203125,95.5195465087891,97.0326919555664,97.9386901855469,99.1630706787109,98.4007949829102,87.702522277832,73.1731033325195,61.8609428405762,57.0797157287598,56.850399017334,54.5658760070801,53.9689903259277,52.7701225280762,51.8533401489258,52.2417488098145,52.471981048584,52.4703598022461,52.0430450439453,51.892505645752
"-3.75",46.7257614135742,47.8173942565918,47.3916625976562,47.241584777832,46.7439956665039,47.1447334289551,45.369701385498,36.3519134521484,39.9817161560059,50.7746734619141,53.3139343261719,57.8421897888184,61.0417022705078,61.4180564880371,64.1977996826172,66.8675537109375,64.8133850097656,65.9988555908203,72.3564605712891,74.6449356079102,67.5374755859375,78.4911193847656,76.5765838623047,77.2674865722656,80.1257934570312,82.6386260986328,83.9532318115234,84.7857208251953,84.9287414550781,84.6927642822266,84.4626617431641,84.4947967529297,85.1876220703125,87.2735595703125,89.8286590576172,90.1169815063477,89.5261917114258,89.0005722045898,88.5987319946289,88.3193283081055,88.5410995483398,88.7840881347656,89.333869934082,91.3654327392578,93.4895629882812,93.6373291015625,92.787353515625,92.2431106567383,91.4929122924805,90.6364517211914,90.1893615722656,90.3433074951172,90.7497100830078,91.4092788696289,91.7620849609375,91.7942352294922,91.6960906982422,92.1121292114258,93.5424499511719,95.2589569091797,95.7194213867188,95.3989944458008,95.0475463867188,94.3733215332031,93.6879272460938,93.4726028442383,93.2516937255859,92.5636520385742,91.5422744750977,90.5959701538086,89.9372711181641,89.5121231079102,88.9650726318359,88.1816253662109,87.4344100952148,86.4960250854492,85.8654556274414,85.4507064819336,84.7521286010742,83.7244720458984,82.3554611206055,80.7028198242188,79.2124786376953,77.7860412597656,76.2397918701172,74.7669372558594,73.387580871582,71.9866333007812,70.5492630004883,68.4608306884766,66.0525283813477,64.0774307250977,62.3099937438965,60.3388137817383,58.1815338134766,56.843578338623,56.4377212524414,55.8833961486816,55.6055068969727,55.1296501159668,54.6863250732422,50.4861450195312,48.7073974609375,50.1212348937988,51.8459281921387,55.741943359375,60.1911430358887,61.8073883056641,62.7915725708008,68.4669494628906,78.032341003418,81.0698013305664,89.4272155761719,103.590629577637,104.179756164551,105.487579345703,105.861457824707,105.831253051758,112.050422668457,114.182708740234,110.845321655273,111.655632019043,113.978454589844,114.397926330566,114.715629577637,108.189514160156,108.17928314209,117.242561340332,113.609382629395,110.43034362793,106.70775604248,98.3887939453125,88.9192962646484,91.4562149047852,97.0745468139648,87.4416580200195,88.2391738891602,85.0112762451172,85.4947509765625,84.7383041381836,83.0682601928711,80.6073455810547,94.3243408203125,91.0822448730469,92.1256332397461,93.4985122680664,91.0573272705078,88.7535400390625,94.2180786132812,91.6477203369141,82.9749603271484,79.53857421875,78.8055038452148,78.3075866699219,78.8388137817383,80.2794723510742,80.223388671875,82.1946792602539,94.8350982666016,93.5356826782227,92.7287292480469,91.6536254882812,90.9171600341797,91.3955764770508,91.9142608642578,91.8740463256836,91.3614196777344,90.7977294921875,90.0354156494141,89.7234191894531,90.6352920532227,91.8849945068359,93.6630096435547,95.352912902832,96.9546585083008,97.9556732177734,99.3829040527344,99.0552597045898,93.7269058227539,76.2630081176758,62.9730186462402,59.5410995483398,57.2402496337891,55.4638290405273,53.6997032165527,52.9589080810547,52.0529289245605,52.5183029174805,52.634147644043,52.5440979003906,52.0900993347168,51.9031066894531
"-2.5",46.3775100708008,48.0123596191406,47.6176376342773,47.3825035095215,46.1818656921387,46.4907455444336,44.9033737182617,36.643196105957,40.6572113037109,50.6326217651367,52.946964263916,57.1489067077637,60.5196418762207,61.4019165039062,64.1119079589844,65.6165390014648,63.4179840087891,65.5795364379883,72.5409240722656,72.7583160400391,66.4619979858398,69.7840805053711,75.8946304321289,77.2357559204102,80.2342071533203,82.5739059448242,83.8752746582031,84.8809661865234,85.1536560058594,85.2226257324219,85.0707626342773,84.8147888183594,85.3575897216797,87.1541900634766,89.5000534057617,90.2341384887695,89.7126083374023,89.262825012207,88.942497253418,88.743408203125,88.8919982910156,88.9742660522461,89.6235656738281,91.2965850830078,92.7245407104492,92.4240112304688,91.9100875854492,91.5554580688477,90.9564437866211,90.4253234863281,90.5579071044922,90.8944778442383,91.4760513305664,92.1146240234375,92.3624801635742,92.3809967041016,92.3250732421875,92.7137908935547,94.1925735473633,95.6846084594727,96.0755920410156,95.7403335571289,95.1505661010742,94.3433303833008,93.7263717651367,93.4583206176758,93.1345291137695,92.3673706054688,91.4300231933594,90.6129379272461,90.2866668701172,90.005744934082,89.4362030029297,88.7134246826172,87.9481506347656,87.139045715332,86.5215530395508,85.6829452514648,84.4955902099609,83.2550354003906,81.7590637207031,80.0040969848633,78.5992736816406,77.255989074707,75.7299194335938,74.2081527709961,72.9857788085938,71.8299179077148,70.3080291748047,68.2954635620117,65.9399719238281,64.0364151000977,62.0867118835449,60.0498886108398,57.9889259338379,56.8126487731934,56.3390579223633,55.7600288391113,55.4667320251465,55.0092620849609,54.6651077270508,50.7091064453125,49.2703285217285,50.2175712585449,54.773811340332,55.6871757507324,59.0389633178711,61.2011528015137,63.5908203125,70.1883087158203,77.0469436645508,84.4698486328125,92.1370468139648,103.569763183594,106.42308807373,108.857681274414,108.823364257812,110.858779907227,112.481674194336,110.810134887695,110.000205993652,109.014656066895,106.617370605469,104.955055236816,104.656852722168,104.691841125488,106.916435241699,112.401176452637,109.974792480469,114.128761291504,104.461837768555,93.757942199707,87.9717330932617,91.954216003418,98.5727767944336,91.4492111206055,88.995979309082,89.5476455688477,88.5837097167969,85.7688064575195,82.7962951660156,78.8159637451172,90.9944152832031,90.8202972412109,92.6801223754883,92.5290145874023,89.0039749145508,87.2284164428711,95.2192230224609,94.7284851074219,80.5216293334961,78.9426345825195,80.6074295043945,79.3378524780273,80.4727478027344,85.8405227661133,84.7495574951172,91.7649002075195,93.5144348144531,93.0714111328125,92.6524505615234,91.4297790527344,90.9664764404297,91.3648223876953,91.8798522949219,91.9299468994141,91.6197662353516,91.1214828491211,90.4810485839844,90.0228652954102,90.7038879394531,92.097297668457,93.711799621582,95.5824584960938,97.034309387207,98.0353622436523,99.0029067993164,99.5912017822266,94.0398941040039,84.6179428100586,68.0358963012695,60.3120727539062,56.8593482971191,56.8426742553711,53.8782119750977,52.9932823181152,52.2873954772949,52.8003692626953,52.8558235168457,52.6045951843262,52.1334190368652,51.9123649597168
"-1.25",46.8009719848633,48.0389022827148,47.8212203979492,47.4653778076172,46.094108581543,46.0001564025879,43.9922370910645,36.9222221374512,41.2918357849121,50.5245895385742,52.7747611999512,56.4802513122559,59.9203033447266,61.8905944824219,63.6046600341797,63.9844779968262,62.3204116821289,65.1089630126953,72.2952270507812,72.4465103149414,68.1969375610352,66.5551300048828,75.268913269043,77.3064346313477,80.4562149047852,82.6318893432617,84.0758743286133,85.1502990722656,85.6358108520508,85.7307586669922,85.4238662719727,85.2277908325195,85.6979522705078,87.0710067749023,89.1046905517578,90.0866165161133,89.9520034790039,89.4593734741211,89.2217254638672,89.1114044189453,89.3439712524414,89.2993774414062,89.7861251831055,91.2150039672852,92.1896209716797,91.9203338623047,91.6531295776367,91.48779296875,90.973503112793,90.6086883544922,91.0694046020508,91.6643753051758,92.313362121582,92.8148345947266,93.0439376831055,93.2845001220703,93.4101333618164,93.7235260009766,94.8031463623047,95.7810668945312,95.9722137451172,95.7400207519531,95.0707778930664,94.2508239746094,93.7289047241211,93.3414154052734,92.7974548339844,92.1327438354492,91.3604431152344,90.7568206787109,90.7015686035156,90.4784698486328,89.8924331665039,89.140998840332,88.3718338012695,87.7130737304688,86.9881820678711,85.6204071044922,84.2986526489258,82.9044799804688,81.092529296875,79.3248062133789,77.9337539672852,76.6840209960938,75.1476135253906,73.8611526489258,72.7702484130859,71.653205871582,70.0835418701172,68.0742568969727,65.9603881835938,63.7095375061035,61.6320266723633,59.6207504272461,57.6864242553711,56.6802291870117,56.1699447631836,55.6295547485352,55.3809127807617,54.8826026916504,54.4651145935059,51.1401634216309,49.6724739074707,52.6226119995117,53.9995460510254,55.0246353149414,59.305004119873,59.821891784668,63.1073226928711,71.2359390258789,78.1247863769531,90.8328475952148,92.6137924194336,103.846534729004,106.231658935547,113.566329956055,116.491432189941,112.787803649902,110.908721923828,111.45777130127,108.262489318848,109.251045227051,107.708633422852,104.722610473633,102.62434387207,101.530014038086,101.760681152344,100.04891204834,99.2423400878906,105.33228302002,104.530868530273,96.3225860595703,87.6048889160156,91.1320724487305,91.1477737426758,93.5901184082031,90.6003646850586,84.0948181152344,86.7327880859375,85.7585830688477,83.5707015991211,79.3642730712891,82.9588851928711,88.2184143066406,89.1269683837891,84.7455062866211,78.1430740356445,81.3493728637695,88.0670166015625,94.6138916015625,80.2617950439453,79.3123931884766,79.6518707275391,81.0277862548828,89.9912872314453,91.2252197265625,91.2840881347656,92.7676315307617,92.0618515014648,92.1637954711914,91.8795776367188,91.5322418212891,91.4784088134766,91.7088851928711,92.0294342041016,92.0505142211914,91.82763671875,91.4897766113281,90.9011688232422,90.2047500610352,91.0790786743164,92.195442199707,94.0382614135742,95.5960922241211,97.0680999755859,98.2333602905273,99.4468307495117,99.5285720825195,97.7314834594727,84.3467178344727,66.9892501831055,59.9932594299316,58.7956161499023,56.9542388916016,54.5325584411621,53.3860130310059,52.4627952575684,52.9665794372559,53.0145301818848,52.6536178588867,52.1839752197266,51.9206085205078
"0",46.3928260803223,48.368278503418,47.9648017883301,47.3886413574219,46.0820198059082,45.3149681091309,43.3752365112305,37.2535057067871,41.6737594604492,50.3036499023438,52.9242897033691,55.6695747375488,59.2835540771484,61.8378448486328,63.0010719299316,62.417121887207,61.0087127685547,64.7451019287109,72.685302734375,73.8434371948242,69.7886047363281,67.0507659912109,74.997428894043,77.2229385375977,80.3083038330078,82.6912155151367,84.0053863525391,85.0616226196289,86.0111694335938,86.1078796386719,85.8336944580078,85.7456207275391,86.1625289916992,86.9060211181641,88.3542709350586,89.6711120605469,90.1543655395508,89.7193756103516,89.5227890014648,89.5629043579102,90.0258255004883,90.0281066894531,90.3681335449219,91.4464645385742,91.9475173950195,91.646110534668,91.4894561767578,91.4720993041992,91.3981170654297,91.2388305664062,91.8357086181641,92.4796371459961,93.0717163085938,93.588493347168,94.1363525390625,94.9425277709961,95.2399063110352,95.1928939819336,95.5314865112305,95.8611755371094,95.8487854003906,95.6251831054688,94.8806838989258,94.0678863525391,93.4797058105469,93.0922317504883,92.4105072021484,91.8110427856445,91.3038330078125,90.9546813964844,90.8158569335938,90.4784851074219,90.0262222290039,89.362190246582,88.7012405395508,88.0247116088867,87.0034484863281,85.3679885864258,84.0041809082031,82.521484375,80.4646835327148,78.6425933837891,77.1029510498047,75.9871826171875,74.9450149536133,73.887336730957,72.5941543579102,71.4504470825195,70.1539993286133,68.1791305541992,66.1659927368164,63.5051116943359,61.1281547546387,59.1416053771973,57.4817771911621,56.4694862365723,56.0851287841797,55.6286506652832,55.2810173034668,54.7269821166992,54.0460433959961,53.409725189209,50.6514854431152,51.8399429321289,52.3750114440918,50.9763870239258,56.5545806884766,54.4109725952148,64.5786666870117,69.0264434814453,74.8241729736328,87.2366180419922,98.835823059082,105.945236206055,110.427955627441,114.537078857422,120.156761169434,119.364906311035,112.129508972168,110.361396789551,110.311859130859,111.363166809082,109.923751831055,104.185218811035,104.915969848633,101.756401062012,102.962913513184,98.124267578125,101.558219909668,104.814300537109,102.121322631836,97.5721130371094,89.8046798706055,88.0618438720703,86.3911743164062,88.5070114135742,91.2906646728516,94.1448440551758,98.7115936279297,84.0759963989258,82.1584091186523,80.9021377563477,74.4485702514648,72.9424209594727,74.1829986572266,75.4399795532227,76.9333724975586,77.5783538818359,81.9831161499023,93.5408325195312,82.3671798706055,79.2642211914062,90.407112121582,91.7390594482422,90.1009140014648,89.8338928222656,90.6560516357422,91.499626159668,91.3801651000977,91.4433135986328,91.2150497436523,91.4478988647461,91.9225540161133,92.25,92.4533996582031,92.3174362182617,91.968635559082,91.6984252929688,91.1912078857422,90.5798873901367,91.2565536499023,92.4748687744141,94.0937728881836,95.8037185668945,97.2539978027344,98.3279571533203,99.2438659667969,100.027435302734,98.4690704345703,94.3591537475586,76.530403137207,64.0294570922852,59.5811729431152,56.9001502990723,54.9029998779297,53.7429389953613,52.7434959411621,53.1403961181641,53.094669342041,52.7460861206055,52.2352180480957,51.9285316467285
"1.25",46.7726936340332,48.5328330993652,48.2630462646484,47.3506927490234,45.8736572265625,44.2643623352051,42.5718955993652,37.5409088134766,42.3534164428711,50.7044219970703,52.703311920166,55.2159118652344,58.5409965515137,61.8304977416992,62.2322769165039,61.5385055541992,61.1296920776367,64.7121124267578,73.8128509521484,76.3691329956055,72.1578750610352,67.5627670288086,75.2249526977539,77.3899078369141,80.0056533813477,82.5618515014648,83.7488021850586,85.130744934082,86.1384429931641,86.494743347168,86.3019104003906,86.4583435058594,86.6675872802734,86.7689971923828,87.7736053466797,89.3467254638672,90.461067199707,90.0274658203125,89.8373641967773,90.0796813964844,90.7795486450195,90.7166061401367,90.685546875,91.294303894043,91.5571975708008,91.3603286743164,91.2381439208984,91.289192199707,91.7119293212891,92.1958847045898,92.820068359375,93.3742446899414,93.8115615844727,94.5238494873047,95.5780715942383,96.5458984375,96.6330718994141,96.3166961669922,96.2112579345703,96.1700592041016,96.0522003173828,95.789176940918,94.8820953369141,93.750617980957,93.1930465698242,92.7406616210938,92.2049789428711,91.8464431762695,91.4160766601562,91.1731414794922,91.0887680053711,90.9044723510742,90.7276840209961,90.0672378540039,89.0898818969727,88.1178207397461,86.8063888549805,85.1770706176758,83.814697265625,82.3684158325195,80.1115036010742,77.970817565918,76.462890625,75.8349304199219,74.8328323364258,73.6836776733398,72.3678970336914,71.0071029663086,69.6823806762695,67.9667053222656,66.1168060302734,63.2149772644043,60.7043914794922,58.5908164978027,57.0718879699707,56.1563606262207,55.8210716247559,55.4093856811523,54.9218330383301,54.3885726928711,53.7734375,53.434700012207,51.9814109802246,49.0028839111328,50.1683387756348,51.3364105224609,57.7753105163574,60.152099609375,65.3819351196289,71.3989868164062,78.5493469238281,88.1832656860352,98.9469146728516,110.41675567627,111.163475036621,115.201614379883,122.742942810059,122.502380371094,119.483558654785,116.739555358887,112.009017944336,114.839012145996,119.714881896973,109.046989440918,103.846458435059,108.106513977051,105.540893554688,98.3503036499023,97.7539520263672,98.2431716918945,101.154502868652,100.398406982422,94.543342590332,92.0378952026367,88.3408889770508,88.4785919189453,89.2529449462891,91.1260986328125,95.0288772583008,91.4771423339844,82.4091796875,80.6367721557617,76.7422180175781,74.6442184448242,74.7864456176758,75.4316558837891,76.4438934326172,76.7132339477539,77.8685989379883,88.9880218505859,86.9660797119141,87.4635543823242,90.9934158325195,91.8354415893555,90.4419708251953,90.2683868408203,90.9640808105469,91.1691436767578,90.7109146118164,90.4226455688477,90.4411315917969,90.7534637451172,91.4947280883789,92.2258224487305,92.559455871582,92.6316604614258,92.26416015625,92.0949096679688,91.3199768066406,90.8103790283203,91.7274322509766,92.6377639770508,94.4018402099609,95.9935607910156,97.281364440918,98.392578125,99.5463714599609,99.8246765136719,100.001304626465,93.1218414306641,77.9186172485352,63.9875144958496,59.2112312316895,57.7419281005859,54.5629348754883,54.2524948120117,52.9439506530762,53.2553329467773,53.2542533874512,52.8724822998047,52.2791442871094,51.9352798461914
"2.5",46.7844505310059,48.8452377319336,48.4476280212402,47.6354522705078,45.7169494628906,44.2496376037598,41.8263320922852,37.803409576416,42.6776580810547,50.4261474609375,52.7854499816895,54.7784576416016,57.977710723877,61.3749885559082,61.8794021606445,61.1499443054199,61.7156066894531,64.8801422119141,72.7365341186523,77.794548034668,74.0652465820312,69.0208206176758,76.0855331420898,77.7908935546875,80.02490234375,82.5417709350586,83.7621994018555,85.1570205688477,86.2437973022461,86.6222076416016,86.587287902832,86.9736557006836,87.0105895996094,86.7234954833984,87.3277816772461,89.1863861083984,90.711311340332,90.3223724365234,90.1434936523438,90.5290679931641,91.3534622192383,91.2213516235352,90.9017486572266,91.0953063964844,91.2992477416992,91.13623046875,91.0380020141602,91.1170654296875,91.8362503051758,93.0456771850586,93.7138748168945,94.0664825439453,94.4235382080078,95.6032791137695,96.9176559448242,97.4322280883789,97.200439453125,96.8462066650391,96.6802291870117,96.6989593505859,96.4420471191406,95.7424468994141,94.5182189941406,93.34521484375,92.8406143188477,92.6430587768555,92.2050399780273,91.8443908691406,91.4627914428711,91.4448776245117,91.4206314086914,91.2610397338867,90.994987487793,90.3616027832031,89.3513870239258,88.0223083496094,86.5178375244141,84.9417572021484,83.4012298583984,81.8015060424805,79.7973709106445,77.4068450927734,76.1833343505859,75.7151870727539,74.7724075317383,73.6277618408203,72.0546035766602,70.5048141479492,69.0419311523438,67.5946197509766,65.8278045654297,62.9584655761719,60.2533187866211,58.2567901611328,56.7539253234863,55.7921295166016,55.3968086242676,55.0299110412598,54.570442199707,54.0189514160156,53.7104454040527,53.5511665344238,52.4597206115723,48.3658866882324,51.3940887451172,52.1799926757812,61.1716079711914,63.6313591003418,65.6527404785156,67.2449645996094,80.0628356933594,85.9305877685547,97.4111709594727,107.71280670166,110.857429504395,112.526840209961,119.906883239746,123.007400512695,120.379722595215,121.749572753906,119.714073181152,120.776329040527,119.570190429688,117.483001708984,110.447525024414,106.157577514648,103.68579864502,102.211265563965,96.5892181396484,96.9758682250977,100.58911895752,99.0464782714844,96.6297988891602,92.7832107543945,85.7747650146484,89.1753540039062,88.1689453125,89.3184509277344,91.1465682983398,94.0682907104492,87.6359100341797,90.2943496704102,80.9799652099609,77.7825698852539,76.7452850341797,75.5912933349609,75.9044647216797,77.6074371337891,77.9028701782227,77.1676864624023,88.0854721069336,93.3630981445312,93.3628082275391,92.9986877441406,91.9718170166016,91.7121963500977,92.1325225830078,91.8097686767578,90.9254760742188,90.3375625610352,90.5247344970703,91.1198425292969,91.3578262329102,91.9953460693359,92.6049118041992,92.9073715209961,92.5984268188477,92.3370513916016,91.7235565185547,91.3703994750977,92.0030059814453,93.0564422607422,94.4318923950195,96.100715637207,97.5233840942383,98.4678802490234,99.4778366088867,100.465866088867,100.539161682129,99.1289749145508,81.3958358764648,64.6790161132812,60.2068290710449,58.149528503418,54.6569404602051,54.4858474731445,53.1940155029297,53.4323959350586,53.4034118652344,53.0147819519043,52.3175163269043,51.941822052002
"3.75",46.7972526550293,48.6253929138184,48.6880989074707,47.4698791503906,45.5935592651367,43.9724998474121,41.208610534668,37.9319305419922,42.4677352905273,50.4560813903809,53.2744598388672,54.8420829772949,57.4667015075684,60.8100662231445,61.0811653137207,61.1669616699219,62.2118835449219,65.0748062133789,71.0411376953125,77.8328247070312,76.1481857299805,70.5708923339844,77.4405517578125,78.2155456542969,80.1804122924805,82.6396636962891,83.9735870361328,85.0915756225586,86.0569305419922,86.5386657714844,86.6917114257812,87.2041702270508,87.33056640625,86.9131011962891,87.1972122192383,89.0147247314453,90.7780532836914,90.4761657714844,90.229248046875,90.6762084960938,91.6827621459961,91.608024597168,91.2822875976562,91.1784362792969,91.2197647094727,90.9670639038086,90.8325500488281,90.9749298095703,92.0206680297852,93.6179656982422,94.1233291625977,94.1740417480469,94.8185806274414,96.5996398925781,97.7911682128906,97.7310256958008,97.2410278320312,97.055290222168,97.1470413208008,96.8795928955078,96.2571563720703,95.1273040771484,94.0559616088867,93.1329956054688,92.8324356079102,92.7256164550781,92.3150177001953,91.9580917358398,91.7309494018555,91.7661819458008,91.7250595092773,91.6835250854492,91.3324966430664,90.6565246582031,89.5595779418945,88.1497802734375,86.3887329101562,84.432014465332,82.8285903930664,81.2966003417969,79.1861267089844,76.9712905883789,75.9162063598633,75.3836212158203,74.6697845458984,73.374382019043,71.8411483764648,70.2119598388672,68.7580490112305,67.2065353393555,65.1078796386719,62.4968070983887,59.9421844482422,58.1613082885742,56.6090431213379,55.6168174743652,55.0812797546387,54.6732177734375,54.4869804382324,54.2246856689453,54.3051071166992,54.2969512939453,53.1806373596191,48.8078193664551,51.8349189758301,52.1527900695801,58.807014465332,60.589786529541,62.2485580444336,65.7809219360352,79.0968780517578,83.1836318969727,96.9482192993164,105.902290344238,110.647529602051,115.129791259766,117.057678222656,118.23127746582,115.870216369629,120.528518676758,119.165809631348,118.418434143066,117.977661132812,120.723457336426,112.778762817383,108.826354980469,103.877426147461,96.2564163208008,96.0986404418945,93.1093826293945,96.6314086914062,98.534797668457,97.1985626220703,93.7692794799805,86.5936126708984,90.9336853027344,87.6539306640625,88.6347579956055,90.1122894287109,91.3176116943359,94.3996963500977,96.4751510620117,80.4392929077148,78.9112167358398,76.9090881347656,76.8541717529297,75.3242340087891,75.4109802246094,76.7924499511719,77.6490173339844,86.1573486328125,93.1933898925781,93.1547698974609,92.8806762695312,92.3152008056641,92.1689682006836,92.5284652709961,92.3605651855469,92.0474090576172,91.8269424438477,92.4230499267578,92.7142105102539,91.6851272583008,91.8531036376953,92.7526931762695,93.2574234008789,92.9766540527344,92.5781555175781,92.1308288574219,91.925163269043,92.5888748168945,93.2646484375,94.5617065429688,96.1160888671875,97.622184753418,98.6038513183594,99.8006820678711,100.416000366211,101.135192871094,99.572265625,90.440071105957,69.2511901855469,60.8470420837402,57.887264251709,55.2688064575195,54.3356018066406,53.4374504089355,53.6403388977051,53.5467529296875,53.1381988525391,52.4044647216797,51.9477729797363
"5",46.3788185119629,48.7369995117188,48.7674789428711,47.6303443908691,45.4724082946777,43.4500617980957,40.6026611328125,37.8973579406738,42.1771545410156,49.7321891784668,53.066276550293,54.9098739624023,57.0136032104492,59.9144821166992,60.2559776306152,61.357105255127,63.3302764892578,64.7724380493164,68.934211730957,77.4515533447266,77.224250793457,71.7789077758789,78.8795776367188,78.6398620605469,80.2231826782227,82.6215744018555,84.158805847168,84.9874801635742,85.9025421142578,86.5246276855469,86.6995620727539,87.1982955932617,87.4490051269531,87.2479782104492,87.3092575073242,88.7958145141602,90.6682739257812,90.4917068481445,90.2349014282227,90.657470703125,91.7837753295898,91.7444458007812,91.4902954101562,91.2788848876953,91.3074340820312,91.055908203125,90.8711471557617,91.1188888549805,92.2646942138672,93.7272186279297,93.8581008911133,93.8556289672852,95.0856704711914,97.4286727905273,98.2485656738281,97.6521682739258,96.9923095703125,96.9865264892578,97.1231918334961,96.6779937744141,95.6182479858398,94.3711471557617,93.4745559692383,93.0076751708984,92.864875793457,92.7212829589844,92.3184356689453,92.0328369140625,91.8798141479492,92.0156478881836,92.005989074707,91.8701858520508,91.482421875,90.9130172729492,89.7683258056641,88.271484375,86.1002655029297,83.9305801391602,82.2906112670898,80.5871887207031,78.3547897338867,76.4333953857422,75.4089813232422,74.83642578125,74.0445861816406,72.8619003295898,71.211555480957,69.6267013549805,68.2846603393555,66.4813766479492,64.2666854858398,62.0186576843262,59.7727699279785,58.0050239562988,56.4424018859863,55.408332824707,55.0488777160645,54.7351570129395,54.777172088623,54.7992286682129,55.1045074462891,51.9536437988281,51.5665855407715,49.668327331543,51.7389068603516,51.9959945678711,55.4800910949707,58.8174819946289,62.9609794616699,70.5490493774414,78.5972900390625,80.8672714233398,98.3494338989258,105.57991027832,111.402069091797,118.071617126465,119.393096923828,117.419479370117,118.190956115723,122.345359802246,126.384254455566,118.51188659668,120.056427001953,125.013206481934,117.004280090332,106.226501464844,100.433280944824,95.7366714477539,89.312629699707,87.8745956420898,96.1328430175781,92.31884765625,94.9272689819336,92.6672821044922,88.3949508666992,91.9152450561523,87.9978103637695,88.2521514892578,89.497688293457,90.3337097167969,91.1322021484375,92.1012344360352,82.8269653320312,81.5065231323242,80.4169464111328,75.4800338745117,76.0981369018555,75.8347396850586,76.6915893554688,78.0127410888672,77.8947219848633,83.9640045166016,92.3642044067383,92.425651550293,92.4187622070312,92.6183853149414,93.1413803100586,93.9972610473633,95.8700103759766,95.9689636230469,90.8563079833984,95.266845703125,93.614860534668,91.868278503418,92.8960342407227,93.4150085449219,93.098014831543,92.7678985595703,92.6140823364258,92.5324401855469,92.9990310668945,93.5918731689453,94.5183029174805,95.9318008422852,97.7155303955078,98.698860168457,99.8543853759766,101.055572509766,101.783210754395,101.066749572754,89.0360412597656,68.3859405517578,60.523609161377,57.8962059020996,55.6066131591797,54.4585304260254,53.5229225158691,53.7995834350586,53.7688674926758,53.2784957885742,52.4824371337891,51.9485626220703
"6.25",46.4157981872559,48.7955322265625,48.9328308105469,47.9570655822754,45.489086151123,43.3096885681152,40.0575561523438,37.8815574645996,41.8847923278809,49.5483741760254,53.078857421875,54.8603439331055,56.8198890686035,58.9358024597168,59.4020462036133,61.8062171936035,63.4143600463867,64.5407791137695,69.5237579345703,77.037239074707,78.3936614990234,72.763427734375,80.2445602416992,78.915901184082,80.1355056762695,82.3591461181641,84.3009262084961,85.017204284668,85.8154983520508,86.4768371582031,86.573112487793,87.0095291137695,87.4036865234375,87.6232757568359,87.6122817993164,88.6896286010742,90.5252151489258,90.5589981079102,90.3236770629883,90.8794479370117,92.1019973754883,92.0792465209961,91.669563293457,91.2891006469727,91.5834655761719,91.4364471435547,91.4977340698242,92.0134124755859,92.94189453125,93.6672134399414,93.4222946166992,93.7435989379883,95.8521041870117,98.1203079223633,98.4347076416016,97.6216201782227,97.0003433227539,96.7850646972656,96.752326965332,95.9464874267578,94.7206649780273,93.7870407104492,93.192985534668,92.8687057495117,92.8308944702148,92.7313690185547,92.3872833251953,92.1875305175781,92.2817001342773,92.4003601074219,92.2468566894531,91.9201431274414,91.5553817749023,91.0680770874023,89.985595703125,88.1383895874023,85.5609130859375,83.2600555419922,81.6986541748047,79.9356842041016,77.6091156005859,75.929557800293,74.9664077758789,74.3614196777344,73.3960418701172,72.2690200805664,70.4271926879883,68.9084320068359,67.3678970336914,65.6245269775391,63.50830078125,61.4522819519043,59.2517890930176,57.50537109375,56.1164588928223,55.4031181335449,55.2291984558105,55.1030464172363,55.0427513122559,54.8282127380371,54.7809944152832,47.0630378723145,47.475170135498,49.7375602722168,51.6626663208008,55.4450569152832,58.5830879211426,62.3382873535156,66.3212051391602,68.2443389892578,80.3899078369141,87.203254699707,96.9164733886719,106.595741271973,117.082550048828,119.461059570312,121.723114013672,125.993995666504,121.155448913574,124.703216552734,126.22681427002,123.140892028809,124.770637512207,120.626937866211,113.597831726074,107.978645324707,100.485549926758,98.7750473022461,92.8108596801758,87.7207489013672,88.527473449707,84.2812881469727,92.1780624389648,99.2361831665039,89.9346694946289,92.8095550537109,88.203239440918,88.1395416259766,89.5665969848633,90.6014099121094,91.6362075805664,90.5464477539062,81.3700256347656,81.9090728759766,80.9217834472656,79.4817047119141,77.7268447875977,76.3108291625977,77.5385513305664,79.3889694213867,77.5832977294922,78.3344573974609,86.7878036499023,92.0175170898438,92.6805191040039,93.5752944946289,94.5757598876953,94.7850189208984,90.1961975097656,83.0556793212891,82.0950393676758,82.208740234375,97.5891799926758,92.2163314819336,92.6569900512695,93.12646484375,93.1142959594727,93.0042724609375,92.9742126464844,92.9435729980469,93.3647384643555,93.7339553833008,94.6084899902344,95.8896713256836,97.609016418457,98.8620147705078,100.225799560547,101.30834197998,102.006980895996,102.43196105957,95.461051940918,71.7639236450195,61.5158271789551,58.711296081543,55.3293952941895,54.7675743103027,53.5094871520996,54.0109100341797,53.9324111938477,53.480884552002,52.5621795654297,51.9682464599609
"7.5",46.392879486084,48.6427383422852,49.2024307250977,48.0574760437012,45.3599624633789,43.1270751953125,39.6086959838867,37.8296318054199,41.3729820251465,48.9708938598633,52.8074150085449,54.6917037963867,56.6571922302246,58.0454330444336,59.1472053527832,61.3094062805176,62.8191223144531,64.0032958984375,67.8920059204102,77.3462524414062,78.8000717163086,73.6854019165039,81.6898803710938,79.1674346923828,79.9920120239258,81.8937225341797,84.1726531982422,85.1306304931641,85.7597579956055,86.3993988037109,86.4194869995117,86.8210983276367,87.3692398071289,87.8746719360352,88.0284271240234,88.6401748657227,90.2791519165039,90.6682205200195,90.7274169921875,91.6619415283203,92.9194793701172,92.9102630615234,92.1219711303711,91.1836318969727,91.2166519165039,91.5107192993164,92.3802337646484,93.3163833618164,93.6959609985352,93.5831909179688,93.2900772094727,94.3501892089844,96.9799880981445,98.5440826416016,98.4224090576172,98.0390853881836,97.5993118286133,96.9311981201172,96.2722778320312,95.2341384887695,94.1042938232422,93.3788299560547,92.9914779663086,92.8042373657227,92.7560729980469,92.6686477661133,92.5325775146484,92.5551376342773,92.6658554077148,92.6304016113281,92.2879104614258,91.942756652832,91.7569885253906,91.1782302856445,89.7310943603516,87.5236892700195,84.8040390014648,82.7630844116211,81.1809692382812,79.3610305786133,77.2682342529297,75.5592269897461,74.4873046875,73.5224380493164,72.6027450561523,71.254150390625,69.3678588867188,67.9206619262695,66.4062194824219,64.7154922485352,62.7617835998535,60.7007255554199,58.4076766967773,56.6424598693848,55.8293533325195,55.4114151000977,55.4683723449707,55.6161003112793,55.4633560180664,54.9524307250977,56.4478874206543,47.4398384094238,47.9495658874512,48.6445693969727,52.6301918029785,57.1829566955566,63.4803237915039,67.917106628418,72.6200561523438,75.1388931274414,83.3147583007812,90.5305023193359,96.255126953125,109.65601348877,123.263412475586,130.309799194336,124.066917419434,130.289398193359,125.199745178223,122.206352233887,128.162841796875,125.634498596191,115.059593200684,119.851951599121,111.189208984375,103.237495422363,103.068161010742,96.5718765258789,95.8006896972656,90.5978393554688,85.9297027587891,84.8125762939453,92.7416610717773,95.6196823120117,92.5106964111328,91.450813293457,88.4851760864258,88.5622177124023,90.5021896362305,92.3147964477539,93.1436080932617,93.4870986938477,87.008918762207,82.3830261230469,84.4672241210938,84.1559600830078,79.3970031738281,76.8317947387695,76.9185638427734,77.6144638061523,79.865592956543,75.3921966552734,79.385856628418,92.3526611328125,93.1620483398438,94.7829055786133,96.0971145629883,94.9903335571289,81.5666732788086,84.2114868164062,82.8486862182617,80.6935272216797,86.6883544921875,93.9966430664062,92.4445495605469,92.6107482910156,92.9540863037109,93.1496429443359,93.358642578125,93.1980056762695,93.4793167114258,93.9116516113281,94.675910949707,95.7454681396484,97.5175323486328,98.9972534179688,100.459594726562,101.840591430664,102.988441467285,102.157318115234,95.81005859375,75.4106369018555,62.5182189941406,58.5785331726074,55.2194976806641,55.2366981506348,53.6377258300781,54.1516761779785,54.0986938476562,53.6779823303223,52.6477470397949,51.9884185791016
"8.75",46.4282264709473,48.998706817627,49.3514404296875,48.1018295288086,45.9747200012207,43.1907844543457,39.2068824768066,37.7136001586914,40.3839149475098,48.3452453613281,52.73828125,54.6957664489746,56.5631332397461,57.2248687744141,58.8997573852539,60.2130584716797,61.4756469726562,63.51708984375,68.7311401367188,76.3802032470703,78.9384918212891,74.9933242797852,83.7244491577148,79.5058364868164,79.9725036621094,81.5903396606445,83.7825775146484,85.2102355957031,85.8209838867188,86.4390029907227,86.4315948486328,86.5867004394531,87.2821502685547,88.0248718261719,88.2786483764648,88.7025756835938,90.0978012084961,90.8728790283203,91.4756469726562,92.9915618896484,94.2657699584961,94.2337951660156,93.2118988037109,91.9204483032227,91.7366790771484,92.2106323242188,93.6349868774414,94.4174728393555,94.0348129272461,93.5255584716797,93.6775131225586,95.2582321166992,97.8648452758789,98.7763595581055,98.7626342773438,98.97265625,98.7158355712891,97.5295333862305,96.3723068237305,95.2108612060547,94.106330871582,93.1794815063477,92.7698822021484,92.5214157104492,92.5066604614258,92.5991592407227,92.6518020629883,92.6914367675781,92.8040771484375,92.7053070068359,92.5290832519531,92.435676574707,92.2075653076172,91.1272430419922,89.2311019897461,86.8036727905273,84.4876861572266,82.9882431030273,81.2280654907227,78.9703979492188,77.0012588500977,75.2086715698242,73.5842819213867,72.3004760742188,71.2328033447266,69.9606323242188,68.3103637695312,66.6200866699219,65.1977233886719,63.8008804321289,62.0628967285156,59.94384765625,57.5981330871582,56.2203102111816,54.9317016601562,55.0824928283691,57.7708778381348,58.1440849304199,56.8203468322754,55.9853553771973,59.8108444213867,50.1588287353516,50.0936470031738,50.4701347351074,50.6074142456055,58.0271682739258,63.2216606140137,70.2931900024414,67.527099609375,76.4547424316406,84.900032043457,93.1238632202148,97.9799346923828,107.609230041504,128.530731201172,137.282302856445,123.178985595703,126.171020507812,119.545700073242,120.964225769043,117.402305603027,120.006477355957,115.409805297852,118.535049438477,114.971221923828,111.094627380371,104.907913208008,99.7521133422852,95.4274520874023,90.6566390991211,84.0126190185547,85.6364822387695,90.7474365234375,96.1421966552734,91.9730834960938,88.4194030761719,88.4180145263672,86.4947738647461,83.4496307373047,88.8806457519531,87.8354797363281,94.0011901855469,97.416748046875,81.0520553588867,84.9687118530273,84.1319274902344,81.6660614013672,81.5840301513672,77.106330871582,76.9089126586914,79.6809844970703,76.8039779663086,76.2960052490234,90.3662490844727,87.9179534912109,83.6844940185547,89.5981216430664,97.0038146972656,80.868537902832,81.5085372924805,83.924674987793,83.5368576049805,80.9947280883789,89.4567642211914,92.8065490722656,92.2916107177734,92.7244338989258,93.3632888793945,93.5160827636719,93.3662490844727,93.654296875,94.0067825317383,94.7493896484375,95.888069152832,97.5191268920898,99.159797668457,100.984718322754,102.218765258789,103.043151855469,103.504730224609,95.9110565185547,74.47412109375,62.1345634460449,58.3391761779785,55.9269638061523,55.4248962402344,53.9450073242188,54.1595649719238,54.2676773071289,53.8858909606934,52.7294502258301,52.007007598877
"10",46.3949928283691,48.894718170166,49.5394744873047,48.159236907959,45.8390655517578,42.8444595336914,39.0202484130859,37.7057991027832,39.7369728088379,47.6535987854004,52.5674896240234,54.8612899780273,56.4522018432617,56.5694389343262,58.4891815185547,59.4590187072754,60.3456535339355,63.3996200561523,69.3998641967773,76.3703002929688,78.2129592895508,76.712890625,87.5468063354492,80.1484909057617,80.1396865844727,81.5932083129883,83.5309829711914,85.4240188598633,85.8432312011719,86.2767105102539,86.4861297607422,86.6853942871094,87.1478271484375,88.122428894043,88.4712982177734,88.8969268798828,90.0526809692383,91.1615905761719,92.1304168701172,93.8041915893555,94.9607772827148,95.2863464355469,95.1416625976562,94.7563018798828,95.0140991210938,94.7080307006836,95.0907821655273,94.7959365844727,93.8200607299805,93.5702362060547,94.1222457885742,95.9151763916016,98.0535202026367,98.6372909545898,99.1962051391602,100.083030700684,99.7913360595703,98.2424163818359,96.7277145385742,95.4992218017578,94.2459182739258,93.1155548095703,92.4524917602539,92.20166015625,92.4800872802734,92.6606826782227,92.7536315917969,92.8665924072266,93.1124267578125,93.1268768310547,93.1400146484375,93.145133972168,92.4097442626953,90.6583099365234,88.0974960327148,85.7153625488281,85.2081527709961,84.3713607788086,81.8058242797852,78.6778869628906,75.906379699707,73.5716171264648,71.607177734375,70.3300933837891,69.2165832519531,68.1661911010742,66.589958190918,64.9548110961914,63.5696983337402,62.5669631958008,60.8883743286133,58.8617401123047,58.5300102233887,50.9921455383301,47.9592971801758,48.7158432006836,51.0741500854492,51.4074745178223,48.9411392211914,48.2744827270508,52.3831901550293,53.3673820495605,54.5532875061035,56.5332450866699,55.0893592834473,57.4478340148926,65.3930587768555,69.0474853515625,73.8458709716797,76.4885711669922,85.7800827026367,93.0276412963867,94.7208023071289,103.408393859863,109.820037841797,114.830810546875,112.978424072266,114.289268493652,116.388580322266,118.076728820801,116.835411071777,120.011756896973,122.988906860352,115.357475280762,113.327026367188,106.54810333252,105.64623260498,100.52205657959,97.4900131225586,93.6354904174805,91.8305816650391,89.2381134033203,91.4379806518555,88.3253326416016,89.2755584716797,87.5466461181641,87.6734237670898,87.480339050293,88.0239181518555,90.9587936401367,92.1428985595703,94.1925811767578,92.089973449707,78.7591400146484,84.6053924560547,85.5466995239258,85.4663543701172,81.1931838989258,76.9472427368164,76.4432373046875,78.5878753662109,77.6106567382812,76.8125762939453,81.2107162475586,86.2066192626953,77.4636077880859,85.962272644043,96.3917617797852,94.1969375610352,79.6449966430664,81.4604797363281,82.8277435302734,80.4282989501953,83.0539627075195,94.6253433227539,92.4709930419922,92.3644866943359,93.2026519775391,93.5039291381836,93.422737121582,93.7430725097656,94.2013244628906,94.9781875610352,95.9174118041992,97.5754318237305,99.3584289550781,101.264892578125,102.629730224609,104.294563293457,103.887428283691,97.5243682861328,76.9153366088867,63.4168701171875,59.4813499450684,56.9124145507812,55.4015808105469,54.3300704956055,54.1599731445312,54.4519996643066,54.0865631103516,52.8056678771973,52.0242156982422
"11.25",46.3559226989746,49.0191116333008,49.6796989440918,48.358211517334,46.4331970214844,43.1946220397949,39.1772499084473,37.6900253295898,38.8967208862305,46.8691596984863,52.3293952941895,54.8289108276367,56.4222373962402,56.7666053771973,58.1214942932129,58.3191947937012,59.9233474731445,63.8952255249023,70.0166702270508,76.3764572143555,77.8912811279297,78.771354675293,94.938850402832,80.9032135009766,80.2018661499023,81.3167343139648,82.7976837158203,85.223747253418,85.6321868896484,85.8498001098633,86.2875518798828,86.794548034668,86.9334564208984,88.0293655395508,88.6037979125977,89.0034027099609,90.0191802978516,91.3433685302734,92.3253326416016,93.4241714477539,94.0807647705078,94.5710678100586,95.4523544311523,96.4827117919922,97.2302627563477,96.4854965209961,95.4263916015625,94.3115386962891,93.3548278808594,93.6372985839844,94.6320724487305,96.1996688842773,97.7405776977539,98.5321426391602,99.8771362304688,101.17896270752,100.888954162598,99.1975708007812,97.4013137817383,95.833610534668,94.3278350830078,93.0505981445312,92.3208770751953,92.2636642456055,92.6223602294922,92.7864532470703,92.9486389160156,93.215576171875,93.5203323364258,93.9638137817383,94.1395568847656,93.9463119506836,92.5663909912109,89.791748046875,87.1588745117188,86.8069915771484,91.5415191650391,89.4224166870117,84.5172119140625,80.2692413330078,74.9090347290039,71.3694915771484,68.9973449707031,68.1988372802734,67.1018371582031,65.7480316162109,64.3749237060547,62.9926986694336,61.7583198547363,60.6540107727051,59.6315956115723,57.0368881225586,51.113224029541,50.3084526062012,49.5310325622559,49.9268226623535,51.2190971374512,51.7443733215332,52.361930847168,52.0901412963867,53.0538482666016,54.1458015441895,58.3923988342285,60.6029586791992,55.0642242431641,57.6077423095703,64.1847152709961,67.4605560302734,67.2888565063477,73.7533569335938,89.5743560791016,95.5669631958008,100.793563842773,103.258010864258,109.239440917969,111.419372558594,117.300849914551,115.47679901123,120.917938232422,120.00870513916,119.744216918945,119.713981628418,111.766578674316,113.578437805176,110.024314880371,104.263534545898,103.715187072754,100.841598510742,99.7184982299805,96.1054840087891,90.4447250366211,90.2930374145508,90.8831558227539,88.139518737793,87.0025787353516,87.2171478271484,87.823127746582,88.7078628540039,89.9877395629883,91.0238189697266,97.0126190185547,95.9306411743164,75.9313278198242,75.9242553710938,82.63134765625,84.6026992797852,85.3544769287109,82.6099548339844,78.4334411621094,77.5171508789062,76.2743835449219,76.89404296875,76.8828353881836,85.8473587036133,92.9888763427734,78.3991088867188,82.5052261352539,96.4114761352539,91.1919021606445,77.9192428588867,79.7014999389648,81.167610168457,80.7802505493164,78.8897552490234,84.6483688354492,92.1658630371094,92.7969741821289,93.0300979614258,93.3496322631836,93.5663299560547,93.9193649291992,94.5344696044922,95.2907180786133,96.3584442138672,97.7694778442383,99.5748519897461,101.584869384766,103.071479797363,105.059783935547,94.75537109375,95.6378707885742,77.5128555297852,65.3628082275391,60.2571830749512,56.7538795471191,55.4275436401367,54.6773719787598,54.3425331115723,54.5279693603516,54.2807350158691,52.8822250366211,52.0400543212891
"12.5",46.7580490112305,49.0338973999023,49.7919425964355,48.537410736084,46.8481330871582,43.6151885986328,39.7641830444336,37.7926368713379,38.3646087646484,46.3226890563965,52.488037109375,55.0924034118652,56.3616561889648,56.6749229431152,57.7707443237305,57.4228630065918,59.3071708679199,63.5294456481934,70.1395645141602,76.3322448730469,77.8238372802734,77.9440536499023,95.8823318481445,81.5590438842773,80.4653396606445,81.0575256347656,82.260871887207,84.7563095092773,85.2769317626953,85.5188980102539,86.0039825439453,86.7410583496094,86.9969253540039,87.9269561767578,88.6910781860352,89.4516448974609,90.6293563842773,91.7472763061523,92.2541809082031,92.5873870849609,92.7577056884766,93.1247863769531,94.4345321655273,96.0070190429688,96.8317108154297,96.0615615844727,94.7136383056641,93.6261749267578,93.1900329589844,93.7522048950195,94.8750457763672,96.2868423461914,97.7373657226562,98.9617385864258,100.674789428711,101.982460021973,101.778923034668,100.086738586426,97.9319305419922,96.1503829956055,94.4250793457031,93.018196105957,92.4478607177734,92.5278701782227,92.7372131347656,92.8642730712891,93.0816040039062,93.4677047729492,94.5327758789062,95.2511444091797,95.3415145874023,94.7843322753906,92.5039138793945,89.5351409912109,90.2463760375977,94.6046524047852,111.205421447754,118.188545227051,108.882926940918,104.254600524902,87.0095520019531,75.0454711914062,68.1010818481445,64.0294342041016,63.7565422058105,66.1366653442383,65.7483291625977,64.3957366943359,63.0239562988281,62.7429809570312,58.3175010681152,52.0386047363281,54.4841651916504,53.0500564575195,52.0738067626953,51.7061805725098,51.7582511901855,52.4406089782715,54.431037902832,54.5355033874512,53.5493698120117,54.3422966003418,62.0849189758301,62.6137771606445,56.246997833252,62.7784538269043,60.7958641052246,71.4294281005859,69.9417877197266,82.6140594482422,90.0518264770508,93.1333923339844,95.7860565185547,101.535026550293,107.452362060547,110.858764648438,114.537757873535,119.67456817627,127.018081665039,127.762435913086,117.139656066895,104.368286132812,105.033302307129,114.261337280273,105.467864990234,102.298583984375,104.533958435059,100.974487304688,97.7804870605469,93.8609390258789,93.8250274658203,87.2211074829102,88.5789642333984,88.2862548828125,87.7334747314453,87.1600112915039,88.6325988769531,89.6007766723633,90.2774658203125,91.273323059082,91.0424423217773,79.6838302612305,83.4214401245117,87.5500030517578,80.8264770507812,83.2964630126953,81.2321166992188,84.0180206298828,78.7959289550781,78.8753814697266,76.0021286010742,75.566520690918,76.4750518798828,87.6012954711914,94.3545684814453,79.2453460693359,77.9517974853516,78.6954040527344,76.1395950317383,76.1657104492188,78.7063064575195,78.6375503540039,79.6358108520508,79.4821243286133,79.0779571533203,86.2066879272461,93.46728515625,93.9086837768555,93.6242980957031,93.846794128418,94.1954116821289,95.0042266845703,95.884651184082,96.5704193115234,97.9095230102539,99.750373840332,101.665702819824,103.465545654297,105.914726257324,82.6589431762695,74.9149551391602,76.2903900146484,64.8735961914062,60.0122680664062,56.6279258728027,55.9306640625,54.7801666259766,54.5084419250488,54.5294799804688,54.4759902954102,52.9562034606934,52.0547142028809
"13.75",46.5382385253906,49.0906715393066,49.9286766052246,48.733024597168,47.2686309814453,44.0130386352539,39.9860382080078,38.055965423584,37.9146385192871,45.7005310058594,52.4352760314941,54.8960037231445,56.4716606140137,56.7498664855957,57.7953796386719,56.6304969787598,58.6963119506836,63.4368171691895,71.4448165893555,76.2770538330078,77.8787078857422,71.830940246582,80.5179061889648,81.5397567749023,80.4272232055664,80.9072036743164,81.8926696777344,84.1801376342773,85.0676498413086,85.4617233276367,85.7387161254883,86.4077606201172,86.9983901977539,87.9144973754883,88.8595809936523,90.0098190307617,91.4994277954102,92.5872268676758,92.4224166870117,92.0089569091797,91.9998474121094,92.6309432983398,94.2855529785156,95.6642684936523,96.0383148193359,95.0523681640625,93.9357757568359,93.3189392089844,93.3307647705078,93.9849624633789,95.0335922241211,96.4526596069336,97.9554748535156,99.3691635131836,100.97957611084,102.402641296387,102.632499694824,100.751647949219,98.2973480224609,96.0364456176758,94.0632095336914,92.7478790283203,92.5359191894531,92.7939147949219,93.102409362793,93.1090316772461,93.3772201538086,95.2031478881836,98.9689331054688,99.7026672363281,101.842582702637,101.327331542969,98.148193359375,93.9311828613281,117.562232971191,118.698196411133,124.831504821777,125.915267944336,110.221656799316,100.985557556152,98.7273941040039,83.3059005737305,75.0266952514648,71.2142868041992,68.7733535766602,71.3029022216797,76.0356369018555,72.529541015625,72.3035354614258,58.8074340820312,56.4541511535645,56.3300971984863,55.2672958374023,54.3879585266113,53.1972427368164,51.4802093505859,51.3392295837402,51.74609375,53.6585807800293,53.928165435791,53.5766983032227,55.9080238342285,62.9396591186523,62.8847274780273,60.0474433898926,63.3634643554688,61.8979682922363,67.0589218139648,72.6849365234375,80.6273956298828,90.9433517456055,92.9347229003906,94.4660186767578,99.1537704467773,104.516372680664,109.543006896973,112.107231140137,122.458351135254,125.388236999512,126.575668334961,123.214721679688,108.251777648926,102.565437316895,104.411911010742,101.254127502441,105.140151977539,104.166160583496,99.064826965332,92.9251861572266,90.6268157958984,88.5400619506836,86.4665145874023,88.2156295776367,88.3776702880859,89.409782409668,87.9384994506836,90.4502639770508,93.0274429321289,95.8616790771484,90.990966796875,85.6652069091797,92.9913940429688,96.5844650268555,97.6048965454102,79.4226303100586,81.0109024047852,79.9527740478516,80.630615234375,78.5497436523438,78.013786315918,76.0383148193359,75.7744674682617,76.2632064819336,89.0635986328125,90.3324127197266,79.2879028320312,76.1729888916016,77.7074432373047,75.9686660766602,75.3708114624023,77.3693771362305,77.2722320556641,77.6138610839844,78.1702194213867,79.7461547851562,80.7007217407227,84.1386260986328,94.850471496582,94.4843521118164,94.3932113647461,94.627685546875,95.6822891235352,96.3285980224609,96.9022903442383,97.9702911376953,99.6636962890625,101.513092041016,104.141471862793,100.701759338379,66.0072479248047,70.8667831420898,76.4680252075195,65.7606735229492,59.9469184875488,57.2411079406738,56.5944862365723,54.7728462219238,54.7862243652344,54.5348625183105,54.6387062072754,53.0524673461914,52.0687141418457
"15",46.3873519897461,49.2654075622559,50.0818672180176,48.9707489013672,47.4298133850098,44.8676147460938,40.7618827819824,38.5774993896484,37.9203605651855,45.3919639587402,52.7483253479004,54.7167205810547,55.9599952697754,55.8916320800781,56.9968185424805,56.2410774230957,58.1475715637207,63.2559394836426,70.2169723510742,76.9092636108398,78.1381225585938,71.6099624633789,80.2032318115234,80.876838684082,80.3212738037109,80.8180313110352,81.6251602172852,83.7356414794922,84.9554214477539,85.5364379882812,85.6954193115234,86.1589660644531,87.0076675415039,87.9263305664062,89.0094528198242,90.6174545288086,92.6432952880859,93.6832962036133,93.0638732910156,92.1639633178711,92.2269897460938,93.244026184082,94.8029632568359,95.7051849365234,95.3137435913086,94.2090301513672,93.4856262207031,93.2902450561523,93.573600769043,94.1524963378906,95.1374588012695,96.5835037231445,98.1481018066406,99.6693267822266,101.462875366211,103.563926696777,103.808151245117,101.397018432617,98.4809265136719,95.9786605834961,93.8591766357422,93.0079345703125,93.0797271728516,93.4919662475586,93.4622344970703,93.9260101318359,99.3131942749023,107.01131439209,111.306243896484,112.467063903809,129.28759765625,131.747665405273,129.57487487793,126.303115844727,124.179351806641,127.2431640625,125.728668212891,121.494583129883,117.536766052246,111.602333068848,85.7315063476562,88.8103179931641,81.6285858154297,80.5205230712891,74.6867828369141,75.0296020507812,82.6067123413086,78.2136764526367,76.6602478027344,63.0722885131836,60.1603736877441,55.7718238830566,56.1529960632324,55.1023445129395,52.9989166259766,51.6843376159668,50.7737998962402,51.0262641906738,52.6052856445312,53.0741539001465,54.0125961303711,57.0718307495117,62.1138801574707,65.573974609375,58.5915946960449,63.7159423828125,59.7622032165527,65.7278137207031,68.1144180297852,75.943962097168,87.5964965820312,92.1053314208984,93.9180145263672,98.0299606323242,101.888847351074,108.665306091309,112.550170898438,127.046936035156,129.222854614258,127.231880187988,125.130317687988,119.301681518555,109.826164245605,108.583236694336,103.361740112305,103.48503112793,104.680236816406,97.0282592773438,89.5905685424805,85.4190444946289,85.1919326782227,86.7117309570312,87.6520156860352,88.0944213867188,90.2649993896484,88.4586029052734,91.6822204589844,96.5713119506836,96.9258270263672,89.2379684448242,91.2591552734375,98.2341537475586,99.984260559082,85.1433410644531,77.6470031738281,78.529541015625,78.9410171508789,80.2747573852539,77.929557800293,76.9975051879883,76.1010894775391,75.1890411376953,75.9958648681641,87.2888336181641,90.9855346679688,83.5722274780273,77.4980010986328,78.3339004516602,77.8517456054688,76.0061798095703,77.2027740478516,77.2409973144531,76.325080871582,76.0882263183594,78.4586563110352,81.185661315918,80.3442459106445,88.1077270507812,91.1885986328125,95.2710876464844,95.2893905639648,96.3135604858398,96.5907363891602,96.7662353515625,97.8853530883789,99.2587738037109,101.068130493164,103.000068664551,79.1233444213867,64.225700378418,71.7292861938477,76.3379287719727,68.0450973510742,61.9741363525391,58.3137397766113,56.6068725585938,54.7472114562988,55.1706161499023,54.6254653930664,54.7073516845703,53.1689567565918,52.0816230773926
"16.25",46.3716621398926,49.2485580444336,50.1704139709473,49.173942565918,47.8721466064453,44.6056251525879,41.2430610656738,39.0990753173828,38.3749656677246,44.9522285461426,52.4883613586426,54.510814666748,55.6001930236816,55.440731048584,55.846378326416,55.3470878601074,58.2496070861816,62.4475708007812,72.2598342895508,78.48486328125,78.2008895874023,71.527099609375,79.5680465698242,80.0911026000977,80.0635833740234,80.7706909179688,81.5550155639648,83.5184936523438,84.8208694458008,85.6332778930664,85.7712936401367,86.09130859375,87.1448135375977,88.0442276000977,89.2659225463867,91.3994445800781,94.0642776489258,94.7794647216797,93.722038269043,92.5248413085938,92.6322402954102,93.8922653198242,95.2081909179688,95.5834426879883,94.6521835327148,93.7373886108398,93.4162139892578,93.4132766723633,93.7268142700195,94.3991012573242,95.3547134399414,96.8346633911133,98.3413848876953,100.270057678223,103.110801696777,105.680389404297,105.208419799805,101.52904510498,98.12744140625,95.7794799804688,94.1028213500977,93.5977783203125,94.0015563964844,94.7917404174805,97.2189025878906,107.578559875488,118.903442382812,135.271575927734,149.61116027832,148.164321899414,147.981796264648,157.429168701172,151.015197753906,146.659133911133,141.506164550781,133.432418823242,120.939384460449,120.908546447754,119.3330078125,117.748817443848,89.7453689575195,79.3016510009766,77.7288970947266,73.8242874145508,77.6077346801758,78.3686676025391,81.6589813232422,74.4646072387695,68.7515106201172,62.4528388977051,58.7331237792969,55.8953971862793,54.7987480163574,52.86083984375,50.747257232666,49.9742736816406,49.9460563659668,50.2399253845215,51.2201995849609,52.13427734375,54.1261024475098,56.0719871520996,58.4981918334961,58.8338851928711,56.8891181945801,61.8409767150879,62.5447845458984,65.2742385864258,71.8609466552734,76.9208831787109,86.6828918457031,89.6739959716797,95.2787170410156,98.6659317016602,100.094451904297,112.877258300781,122.447715759277,124.767791748047,135.32633972168,123.931198120117,114.382255554199,112.592697143555,113.358863830566,109.841285705566,104.18212890625,100.777793884277,103.644058227539,96.2623672485352,89.4127044677734,83.1999053955078,83.5913543701172,86.0495071411133,87.2575988769531,87.9121017456055,89.4945297241211,91.2755355834961,91.4073181152344,92.5984115600586,89.1333160400391,88.3871841430664,95.1604766845703,98.1412811279297,85.8957138061523,79.4965133666992,77.1641082763672,75.9939117431641,78.324104309082,77.9651794433594,77.8371810913086,78.9817047119141,76.4297561645508,74.680534362793,75.3536605834961,83.6195373535156,88.3016738891602,88.3774490356445,80.9247894287109,82.4385833740234,78.4753341674805,77.5302047729492,76.9657135009766,77.0191802978516,76.2363510131836,76.3453598022461,77.7017364501953,78.7800827026367,81.7294082641602,78.9691772460938,79.8846054077148,94.111442565918,96.1715469360352,96.5154724121094,96.2524108886719,96.4604797363281,97.3575210571289,98.4185485839844,100.33561706543,94.5368499755859,71.8395538330078,64.1838226318359,65.1038055419922,75.5157928466797,67.4755401611328,61.6730575561523,58.1404457092285,56.6331787109375,55.0106506347656,55.3610572814941,54.8274459838867,54.7173194885254,53.2822723388672,52.093692779541
"17.5",46.3966255187988,49.2366561889648,50.298900604248,49.6079216003418,48.2501983642578,45.9891815185547,42.3378944396973,40.1033134460449,39.1769790649414,45.0850486755371,52.7552146911621,54.0789566040039,55.1617660522461,55.1407432556152,54.4707489013672,54.9130210876465,57.6602745056152,63.4720153808594,71.7323684692383,78.7808303833008,78.2424392700195,72.4005279541016,79.1550827026367,79.0591583251953,79.6844635009766,80.7314529418945,81.6829223632812,83.46728515625,84.5763320922852,85.4996185302734,85.6150054931641,86.0405426025391,87.213508605957,88.2474212646484,89.7758483886719,92.5493545532227,95.6091613769531,95.6345062255859,94.0085906982422,92.4358749389648,92.5116806030273,93.7909317016602,95.1359176635742,95.1105880737305,94.0362777709961,93.4399948120117,93.4770202636719,93.6727600097656,93.9546890258789,94.5963439941406,95.7311935424805,97.1486358642578,98.5807418823242,101.239730834961,105.027587890625,107.108894348145,105.475769042969,101.008102416992,97.4930877685547,95.4950866699219,94.778678894043,95.4504013061523,99.5567321777344,110.409515380859,102.993209838867,129.387435913086,143.131683349609,142.968856811523,150.887710571289,149.228561401367,146.815841674805,134.512466430664,129.235412597656,133.100280761719,123.041603088379,125.425605773926,123.455429077148,123.534744262695,121.654258728027,118.003265380859,98.2261657714844,87.9571685791016,82.959114074707,72.0982437133789,69.3549728393555,66.635139465332,64.6843032836914,63.3614807128906,60.6983261108398,58.935375213623,56.0855331420898,53.5697021484375,51.6412010192871,49.8539772033691,49.5482139587402,49.2001152038574,49.4654350280762,49.6231422424316,50.2441825866699,51.6787986755371,54.0419883728027,54.0905303955078,54.0524101257324,54.1630210876465,57.5434150695801,57.923999786377,62.3463287353516,64.5927810668945,65.4589614868164,72.3426284790039,82.3189926147461,88.1998291015625,95.6181793212891,101.234977722168,107.563934326172,109.210990905762,124.383316040039,141.572891235352,132.648956298828,134.579666137695,113.611190795898,112.285789489746,108.037040710449,115.719139099121,115.522216796875,112.022888183594,99.305305480957,94.5670852661133,88.031364440918,82.6430969238281,83.3778457641602,85.4713439941406,87.0201110839844,88.1832122802734,88.9575881958008,89.8279800415039,91.8793487548828,90.0506210327148,90.3271942138672,92.5908508300781,97.0747680664062,94.1018753051758,82.0708312988281,80.8983001708984,77.1715393066406,77.8372039794922,76.8162689208984,78.1804733276367,77.204345703125,77.6128463745117,76.9324951171875,75.1611480712891,75.1383895874023,76.6993103027344,85.832633972168,87.6375274658203,88.6612777709961,87.746940612793,83.2023849487305,78.0450668334961,81.2317199707031,88.5454635620117,81.2615814208984,76.548957824707,76.8388290405273,77.5094375610352,80.4872970581055,81.8204727172852,79.4673614501953,91.4619140625,97.2159576416016,96.1194305419922,95.6416397094727,95.8327102661133,96.5058517456055,97.4262542724609,99.4343185424805,92.4334335327148,88.3967056274414,64.432991027832,65.4858779907227,77.0467300415039,67.6852264404297,61.4091835021973,58.0231170654297,56.5437355041504,55.779857635498,55.3777160644531,55.0600891113281,54.7259216308594,53.3839950561523,52.1049423217773
"18.75",46.7997169494629,49.1056175231934,50.3101043701172,49.6609840393066,48.7627143859863,46.5730590820312,43.3637542724609,40.7745704650879,40.2724571228027,45.3873481750488,52.3284721374512,53.487850189209,54.9301834106445,54.8733825683594,54.0293807983398,54.3551979064941,57.0632820129395,64.0137557983398,71.6043090820312,78.5134658813477,77.2406539916992,73.3896484375,81.3177947998047,78.0009384155273,79.5556793212891,80.7313842773438,81.6993026733398,83.6138610839844,84.4467468261719,85.1043395996094,85.3855514526367,85.9739303588867,87.3029861450195,88.5100173950195,90.5780181884766,93.9091567993164,96.9008407592773,96.1128158569336,94.0955963134766,92.2282028198242,92.143928527832,93.6331253051758,94.8882293701172,94.6545104980469,93.6901702880859,93.4997177124023,93.7908020019531,93.9639358520508,94.1783599853516,94.940071105957,96.1326065063477,97.4943542480469,98.9653091430664,102.027778625488,105.933464050293,107.422065734863,105.161079406738,100.398170471191,96.8620681762695,96.7035064697266,105.683242797852,113.243026733398,119.841285705566,130.445175170898,128.733932495117,131.589248657227,145.760284423828,147.353210449219,144.458557128906,146.58625793457,146.331954956055,143.999084472656,130.235610961914,129.018859863281,121.345527648926,118.013153076172,116.290092468262,102.992286682129,103.64298248291,97.8147964477539,95.8360290527344,87.5871887207031,80.5305023193359,74.5047912597656,70.0000762939453,65.6710205078125,63.8353576660156,61.6037254333496,59.2287712097168,59.288402557373,54.824104309082,52.499626159668,50.224681854248,49.7216491699219,50.1232681274414,49.8475112915039,49.8130493164062,49.7091865539551,49.8953742980957,51.2235488891602,52.8475341796875,52.1639289855957,52.6080551147461,52.9772758483887,52.8680953979492,56.8250999450684,61.7519989013672,63.7139663696289,70.0086517333984,69.8292770385742,80.5477447509766,90.5118942260742,98.8098526000977,105.700775146484,101.710227966309,106.432037353516,132.390594482422,134.124114990234,130.823318481445,133.983764648438,121.289169311523,111.630233764648,106.287788391113,105.175025939941,106.197723388672,96.0459976196289,94.6173095703125,89.5760879516602,85.1494445800781,83.1113815307617,84.4050827026367,86.2232284545898,87.5023651123047,88.3069534301758,89.1386260986328,89.693244934082,91.4043197631836,94.2198715209961,98.6908569335938,102.838775634766,107.691917419434,85.3970565795898,80.4526214599609,78.7445373535156,78.0195999145508,79.0937652587891,79.6865463256836,78.1732940673828,80.6250762939453,79.5453186035156,78.1710510253906,75.8879699707031,75.6411743164062,77.6259994506836,86.492561340332,86.9652252197266,87.6467971801758,87.2486419677734,88.4806671142578,87.8390197753906,90.4458236694336,89.6981735229492,91.3661117553711,84.9602279663086,76.9536972045898,76.9958953857422,79.7138748168945,80.0377426147461,80.5927734375,84.577751159668,93.4940643310547,95.6307067871094,95.0231323242188,95.3568572998047,95.9078063964844,96.7414932250977,98.5887222290039,99.0721893310547,96.2102890014648,64.3358383178711,73.5961685180664,76.9425735473633,69.1774368286133,62.4007987976074,58.4806480407715,57.3988723754883,56.1966361999512,55.3691940307617,55.3381652832031,54.7354621887207,53.4907913208008,52.1153221130371
"20",46.5305099487305,49.1423835754395,50.516731262207,49.8672981262207,48.7434616088867,47.1106910705566,44.1553192138672,41.8561897277832,41.3346557617188,45.8553161621094,51.877986907959,53.0020484924316,54.5838394165039,55.0096206665039,53.629566192627,54.9823837280273,57.454963684082,64.1017074584961,72.3587951660156,77.2984924316406,75.2649078369141,72.2532043457031,82.7773513793945,77.5927047729492,79.7327041625977,80.8949279785156,81.7365036010742,83.5992279052734,84.3162689208984,84.7649612426758,85.1883087158203,86.055793762207,87.5460739135742,89.0307998657227,91.6708831787109,95.5932235717773,97.8804550170898,96.4670181274414,94.3545608520508,92.5436859130859,92.4601974487305,93.9104614257812,94.8566207885742,94.3284378051758,93.6703109741211,93.8542861938477,94.2021026611328,94.168098449707,94.4419479370117,95.2633056640625,96.4969329833984,97.8593139648438,99.0784225463867,102.083305358887,105.795394897461,106.999206542969,104.916839599609,100.11141204834,96.1319580078125,97.2926940917969,105.087699890137,122.112533569336,132.609786987305,137.39729309082,140.470642089844,137.240188598633,142.00651550293,138.940216064453,137.085708618164,137.363540649414,135.223419189453,133.863739013672,129.988235473633,123.972816467285,117.52783203125,114.078514099121,114.42733001709,101.29369354248,99.0033950805664,104.107765197754,99.6190338134766,91.0448455810547,79.6625137329102,74.8963088989258,72.5255661010742,67.1600341796875,64.8552398681641,61.8687744140625,58.7452049255371,56.510669708252,53.2367820739746,51.0607604980469,50.2807502746582,50.4402198791504,50.9787216186523,50.7436981201172,50.0753631591797,49.8088760375977,50.1154747009277,50.2631797790527,51.112491607666,51.5835342407227,51.8771018981934,52.9014472961426,52.7278633117676,55.5869979858398,58.6070442199707,59.8111305236816,63.3125038146973,68.7530899047852,72.7593994140625,84.1659698486328,96.5128707885742,107.670722961426,108.266036987305,116.53995513916,115.968742370605,117.092697143555,117.628120422363,114.359924316406,117.965950012207,112.111373901367,100.36353302002,100.099182128906,97.0244445800781,94.3993225097656,89.3286514282227,86.3619384765625,77.1199951171875,84.0596008300781,87.2017059326172,88.5797653198242,88.576042175293,88.8430709838867,89.3317260742188,89.6979598999023,91.7340698242188,94.0994873046875,89.5612258911133,90.4657592773438,87.9352111816406,83.3612518310547,80.2541427612305,79.4272613525391,80.1956939697266,80.4951095581055,79.262336730957,79.7339019775391,81.3607940673828,79.1148300170898,77.7773895263672,75.8105850219727,75.8983154296875,78.2551956176758,89.048713684082,87.7959671020508,88.2464599609375,87.8382186889648,88.4469680786133,90.0133056640625,89.3610916137695,89.23779296875,91.2641677856445,89.1288070678711,80.7904281616211,77.6513671875,77.7695846557617,77.5613479614258,79.317512512207,78.3248062133789,97.0863800048828,95.3223571777344,94.6349258422852,94.9850006103516,95.6459732055664,96.401008605957,97.9059753417969,98.7362823486328,90.7644577026367,68.1379623413086,70.8807525634766,74.435173034668,68.5664291381836,63.1743011474609,59.582405090332,57.9559288024902,56.1669998168945,55.3493804931641,55.670467376709,54.743782043457,53.574649810791,52.1254692077637
"21.25",46.8818740844727,49.1818389892578,50.6537208557129,50.211051940918,49.3839836120605,47.5352020263672,45.170539855957,42.910400390625,42.7389259338379,46.9228286743164,51.7082176208496,52.4718894958496,54.6532974243164,54.8925437927246,54.3607177734375,54.9026336669922,57.4851264953613,64.6496810913086,73.1204452514648,76.6897659301758,74.2922210693359,71.7071533203125,83.1709671020508,77.7963104248047,79.7238388061523,80.717658996582,81.22607421875,82.9498138427734,84.2721099853516,84.8049163818359,85.1855392456055,86.178596496582,88.0694351196289,89.7148056030273,92.9127578735352,97.437873840332,98.6778869628906,96.8889083862305,94.8507232666016,93.322021484375,93.1656188964844,94.2042922973633,94.832389831543,94.3029098510742,94.0065994262695,94.3734359741211,94.607292175293,94.4425048828125,94.5988006591797,95.4496383666992,96.7582855224609,97.86962890625,98.9393310546875,101.622581481934,104.979064941406,106.382125854492,104.80281829834,99.9835205078125,95.2913589477539,98.8657684326172,112.450653076172,127.709526062012,133.581954956055,137.399948120117,138.49934387207,133.204742431641,133.913925170898,131.242874145508,132.800231933594,133.268737792969,129.236053466797,127.493858337402,124.298835754395,119.986152648926,117.182914733887,116.711936950684,105.305389404297,94.9272003173828,108.649131774902,105.548606872559,102.213012695312,91.7398300170898,80.5885009765625,77.7970581054688,72.0074234008789,65.8291931152344,65.4584503173828,62.3968162536621,59.0076866149902,55.3009872436523,52.3023910522461,50.9632873535156,50.9030914306641,50.9161071777344,51.1553764343262,50.4949645996094,49.7270965576172,49.3702049255371,49.6366157531738,49.7919273376465,50.4927825927734,51.6876678466797,52.0394821166992,53.3932952880859,54.5705184936523,54.5598678588867,60.4679069519043,64.2402725219727,68.2450256347656,72.4862976074219,77.6607894897461,86.0123748779297,105.342208862305,113.747688293457,114.036994934082,125.485160827637,120.44947052002,118.757675170898,120.07967376709,114.965667724609,106.127304077148,101.580917358398,98.4107360839844,99.0018157958984,97.6774291992188,96.2450180053711,90.4016952514648,83.1643295288086,83.850212097168,85.8492279052734,92.695930480957,91.0045013427734,89.5041122436523,89.036865234375,91.1594924926758,92.3906021118164,90.6535415649414,86.3392791748047,86.5156478881836,87.6021957397461,84.956184387207,83.2049713134766,80.1778945922852,78.6730422973633,80.0389022827148,78.9790496826172,80.0569458007812,77.9097671508789,80.1053466796875,79.2426071166992,77.4629745483398,76.8932495117188,76.8144149780273,77.3991622924805,80.8877182006836,86.8814086914062,86.0254211425781,89.661018371582,89.3855133056641,85.6233978271484,82.7702560424805,83.0416946411133,86.4844512939453,92.818717956543,94.3385314941406,76.3626403808594,76.7737731933594,76.8434524536133,78.0061645507812,79.8836135864258,92.1856689453125,95.4130706787109,94.3790435791016,94.7269058227539,95.539665222168,96.1275253295898,97.0843505859375,97.8252258300781,85.6165466308594,79.1872024536133,70.1849899291992,74.8717193603516,68.1150588989258,62.8598670959473,59.3920211791992,57.8718070983887,56.1341361999512,55.4482879638672,55.9597282409668,54.7520523071289,53.610725402832,52.1346740722656
"22.5",46.3653831481934,48.8498229980469,50.7260704040527,50.4039688110352,50.1332588195801,48.2601890563965,46.3430328369141,43.8079605102539,43.7321357727051,47.9797706604004,51.3892593383789,52.2660942077637,54.6374702453613,55.0197639465332,54.529483795166,55.2205772399902,57.5115661621094,64.5897674560547,73.0866317749023,77.5928649902344,75.2577743530273,71.8107070922852,82.8490371704102,77.6931915283203,79.680793762207,80.6869049072266,81.0013198852539,82.5825347900391,84.6789779663086,85.4503707885742,85.5255584716797,86.4532089233398,88.4527587890625,90.5312042236328,94.5758361816406,99.2443237304688,99.5455093383789,97.7237701416016,95.5639495849609,94.1508102416992,93.9738616943359,94.5435485839844,94.8623733520508,94.5051574707031,94.5339279174805,94.8789978027344,94.9508972167969,94.6856307983398,94.7686767578125,95.5757675170898,96.7987899780273,97.75439453125,98.6430358886719,100.823165893555,103.546234130859,105.057876586914,104.322959899902,100.531059265137,95.0217590332031,93.5460891723633,102.778045654297,122.463012695312,131.768020629883,130.403091430664,133.299499511719,130.935836791992,129.849334716797,129.826065063477,132.106109619141,128.191650390625,124.698097229004,106.855430603027,117.114593505859,123.631370544434,115.081184387207,117.103149414062,121.623954772949,118.55313873291,111.969551086426,100.253265380859,79.9783554077148,74.7072830200195,68.9749908447266,78.179817199707,72.4670257568359,73.4088897705078,63.906005859375,61.3673820495605,59.0297470092773,55.8864440917969,52.4774322509766,51.7151832580566,51.7551612854004,51.6306266784668,50.8834190368652,50.4727783203125,49.8212432861328,49.3886108398438,49.7229843139648,50.0387725830078,50.7569923400879,51.81787109375,53.1083526611328,54.7918968200684,59.515064239502,59.9701614379883,63.6318473815918,63.8807601928711,69.7501449584961,77.232421875,82.3272247314453,96.1954193115234,108.587249755859,116.70679473877,122.388427734375,124.376167297363,122.612922668457,118.49732208252,119.199401855469,114.360038757324,109.831184387207,109.085235595703,97.2378845214844,92.2612762451172,89.542724609375,87.2821960449219,86.2950973510742,85.4451599121094,89.0345306396484,84.8345336914062,85.5740509033203,91.8093719482422,90.1783218383789,89.493278503418,93.2699737548828,90.9451599121094,87.9962310791016,88.6374664306641,91.3388137817383,92.3914337158203,85.2895889282227,80.2968597412109,77.7290267944336,77.6985549926758,77.8831100463867,78.3246002197266,80.9006042480469,78.0274047851562,79.6664505004883,78.8424606323242,78.1350555419922,78.1648101806641,77.1892242431641,77.13427734375,78.6084136962891,78.6837463378906,79.552490234375,91.6910171508789,90.9084243774414,88.1881256103516,77.8450775146484,76.1736602783203,78.6183090209961,93.0598831176758,93.2595748901367,82.6308746337891,76.2971801757812,77.0114593505859,77.8655624389648,79.4252777099609,84.572265625,95.8311309814453,94.3092956542969,94.3203125,95.4098434448242,95.9421539306641,96.2494812011719,96.9668121337891,80.6863555908203,85.8958358764648,69.0446090698242,75.5650863647461,68.3983306884766,62.7087554931641,59.2635269165039,57.8027000427246,56.0862464904785,55.9403038024902,55.9819602966309,54.8474655151367,53.616039276123,52.1438865661621
"23.75",46.7380142211914,49.1416931152344,50.8787002563477,50.5483016967773,50.5041618347168,49.2206687927246,47.4131507873535,44.856803894043,44.7347106933594,48.8805732727051,51.6687049865723,52.099308013916,54.5563697814941,55.4547386169434,54.5999946594238,55.143383026123,57.3884468078613,63.6544990539551,72.2733993530273,78.3156967163086,75.7457580566406,70.2086334228516,82.7010269165039,77.6985778808594,79.7083740234375,80.5022583007812,80.5617752075195,82.3216018676758,85.0169448852539,86.237419128418,86.6694183349609,87.1194152832031,88.9494476318359,91.733512878418,96.9015731811523,100.832427978516,100.404342651367,98.6638946533203,96.394889831543,94.9188079833984,94.808464050293,95.0368576049805,95.2242431640625,95.0616836547852,95.3281478881836,95.566162109375,95.4244842529297,94.9825592041016,94.9404678344727,95.6274566650391,96.619255065918,97.4095077514648,98.2845458984375,100.075172424316,101.757759094238,102.760177612305,102.822746276855,100.608390808105,95.167350769043,91.762336730957,89.2216186523438,111.457534790039,115.94344329834,117.814346313477,121.845260620117,123.873062133789,124.938598632812,124.028594970703,129.874237060547,123.664588928223,119.545837402344,113.105583190918,119.330558776855,120.872856140137,120.834381103516,114.201011657715,123.271560668945,122.73274230957,111.576370239258,105.74382019043,102.570259094238,92.9634780883789,82.6643829345703,74.1388397216797,65.6830520629883,63.8351135253906,62.8974266052246,60.3154487609863,58.4421501159668,56.4018249511719,53.0156059265137,52.5612297058105,52.0180511474609,51.3954887390137,50.7303771972656,50.2151374816895,49.7291069030762,49.1785774230957,49.4971694946289,50.2391548156738,51.1824150085449,52.0756874084473,54.8510246276855,55.4282455444336,65.1396865844727,60.6837921142578,64.610481262207,65.1603317260742,69.8374099731445,79.2174072265625,89.1895980834961,102.183769226074,112.786628723145,108.416114807129,112.815620422363,118.015213012695,119.039344787598,119.497169494629,117.127388000488,115.775024414062,111.391845703125,109.26099395752,109.008964538574,110.04362487793,100.902450561523,91.0195999145508,86.8710403442383,84.4004440307617,90.9408187866211,86.3183517456055,89.8499069213867,90.7944946289062,91.3057327270508,90.8079528808594,91.994987487793,93.785285949707,88.9345016479492,95.7043533325195,103.261138916016,92.6416702270508,85.2385940551758,83.1584014892578,83.8399505615234,79.6733779907227,79.1661071777344,80.2780303955078,79.5649261474609,78.7543106079102,78.3930892944336,78.9544525146484,79.4077301025391,80.0421371459961,79.319221496582,78.9552307128906,78.7356109619141,78.2169876098633,78.630256652832,88.6559982299805,87.0744476318359,91.4665145874023,76.2009735107422,75.635871887207,75.4875869750977,82.5607681274414,90.1068572998047,85.922492980957,75.6960983276367,77.0475692749023,76.6461715698242,78.5610961914062,78.4683227539062,95.0901565551758,94.4614639282227,94.1492691040039,95.3626937866211,95.8218994140625,95.6360702514648,96.0883255004883,89.6830902099609,89.3481063842773,66.9316558837891,73.8760833740234,67.9813690185547,63.7480850219727,59.5587310791016,57.7183113098145,56.2901191711426,56.7291450500488,55.9722709655762,54.9722671508789,53.6134147644043,52.1523475646973
"25",46.4124717712402,49.2429313659668,50.89501953125,50.8155975341797,50.5416145324707,49.589527130127,48.4739990234375,45.7013931274414,45.7118759155273,49.413875579834,51.5260429382324,51.8527069091797,54.28369140625,54.7820358276367,53.3684310913086,55.515079498291,57.8232688903809,62.4531517028809,71.8042984008789,78.4571380615234,75.802001953125,69.3416137695312,83.2209548950195,77.7850036621094,79.7393417358398,80.2723159790039,80.3720779418945,81.9494018554688,84.9138870239258,86.4440460205078,87.4621429443359,88.0567626953125,89.6956634521484,93.6379623413086,100.642860412598,102.515121459961,101.333381652832,99.726318359375,97.5463180541992,95.9535827636719,95.8440475463867,95.6731796264648,95.7429428100586,95.8083038330078,96.2434539794922,96.2668075561523,95.7857818603516,95.1452941894531,95.0554885864258,95.6386260986328,96.4254837036133,97.0689010620117,97.9089126586914,99.4089660644531,100.211067199707,100.499481201172,100.619728088379,99.7457504272461,95.077018737793,90.5398941040039,85.9637222290039,94.3743057250977,107.760612487793,110.799766540527,109.504951477051,109.523765563965,110.757392883301,110.685432434082,109.88996887207,117.767593383789,104.967628479004,112.143188476562,111.502166748047,119.767631530762,114.426933288574,124.062431335449,125.144134521484,122.692329406738,118.133689880371,114.179695129395,106.364288330078,95.7160797119141,85.2823333740234,76.9910354614258,67.5350570678711,68.3823165893555,67.6988906860352,61.1561698913574,64.2981796264648,56.9751014709473,54.3657417297363,53.4103965759277,52.4239234924316,51.6675338745117,51.0306739807129,50.1437530517578,49.6217918395996,49.3484115600586,49.2784843444824,50.4190483093262,51.6311302185059,53.2736434936523,56.0927810668945,56.8325309753418,61.3449897766113,61.1572799682617,59.3952102661133,61.7662353515625,68.9501266479492,81.8747100830078,95.5920333862305,105.195823669434,111.813262939453,105.072311401367,105.076873779297,108.565361022949,114.704521179199,115.086486816406,115.127532958984,116.806182861328,112.459465026855,112.459968566895,107.307708740234,99.4399795532227,99.9728546142578,87.9009780883789,85.8532867431641,88.7179107666016,91.9957275390625,89.1002197265625,89.9449615478516,89.9858779907227,92.1081848144531,89.5632781982422,90.2447204589844,91.3975830078125,92.7477188110352,94.2141571044922,97.7849197387695,96.7248992919922,86.3044509887695,85.0003051757812,82.4001998901367,78.1349258422852,81.2172164916992,81.8592681884766,81.790885925293,80.6811904907227,79.2548217773438,80.5038299560547,79.3489761352539,80.1030960083008,79.834114074707,79.4747467041016,79.5276565551758,78.3689727783203,77.8465728759766,76.9765930175781,78.070182800293,89.6721343994141,76.2854843139648,75.8539505004883,75.0237884521484,76.1413269042969,79.4517669677734,77.9794692993164,76.0324935913086,75.8376770019531,76.2530746459961,77.8857574462891,78.3339309692383,90.6368942260742,94.7422866821289,94.3059387207031,95.5362930297852,96.0072174072266,95.5226593017578,95.3451461791992,93.9891891479492,89.5356292724609,74.439567565918,74.5803070068359,67.4590530395508,63.6014862060547,60.508674621582,58.9892578125,57.8737144470215,56.8835563659668,55.9640274047852,55.1204032897949,53.6090545654297,52.1602478027344
"26.25",46.3764266967773,49.3447608947754,51.0218276977539,51.0049438476562,50.9969863891602,50.2639045715332,49.4617462158203,46.7955131530762,46.6456527709961,50.0003318786621,51.5242805480957,52.074031829834,54.1508483886719,55.124698638916,53.0241622924805,54.9581985473633,58.2729759216309,61.3332023620605,71.785041809082,78.5349044799805,74.5019836425781,70.2503433227539,85.5949478149414,78.0714569091797,79.675048828125,80.2506637573242,80.4462432861328,81.5978775024414,84.6006851196289,86.5515594482422,88.1223526000977,88.8525695800781,90.4894561767578,96.2781448364258,104.080200195312,103.782012939453,102.224891662598,100.609481811523,98.6691589355469,97.1597518920898,96.9244689941406,96.3428421020508,96.2205047607422,96.583869934082,96.9549713134766,96.6430511474609,95.7816925048828,95.1548690795898,95.1127243041992,95.6686325073242,96.2859649658203,96.8504180908203,97.636604309082,98.8868560791016,99.0849914550781,98.9395751953125,98.9935455322266,98.465705871582,94.6935272216797,89.8529281616211,85.0315017700195,84.4492645263672,93.2803802490234,97.1022262573242,104.273025512695,100.22087097168,99.9195861816406,100.239952087402,102.845321655273,104.740036010742,111.751564025879,106.871490478516,115.052536010742,119.049468994141,117.598152160645,121.993957519531,123.145767211914,110.387023925781,120.224510192871,108.463066101074,100.258750915527,95.3900756835938,85.6334609985352,78.6765441894531,68.0331192016602,68.9270172119141,63.1876754760742,59.0488090515137,57.2402381896973,56.6975288391113,55.4334945678711,54.8305168151855,54.0572624206543,53.9630126953125,53.118724822998,51.8728523254395,50.2279357910156,50.1018142700195,50.304256439209,51.5244674682617,52.7331848144531,55.9150161743164,55.5044479370117,56.9589157104492,65.6749877929688,60.7280082702637,60.5627021789551,61.652759552002,71.6980819702148,83.028694152832,98.487174987793,107.844360351562,111.694320678711,105.775115966797,104.178108215332,108.605087280273,111.840202331543,113.140151977539,114.873840332031,112.43229675293,111.843078613281,108.384918212891,98.4552917480469,91.5690078735352,89.5548248291016,88.3471145629883,88.5196762084961,90.2876586914062,88.7889709472656,89.2135772705078,89.5338745117188,89.6180114746094,90.5947265625,90.8606643676758,91.3438949584961,92.9300079345703,93.80517578125,93.834846496582,93.3456878662109,90.7686157226562,82.0291976928711,81.4553833007812,80.8937454223633,81.91064453125,80.9924621582031,81.2630615234375,80.9314804077148,81.1295318603516,81.4414367675781,81.523323059082,80.237663269043,79.0784454345703,79.8816223144531,79.8901596069336,79.6707153320312,77.6399765014648,77.512565612793,76.9386215209961,76.3104019165039,77.0180206298828,76.4918518066406,75.5921325683594,74.9778137207031,75.2191314697266,75.5173721313477,75.8232803344727,76.0948181152344,76.4467163085938,76.422233581543,77.5290451049805,77.5295257568359,92.508056640625,94.9699783325195,94.6513595581055,95.5610580444336,96.1850280761719,95.8004608154297,94.9477996826172,92.9491195678711,90.0329360961914,84.9269104003906,74.8259582519531,67.6177139282227,63.2426452636719,60.3158950805664,59.1500587463379,57.9200096130371,56.8437614440918,55.9225692749023,55.2930297851562,53.6065788269043,52.1686973571777
"27.5",46.7959442138672,49.3872146606445,51.0646095275879,51.1158409118652,51.5023422241211,50.8572235107422,50.3378028869629,47.7932968139648,47.603645324707,50.3878021240234,51.6922798156738,51.905704498291,53.5586853027344,54.4877891540527,52.7980766296387,55.2583236694336,58.7596588134766,61.6890068054199,71.9155349731445,78.4326019287109,75.2830505371094,71.1984329223633,90.5548858642578,79.0561218261719,79.5136337280273,80.4335556030273,80.4694900512695,81.415283203125,84.1368942260742,86.7350234985352,88.7078018188477,89.5289459228516,91.1650619506836,97.8505630493164,104.949600219727,104.092300415039,102.533180236816,101.062149047852,99.4967193603516,98.1328277587891,97.6969375610352,96.8986511230469,96.6486434936523,97.0088043212891,97.1712341308594,96.5767822265625,95.5332183837891,94.8896179199219,95.0090484619141,95.6614608764648,96.2048187255859,96.8124160766602,97.7651443481445,98.5471801757812,98.2120895385742,97.8074111938477,97.4248428344727,97.0077743530273,94.1740646362305,89.4301147460938,84.6267242431641,78.5989456176758,88.943977355957,92.9790115356445,91.9520721435547,91.0117263793945,86.8991470336914,95.5192489624023,94.972785949707,105.450263977051,106.261390686035,110.02855682373,115.681343078613,120.539360046387,122.190948486328,125.295600891113,128.188903808594,127.360549926758,117.878341674805,121.506698608398,100.544654846191,96.9917068481445,91.9821166992188,88.5602264404297,78.3291320800781,78.7231750488281,71.8921356201172,67.5578842163086,56.7044563293457,56.5915412902832,56.7064476013184,56.8277740478516,58.6394081115723,58.3491821289062,57.6972885131836,55.8228607177734,51.3786582946777,51.2911720275879,52.0495758056641,52.9696731567383,54.1351661682129,56.7112236022949,55.2118492126465,55.3913536071777,56.6784172058105,57.0287017822266,58.3445167541504,62.2653160095215,71.9142608642578,84.7219009399414,96.1219177246094,103.575714111328,109.715682983398,106.003860473633,105.878715515137,105.425842285156,108.34253692627,110.534767150879,105.338973999023,107.689956665039,106.477081298828,103.914474487305,100.331878662109,95.8471755981445,98.9638595581055,93.755859375,88.3699798583984,91.7303085327148,86.1245346069336,90.3222427368164,89.1399612426758,89.1508102416992,89.2006988525391,89.8267288208008,92.8840637207031,95.4351043701172,90.4662475585938,91.8994064331055,85.8679275512695,78.0465698242188,79.7179489135742,83.0024185180664,82.3532943725586,84.4477233886719,84.2204284667969,82.9533386230469,83.2353439331055,84.2829742431641,82.2646255493164,82.290901184082,79.8157196044922,79.1706390380859,80.2699203491211,79.2909774780273,79.3942642211914,78.2618408203125,76.970817565918,76.7215576171875,75.8099670410156,76.2164764404297,75.3135299682617,74.8691101074219,75.0370101928711,75.5813980102539,76.2763137817383,76.174919128418,76.2286682128906,76.6387405395508,76.7256469726562,78.1131439208984,77.4448547363281,90.7314682006836,94.8565063476562,95.0542602539062,95.7082672119141,96.3533477783203,95.9938354492188,94.8237686157227,92.5236968994141,90.3690872192383,85.4040832519531,75.7012252807617,67.2569808959961,63.3946876525879,60.1313514709473,59.0269775390625,57.8747138977051,56.7773056030273,55.9160575866699,55.5132942199707,53.6120719909668,52.175952911377
"28.75",46.817699432373,49.2548484802246,50.9037132263184,51.3207969665527,51.6933631896973,51.217212677002,51.2414054870605,48.7783699035645,48.4382629394531,50.5682907104492,51.5267639160156,52.3359413146973,52.8516883850098,53.9254608154297,52.4749870300293,55.5972785949707,59.2310371398926,61.6650657653809,70.9821624755859,76.0777130126953,73.9678268432617,69.452507019043,87.1839218139648,80.5072937011719,79.1688461303711,80.369514465332,80.4120788574219,81.4326629638672,84.0209503173828,86.9670486450195,89.2402496337891,90.2788009643555,91.7539367675781,97.8272705078125,104.081703186035,103.522964477539,102.176261901855,100.90323638916,99.7894134521484,98.6591339111328,97.9662704467773,97.0855712890625,96.7588119506836,97.1026458740234,97.0843658447266,96.1643981933594,95.0933837890625,94.5253448486328,94.7350311279297,95.4873580932617,96.1379699707031,97.0159606933594,97.9465026855469,98.2308654785156,97.5657348632812,96.6726608276367,95.5078811645508,95.2566452026367,93.7029571533203,89.8402633666992,84.7875823974609,80.0233001708984,79.8869552612305,87.3714904785156,89.0092391967773,86.658805847168,83.5239334106445,89.2087860107422,85.463752746582,97.6624984741211,103.919822692871,102.173889160156,107.50220489502,116.620872497559,123.561141967773,126.460029602051,126.915374755859,127.66862487793,112.053855895996,122.015068054199,120.839599609375,106.67115020752,99.5236434936523,98.1145553588867,82.9468841552734,86.2018661499023,68.6187896728516,70.3173675537109,59.7261428833008,60.0826454162598,60.9150848388672,61.7120361328125,66.7449264526367,65.9892044067383,64.5995101928711,61.9789924621582,57.024097442627,55.8035507202148,55.836109161377,55.7387924194336,55.6275062561035,55.3164710998535,54.6217155456543,54.4036178588867,54.8664207458496,56.2663688659668,57.4434013366699,60.7197341918945,66.6576614379883,77.9589309692383,89.1561889648438,103.089012145996,103.56583404541,105.28426361084,106.534225463867,104.515769958496,106.523361206055,108.605102539062,103.714065551758,103.403884887695,104.112808227539,104.79222869873,105.108749389648,94.9176788330078,93.9534530639648,95.2525939941406,89.2652740478516,87.4654693603516,89.7531509399414,89.3466033935547,88.9249267578125,89.0236663818359,88.9982299804688,89.2265472412109,96.4813613891602,92.4945755004883,92.5974349975586,91.3043670654297,84.0110397338867,82.286994934082,88.5205001831055,91.6127090454102,93.9873199462891,86.7577667236328,84.0436859130859,84.5932846069336,83.9028625488281,79.8644104003906,82.6963882446289,81.0413436889648,81.0882873535156,79.9784088134766,78.8074035644531,78.6772537231445,79.1674194335938,77.5803756713867,76.6842193603516,76.3729553222656,75.3792724609375,75.6098175048828,76.001579284668,74.3559799194336,75.2484283447266,76.1918563842773,77.1240921020508,76.6226119995117,76.7745971679688,76.4875640869141,76.6713180541992,77.8736343383789,77.3147888183594,91.1014556884766,94.5955200195312,95.4289321899414,95.7843551635742,96.2767333984375,96.0932693481445,94.7865142822266,92.2862777709961,89.836067199707,84.6079483032227,75.7983474731445,66.6024703979492,63.553638458252,60.264232635498,58.8427352905273,57.8132171630859,56.7312545776367,55.8837547302246,55.830867767334,53.6148300170898,52.1841239929199
"30",46.3855514526367,48.7167930603027,51.1307640075684,51.5180549621582,52.1664161682129,51.5785369873047,51.9943008422852,49.5929145812988,49.1690635681152,50.8627243041992,52.0336647033691,52.0679588317871,52.6736373901367,52.3609580993652,53.405086517334,55.4905242919922,59.5281028747559,61.5131034851074,67.9542083740234,71.1541213989258,72.2025909423828,69.137809753418,69.7132034301758,79.0878067016602,78.8191452026367,80.0830612182617,80.3561859130859,81.4873962402344,84.3009948730469,87.2714157104492,89.8492965698242,91.2058334350586,92.338134765625,97.3450241088867,102.954956054688,102.535690307617,101.38077545166,100.438522338867,99.6140441894531,98.779914855957,97.9196548461914,96.9500885009766,96.5244064331055,96.7731323242188,96.6398086547852,95.630744934082,94.6253814697266,94.0746154785156,94.386604309082,95.1955795288086,96.0947875976562,97.1296615600586,97.8980102539062,97.7355880737305,96.6257858276367,95.2767944335938,93.3396759033203,92.7351150512695,92.0198822021484,90.4449081420898,85.9091186523438,80.4385070800781,77.0927505493164,77.1953659057617,80.9044876098633,82.0978469848633,81.4796371459961,89.1356430053711,87.5386734008789,87.7963943481445,94.6767120361328,96.8025283813477,100.745071411133,112.070304870605,117.082572937012,123.474006652832,124.329177856445,125.398292541504,122.012420654297,101.08479309082,119.556968688965,116.456802368164,109.646499633789,107.53263092041,94.764892578125,90.3981246948242,84.2305221557617,74.5078964233398,72.3369750976562,74.2019653320312,72.7295455932617,75.1922836303711,77.2061157226562,72.1947708129883,70.2983474731445,65.9192199707031,59.8312034606934,57.878475189209,57.4752998352051,57.7068824768066,55.8374557495117,55.1062469482422,53.7373161315918,53.101806640625,55.6760025024414,56.5588226318359,58.6245231628418,63.7847557067871,70.3838424682617,72.2025680541992,89.4991836547852,104.345680236816,108.296714782715,109.630889892578,107.938064575195,107.225433349609,108.090850830078,114.803565979004,108.345222473145,108.322288513184,107.960990905762,107.60050201416,103.696762084961,101.029067993164,92.765510559082,90.2833404541016,87.3056182861328,91.4230422973633,91.2200775146484,88.8952941894531,89.109130859375,89.1382446289062,88.7180786132812,88.3308944702148,100.234008789062,92.7281494140625,90.720832824707,93.6924438476562,85.7088470458984,82.2196502685547,89.1800384521484,90.6820068359375,93.8780136108398,97.113151550293,92.2065277099609,86.5092391967773,84.0929489135742,81.1372680664062,82.4527282714844,80.060173034668,80.5335235595703,80.271110534668,80.1016311645508,80.3312606811523,79.5615997314453,77.9819488525391,76.8643569946289,75.5807266235352,74.6516952514648,75.0595855712891,74.3319702148438,74.6444625854492,75.7170257568359,76.5693664550781,77.2304000854492,77.1502075195312,77.3057479858398,76.4865112304688,76.6089019775391,77.1700973510742,78.3513259887695,90.9148254394531,94.0488967895508,95.553337097168,95.7766189575195,95.8138122558594,95.7939147949219,94.4720230102539,91.8775939941406,89.732177734375,84.5202713012695,74.7072677612305,67.3008346557617,63.208984375,60.6557579040527,58.85205078125,57.7299041748047,56.7031631469727,56.0901489257812,56.036434173584,53.610294342041,52.1916046142578
"31.25",46.7571754455566,49.1401214599609,51.1417198181152,51.5991668701172,52.0853614807129,51.9616470336914,52.4200210571289,50.3636207580566,49.9386711120605,50.9606399536133,52.3447914123535,52.1793174743652,52.0385437011719,52.7312278747559,52.3183250427246,57.158390045166,59.6459121704102,60.6367263793945,63.3373413085938,68.8806991577148,74.4153747558594,69.9452896118164,63.4667663574219,81.4389266967773,78.3351135253906,79.5300674438477,80.4244842529297,81.6822357177734,84.6402435302734,87.6327133178711,90.8356399536133,92.0669097900391,92.8765487670898,97.1966857910156,102.1796875,101.757926940918,100.78157043457,100.037063598633,99.418830871582,98.6915817260742,97.8203430175781,96.8009338378906,96.130485534668,96.151008605957,95.8938217163086,94.957649230957,94.0597457885742,93.6504364013672,94.0537872314453,94.8860244750977,95.9123840332031,96.8186187744141,97.3382186889648,96.9980392456055,95.8266220092773,94.1692428588867,91.9132537841797,90.8670349121094,89.7412033081055,88.8187561035156,87.1310653686523,83.5333557128906,79.024772644043,77.3793716430664,80.4561386108398,70.1372985839844,72.1063690185547,73.8533935546875,73.9913787841797,73.3292999267578,87.3313598632812,100.070213317871,101.754455566406,109.062637329102,105.600997924805,118.094459533691,121.607879638672,120.545700073242,114.629615783691,121.214050292969,116.879753112793,116.317764282227,113.655876159668,112.571754455566,117.555206298828,116.249984741211,110.978096008301,102.993255615234,107.566925048828,115.018775939941,105.115676879883,96.1247482299805,76.3549346923828,70.739501953125,71.4469451904297,63.7228088378906,66.7006454467773,62.9314079284668,63.8869438171387,66.0082473754883,63.4439697265625,60.3809089660645,53.0544128417969,52.4532356262207,52.9963836669922,54.2574882507324,57.7067031860352,60.951473236084,64.2231979370117,75.1845169067383,89.905876159668,97.1497650146484,108.698707580566,113.143081665039,113.56608581543,112.032737731934,112.402626037598,112.163375854492,115.010208129883,109.97924041748,112.880378723145,108.904457092285,109.19115447998,106.097366333008,113.767272949219,103.036193847656,103.184867858887,97.0853805541992,98.1698532104492,91.2535705566406,88.6763534545898,89.0616455078125,88.65869140625,89.1795959472656,111.824775695801,94.3872756958008,97.456169128418,96.3839111328125,88.5765380859375,84.4817276000977,90.7663726806641,90.0694732666016,94.2378921508789,97.4149780273438,101.322113037109,92.9040985107422,84.6305618286133,83.328742980957,80.666877746582,82.9007339477539,80.6543121337891,81.4064865112305,80.4523620605469,79.0550765991211,78.7720184326172,78.4664077758789,77.3699798583984,76.1101608276367,74.5565795898438,74.4415588378906,73.6175308227539,74.7356185913086,75.6931991577148,76.6173629760742,77.2868041992188,77.4345016479492,77.3924102783203,76.4626846313477,76.1983032226562,77.0464248657227,84.3008499145508,90.8030471801758,93.2977905273438,95.2170562744141,95.552001953125,95.1248245239258,95.3381118774414,93.8180999755859,91.4601135253906,89.4584121704102,84.1701736450195,75.3170166015625,67.5879745483398,63.0970268249512,60.5362434387207,59.6499099731445,57.9248695373535,56.7543716430664,56.966854095459,56.0293388366699,53.6030158996582,52.1998176574707
"32.5",46.3559532165527,49.3057136535645,51.1359977722168,51.7295112609863,52.6007537841797,52.3111381530762,52.9876708984375,51.0793228149414,50.7397689819336,51.1179809570312,52.4953269958496,52.2056579589844,51.9597930908203,51.8011779785156,54.0283126831055,57.1543807983398,59.7849578857422,59.2822952270508,61.876091003418,71.2248611450195,77.0027236938477,69.9942932128906,64.6639938354492,90.3830108642578,78.4664001464844,78.9510498046875,80.3763885498047,82.0257186889648,84.6325531005859,87.8928375244141,91.1886596679688,92.5014038085938,93.4642715454102,97.7042922973633,101.972099304199,101.522315979004,100.597045898438,99.8551635742188,99.2819595336914,98.5457000732422,97.7130432128906,96.7778091430664,95.8601684570312,95.3401718139648,95.0205001831055,94.2279968261719,93.5506744384766,93.3916931152344,93.8425445556641,94.6083831787109,95.5877456665039,96.3782730102539,96.7638702392578,96.4144134521484,95.2934112548828,93.3207626342773,91.3666915893555,90.4202423095703,89.0194778442383,87.7240295410156,86.6419296264648,85.3821182250977,82.4715423583984,79.2112503051758,76.8539352416992,76.5525970458984,72.9100494384766,72.1945648193359,81.721435546875,87.4033737182617,95.0966262817383,101.304260253906,100.775772094727,101.127830505371,82.076789855957,83.755256652832,86.0338668823242,105.229682922363,120.047416687012,111.954902648926,103.17684173584,117.018707275391,116.097755432129,114.872299194336,114.349548339844,115.545585632324,118.612464904785,107.770286560059,121.131637573242,116.137985229492,114.632080078125,107.096992492676,89.4214706420898,73.3089981079102,63.6491661071777,60.3774909973145,62.0285949707031,61.3810195922852,67.2409439086914,72.0048675537109,67.0471725463867,59.6220932006836,52.7787017822266,48.8540496826172,49.9345550537109,52.3063926696777,55.3766632080078,58.9209175109863,60.9376792907715,70.9132461547852,82.4601745605469,102.582565307617,105.926376342773,108.239646911621,112.346977233887,119.039360046387,111.848480224609,112.769317626953,112.423721313477,118.639442443848,115.757835388184,112.466918945312,112.192329406738,116.485610961914,113.629554748535,111.13990020752,104.210899353027,99.5327682495117,81.6288986206055,89.9179000854492,88.5332794189453,88.7795028686523,89.3875732421875,93.9000701904297,100.890724182129,97.0861968994141,93.3492279052734,98.0664825439453,93.3203201293945,85.8699111938477,87.2680816650391,90.1853713989258,95.0533142089844,99.1283645629883,102.434013366699,90.3488616943359,87.9261322021484,84.7027053833008,82.526611328125,83.5750274658203,81.6561279296875,81.2121810913086,80.9645919799805,79.6906661987305,79.2009582519531,78.0957412719727,77.4093017578125,77.1406555175781,75.3443298339844,73.8756713867188,73.9424896240234,75.1015014648438,76.2870407104492,76.9611892700195,76.7945175170898,76.8852005004883,76.4763946533203,76.3585662841797,75.8696670532227,80.4409713745117,88.3373260498047,89.6523971557617,92.5740127563477,94.5101852416992,95.0433578491211,94.3266372680664,94.432731628418,92.9126892089844,90.9591979980469,88.9835968017578,84.1121292114258,75.8061370849609,67.0558624267578,63.785717010498,60.4147109985352,59.5834617614746,58.7119102478027,58.1086349487305,57.4550018310547,56.0098190307617,53.6240615844727,52.2083740234375
"33.75",46.3923492431641,49.1899795532227,51.0772018432617,51.8047256469727,52.4007911682129,52.5286445617676,53.3860359191895,51.7837753295898,51.445125579834,51.2746353149414,52.345329284668,52.034553527832,51.0124702453613,52.2867317199707,54.2936134338379,58.0686187744141,59.4112548828125,60.603401184082,64.4146194458008,71.9338684082031,76.0099258422852,70.9513626098633,66.372688293457,71.4189071655273,76.4153060913086,78.5025634765625,80.6730575561523,82.4219284057617,84.6767120361328,88.0381164550781,91.0939025878906,92.6905288696289,94.7023086547852,98.9905242919922,102.136589050293,101.550788879395,100.591758728027,99.8356018066406,99.1526947021484,98.3597030639648,97.6229400634766,96.8213119506836,95.8250885009766,94.8747024536133,94.2212142944336,93.5483703613281,93.212890625,93.2972869873047,93.6501541137695,94.2082977294922,95.1241912841797,95.8177032470703,96.1781845092773,95.8188095092773,94.6809387207031,92.5456695556641,90.9348449707031,90.2892303466797,89.1289901733398,87.8926544189453,86.2841415405273,84.4434661865234,82.2425689697266,80.9907302856445,79.7029647827148,78.4949798583984,77.35693359375,76.0743103027344,74.7683792114258,83.1836318969727,96.3633499145508,98.4867324829102,101.595138549805,98.0220565795898,91.1704940795898,75.6657257080078,72.2667083740234,79.0532073974609,114.981018066406,110.707015991211,99.5042190551758,112.837593078613,103.549407958984,100.973327636719,98.4098510742188,104.792068481445,103.43717956543,115.37589263916,116.795951843262,116.234161376953,115.725090026855,119.981071472168,108.662231445312,94.8211135864258,78.2439575195312,66.6747665405273,70.1357345581055,74.4767608642578,80.9548568725586,80.3104248046875,71.1077194213867,60.4573593139648,52.9357109069824,49.545654296875,50.6686248779297,51.5631790161133,53.9413566589355,56.8558044433594,58.1755256652832,61.1505508422852,69.9515686035156,87.4824447631836,101.759994506836,105.765312194824,117.515922546387,115.164512634277,117.885093688965,120.558540344238,124.009796142578,122.111137390137,117.817398071289,119.520111083984,116.321655273438,116.555541992188,119.364318847656,115.341148376465,110.28328704834,98.8376388549805,84.2011566162109,91.4691848754883,91.0780563354492,90.3361968994141,90.04248046875,93.5781707763672,102.756164550781,93.8672714233398,93.9608840942383,93.1334838867188,94.5249938964844,87.009033203125,85.2611923217773,90.8536071777344,96.3622665405273,97.612907409668,94.7808074951172,87.7287063598633,87.1765899658203,85.9237365722656,85.5258331298828,84.2306976318359,83.5106048583984,81.5693511962891,80.5819244384766,79.897346496582,79.1129684448242,78.4822158813477,77.4889602661133,77.4075317382812,76.1238021850586,74.6719360351562,74.6253433227539,75.5446853637695,76.3165130615234,76.6807861328125,76.4829483032227,76.8985137939453,77.4130783081055,77.0277328491211,76.4919967651367,85.1248397827148,87.6230087280273,88.7107849121094,91.6851425170898,93.457275390625,94.3210144042969,93.4959945678711,93.5425109863281,92.1392440795898,90.432861328125,88.7903747558594,84.0867004394531,74.9644317626953,67.674430847168,64.2206497192383,60.6687545776367,59.4634819030762,58.6163101196289,58.0607109069824,57.4182777404785,55.9987716674805,53.636100769043,52.2168769836426
"35",46.3770027160645,49.1602783203125,51.1141967773438,51.8502616882324,52.583683013916,52.3691711425781,53.639705657959,52.244327545166,51.9620895385742,51.8735008239746,52.1758232116699,51.6357307434082,51.8544540405273,52.3401908874512,54.4633102416992,57.9229583740234,59.2141380310059,61.2828750610352,64.5872192382812,70.9023818969727,73.1983795166016,72.4130020141602,65.6267852783203,71.5824737548828,74.8742065429688,78.2898712158203,80.6521835327148,82.7061309814453,84.8028564453125,88.0599822998047,90.8743209838867,92.5941619873047,96.0824508666992,100.631912231445,102.402076721191,101.649597167969,100.826400756836,99.9392471313477,99.0497589111328,98.1503372192383,97.3798370361328,96.6830520629883,95.8834228515625,94.9032135009766,94.0071258544922,93.4138870239258,93.2878341674805,93.4115295410156,93.6059417724609,93.9761276245117,94.5616912841797,95.1789398193359,95.4559707641602,95.210563659668,94.1077041625977,92.1448364257812,90.9007415771484,90.3117294311523,89.1229553222656,87.9803619384766,86.1683044433594,84.0951843261719,81.9900665283203,80.2259750366211,79.6686782836914,79.5444412231445,79.5323257446289,78.966667175293,78.3428497314453,81.1186218261719,85.6487503051758,87.6559524536133,90.6272277832031,89.9327087402344,78.7267761230469,90.5675201416016,96.205810546875,93.3215637207031,89.6060943603516,102.161552429199,104.469367980957,94.6749801635742,83.8213958740234,92.9850921630859,102.712104797363,102.626068115234,107.034759521484,100.439506530762,108.376472473145,100.045837402344,103.775199890137,105.074600219727,107.098503112793,109.720550537109,107.347114562988,106.294769287109,98.6942443847656,111.362380981445,108.545715332031,109.513999938965,91.8065872192383,66.9916458129883,60.3032150268555,59.1789588928223,63.116283416748,66.8727264404297,65.1212310791016,61.1638374328613,57.8809051513672,59.5534553527832,66.1481018066406,82.2495193481445,99.55419921875,108.814292907715,121.079902648926,117.84538269043,122.658187866211,115.024719238281,122.744941711426,121.669807434082,112.620246887207,111.104942321777,100.500190734863,101.756065368652,106.963539123535,129.424057006836,117.986038208008,106.776962280273,99.1249160766602,100.335998535156,100.121315002441,96.4155349731445,92.5820236206055,93.6047515869141,101.736633300781,95.7953033447266,98.0073623657227,99.4673156738281,92.2015380859375,85.3756637573242,87.6851425170898,91.5603637695312,96.2845306396484,95.873908996582,90.8735427856445,88.4190979003906,85.4800643920898,85.768669128418,87.749870300293,85.9936447143555,83.9951324462891,82.1999588012695,80.2695236206055,79.4053726196289,79.4552917480469,79.1149673461914,78.1519012451172,77.1633453369141,76.7916641235352,76.388801574707,75.4550857543945,76.0596618652344,76.1407470703125,77.2357711791992,78.0900115966797,77.890983581543,77.9398193359375,77.3874359130859,76.7642211914062,83.0172119140625,86.7298355102539,88.1357116699219,90.778434753418,92.34033203125,93.5047073364258,92.8720016479492,92.8141098022461,91.6110153198242,90.1202621459961,88.655029296875,83.9183959960938,75.3160247802734,68.0579299926758,63.9143867492676,61.1550521850586,59.3754844665527,58.5439224243164,58.0035133361816,57.3580780029297,55.9743270874023,53.6472854614258,52.2278213500977
"36.25",46.2873725891113,49.1985092163086,51.242603302002,52.0225639343262,52.8850708007812,52.8556709289551,53.8417701721191,52.5427131652832,52.4744873046875,52.4536972045898,52.0273399353027,51.1250877380371,51.5205879211426,52.2529182434082,54.491512298584,58.0546989440918,59.2746238708496,60.7677574157715,65.0799865722656,69.7055130004883,72.9798583984375,72.2380294799805,65.192756652832,72.9568023681641,74.3008728027344,78.0574340820312,80.4170608520508,82.7992324829102,85.0486068725586,87.9269256591797,90.2197799682617,92.3879776000977,97.1787109375,101.965126037598,102.525505065918,101.60327911377,100.973793029785,100.104568481445,98.9391098022461,97.7870864868164,96.9373168945312,96.2145004272461,95.683479309082,94.9913635253906,94.2105560302734,93.7938842773438,93.6490478515625,93.4850006103516,93.5709609985352,93.8259735107422,94.2031173706055,94.5711898803711,94.8112945556641,94.6083602905273,93.692756652832,92.0663375854492,90.9078216552734,90.2621307373047,89.0266265869141,87.697135925293,85.6827926635742,83.9285278320312,82.3582534790039,81.169677734375,80.2526168823242,79.4677352905273,80.1353378295898,81.4832077026367,81.686637878418,80.927848815918,81.0345840454102,80.7141494750977,79.9026947021484,78.8113250732422,77.8986206054688,76.7961730957031,76.8419036865234,90.1881256103516,74.6266937255859,81.7704238891602,89.8235931396484,107.261436462402,104.84400177002,102.580604553223,106.225601196289,98.0084533691406,89.0810928344727,88.6833343505859,97.5147705078125,102.299491882324,97.9148712158203,95.1178894042969,101.516471862793,101.519355773926,101.82585144043,105.436050415039,111.089195251465,106.146697998047,103.151870727539,93.8449020385742,91.7857437133789,94.8829498291016,69.771354675293,72.4641876220703,77.0068893432617,86.983528137207,89.6493988037109,85.3078842163086,82.8134231567383,85.5547561645508,82.6335372924805,86.6571426391602,98.1080780029297,108.819602966309,121.590240478516,117.500823974609,117.665267944336,116.686866760254,106.104942321777,106.206520080566,97.1932601928711,95.9939880371094,99.2688140869141,112.592666625977,121.318061828613,130.799728393555,115.971626281738,107.886596679688,103.166313171387,101.061050415039,108.770156860352,104.159210205078,102.344703674316,98.8587265014648,93.7616195678711,99.222297668457,97.8017349243164,98.5820770263672,90.4749526977539,87.2543640136719,89.956657409668,90.7434844970703,94.7642669677734,95.6486511230469,91.3419418334961,86.4467163085938,84.2467651367188,84.7272338867188,87.2180252075195,85.4736862182617,84.87890625,83.219970703125,81.2973251342773,80.6011810302734,78.5747222900391,78.3958282470703,77.568603515625,77.7014694213867,77.0439376831055,76.0302963256836,75.9851760864258,75.9390487670898,76.540153503418,77.4578399658203,78.5300445556641,78.6630477905273,76.7850494384766,77.384407043457,77.0037384033203,84.1462783813477,86.0726928710938,87.8446273803711,90.0838623046875,91.5150909423828,92.7527008056641,92.3376846313477,92.2114105224609,91.357048034668,90.0068054199219,88.4191818237305,83.9332046508789,76.2279891967773,68.0056457519531,64.2080001831055,61.403003692627,59.7582588195801,58.459342956543,57.9404182434082,57.3003425598145,55.9584083557129,53.6575698852539,52.2394714355469
"37.5",46.8833694458008,49.2575187683105,51.3357429504395,52.095027923584,52.6350631713867,52.7808380126953,54.1614379882812,52.7551536560059,52.921501159668,52.6516456604004,51.4901008605957,50.3227157592773,51.0999946594238,52.2051048278809,54.313117980957,57.0326080322266,59.0480613708496,60.9058952331543,64.3990325927734,68.3628768920898,73.3612899780273,65.9194030761719,70.0033721923828,73.749382019043,74.5772705078125,77.8490905761719,80.3312225341797,83.0405502319336,85.3773803710938,87.9798126220703,90.238151550293,92.4677963256836,98.206298828125,102.661849975586,102.35326385498,101.332305908203,100.800476074219,99.9489288330078,98.6884765625,97.4571075439453,96.532829284668,95.7984237670898,95.2502517700195,94.9424591064453,94.5569305419922,94.1196441650391,93.7773895263672,93.4349899291992,93.5254516601562,93.8698043823242,94.1794128417969,94.3313674926758,94.5177917480469,94.4234313964844,93.6689529418945,92.2479095458984,91.0343399047852,90.2064743041992,88.9297332763672,87.6710586547852,85.9270324707031,84.7468643188477,83.5835113525391,82.9050674438477,82.1827621459961,81.3157043457031,81.0900802612305,81.8106079101562,82.540283203125,82.6772079467773,82.4144058227539,82.0778427124023,81.4026184082031,80.1687240600586,78.9502792358398,77.6000213623047,76.7168426513672,90.1469879150391,75.8424072265625,79.2178649902344,89.591423034668,98.9855117797852,103.028877258301,105.012245178223,91.0514602661133,78.5935211181641,86.0672988891602,87.4600143432617,76.3060760498047,68.4849624633789,71.1565170288086,70.8857803344727,84.5566635131836,84.7819137573242,90.1993179321289,96.5225830078125,105.016082763672,97.8330841064453,99.5590744018555,94.7749938964844,83.7124633789062,84.3495788574219,78.0997314453125,84.1399993896484,83.0763244628906,88.6335830688477,107.910354614258,101.878082275391,99.3798599243164,98.4301071166992,112.203033447266,115.809120178223,113.297607421875,111.32543182373,113.292976379395,103.096786499023,99.8600006103516,93.2790908813477,85.995735168457,87.3687896728516,89.7191314697266,95.4858169555664,110.663528442383,126.732063293457,129.272567749023,121.818031311035,118.300651550293,113.600051879883,110.294914245605,109.473999023438,114.306770324707,101.20043182373,99.1333999633789,102.987190246582,101.38996887207,108.994972229004,99.1845474243164,99.6055603027344,88.8470306396484,93.4868240356445,89.103874206543,89.4794464111328,92.8225631713867,94.7487335205078,87.1148834228516,85.1000900268555,84.0949783325195,85.0604248046875,86.0205841064453,84.3765335083008,83.8979187011719,83.6176300048828,81.1680526733398,81.4924774169922,79.5526504516602,78.2038650512695,77.2585983276367,77.3190536499023,76.7090454101562,75.9736785888672,76.2172775268555,76.2873687744141,77.4466552734375,77.8581237792969,78.7510528564453,79.1806488037109,77.5818862915039,77.9948272705078,79.294677734375,84.4991760253906,85.5575180053711,87.7556991577148,89.7268142700195,91.0671691894531,92.1597137451172,91.9535980224609,91.9878082275391,91.289794921875,90.0180969238281,88.479736328125,84.053337097168,76.0312805175781,68.0078811645508,64.6504135131836,61.3581809997559,60.3854026794434,58.4295272827148,57.8729553222656,57.2537536621094,55.9394760131836,53.6637649536133,52.2540855407715
"38.75",46.7358360290527,48.9016304016113,51.2481422424316,51.7486305236816,52.4550018310547,53.0453338623047,54.2689476013184,52.9229507446289,53.2903594970703,53.1292304992676,51.2849655151367,49.3829078674316,50.6338119506836,52.0822868347168,54.0644340515137,56.6949729919434,58.9539222717285,60.344612121582,64.1268844604492,68.0412368774414,70.2189483642578,59.710334777832,76.6695175170898,78.8041915893555,76.0556106567383,77.7416534423828,80.3850936889648,83.4191284179688,86.0891189575195,88.5276718139648,90.6606521606445,92.7842712402344,98.9618988037109,102.984146118164,102.237266540527,101.074089050293,100.409172058105,99.6189422607422,98.4863357543945,97.294921875,96.4338073730469,95.6421585083008,95.0555953979492,94.9074325561523,94.8084182739258,94.2197265625,93.56689453125,93.2110595703125,93.516960144043,94.184211730957,94.7146682739258,94.8261108398438,94.8802795410156,94.7357940673828,93.9809951782227,92.4824600219727,91.0318222045898,90.1831359863281,88.8500823974609,87.6461334228516,86.3347396850586,85.8500518798828,85.1332626342773,84.6598129272461,83.8694915771484,83.0505676269531,82.3599319458008,81.9193649291992,81.6297302246094,81.9528427124023,81.5579147338867,81.2350769042969,80.6417541503906,79.5679626464844,78.6340026855469,77.9206314086914,76.6899948120117,78.8754043579102,86.8744277954102,95.0913162231445,99.3291931152344,95.8665313720703,104.443603515625,98.9427719116211,96.9879379272461,75.1549377441406,81.8438415527344,84.5903701782227,75.2848434448242,69.4223251342773,65.9515609741211,68.3772583007812,67.1848678588867,68.4112396240234,70.7597274780273,76.381950378418,84.515380859375,81.9119033813477,83.1818084716797,82.0855102539062,81.8573532104492,88.4931259155273,90.1665954589844,85.8838653564453,85.097038269043,89.4395523071289,102.424713134766,102.391723632812,119.113967895508,124.239868164062,129.193634033203,127.545806884766,119.802543640137,95.9044036865234,91.1047058105469,86.2912979125977,85.3654556274414,84.7587127685547,89.9818649291992,108.219039916992,107.36644744873,115.695877075195,128.8876953125,125.418823242188,109.295471191406,116.324104309082,115.030563354492,116.118301391602,116.998008728027,108.097175598145,104.306282043457,99.8843994140625,99.2423553466797,100.378486633301,102.569351196289,110.281341552734,99.4524230957031,97.5222396850586,88.4417724609375,97.5684204101562,87.9146041870117,89.787712097168,95.4247512817383,86.1819610595703,84.2137680053711,82.533447265625,84.1995697021484,87.8008728027344,85.6832504272461,83.5501480102539,83.1759719848633,82.6153717041016,80.8470458984375,79.8851318359375,78.8571243286133,77.7719497680664,77.6503448486328,77.1154937744141,77.0502395629883,76.7310180664062,77.5600280761719,77.6086730957031,78.0471801757812,77.6005325317383,77.6029891967773,76.6578674316406,78.3015289306641,78.819580078125,83.2548675537109,84.5473785400391,85.3920059204102,87.881477355957,89.7266540527344,90.9016876220703,91.8883514404297,91.7489166259766,91.8626022338867,91.3665924072266,90.1709518432617,88.6597671508789,84.2577362060547,76.2686767578125,68.4354553222656,64.9966583251953,61.6220436096191,60.5062828063965,59.0676383972168,57.7980651855469,57.2164421081543,55.9207649230957,53.6684150695801,52.2728271484375
"40",46.3493270874023,49.2191200256348,51.0592269897461,51.6964340209961,52.3461151123047,53.0049285888672,53.8487129211426,52.7298164367676,53.6902008056641,53.6816253662109,51.4794082641602,48.6918754577637,49.2466506958008,51.8767929077148,53.7786178588867,55.9858436584473,58.6060447692871,59.7110023498535,63.3441772460938,67.0555267333984,61.565990447998,59.8206367492676,74.4049224853516,85.1907730102539,78.2257232666016,77.6896286010742,80.2121810913086,83.7633056640625,86.8716049194336,89.1159362792969,90.9250640869141,93.1660995483398,99.5434036254883,103.112174987793,102.216148376465,101.04524230957,100.14185333252,99.3224029541016,98.2240676879883,97.2219924926758,96.6127548217773,95.9326095581055,95.2979125976562,95.0119781494141,94.9460983276367,94.1968002319336,93.3628234863281,93.0873870849609,93.5696029663086,94.7507095336914,95.7751159667969,96.0008087158203,95.7802124023438,95.2462921142578,94.3539505004883,92.6152496337891,90.9654083251953,90.2163467407227,88.9643020629883,87.6829528808594,86.9098510742188,87.020263671875,86.3125610351562,85.8613510131836,85.0630645751953,83.9840774536133,83.1643524169922,82.2368927001953,81.7011871337891,81.1743011474609,80.3749237060547,79.6420211791992,79.153938293457,78.4933090209961,77.8146743774414,77.294319152832,76.4930267333984,75.1987533569336,80.0944442749023,88.0879592895508,93.2482223510742,96.6491394042969,98.3037490844727,80.7034225463867,87.8450546264648,75.3723220825195,71.6107711791992,70.3357009887695,65.2539825439453,61.0796279907227,60.3194122314453,61.5482406616211,62.6243476867676,64.6109771728516,70.2273635864258,71.9028091430664,77.9563827514648,77.0831604003906,72.1208801269531,75.241340637207,78.1832580566406,81.1244964599609,79.5092163085938,87.7811813354492,89.081184387207,91.697624206543,97.667121887207,106.027565002441,113.001205444336,115.183403015137,125.040687561035,117.893013000488,100.903945922852,78.2112579345703,75.6312408447266,74.4986572265625,78.8440475463867,94.3740234375,117.988899230957,134.318756103516,137.288986206055,136.710998535156,136.279113769531,135.292587280273,124.884086608887,112.817054748535,112.277198791504,109.518218994141,109.102836608887,107.261016845703,104.141220092773,101.609092712402,100.480743408203,106.582000732422,104.851028442383,111.005546569824,98.9765472412109,101.114189147949,92.993782043457,99.8039474487305,89.4798965454102,91.7570877075195,86.8137588500977,81.5211563110352,81.1561584472656,80.7729644775391,85.6426391601562,86.659912109375,88.1589508056641,83.6240081787109,82.5766067504883,81.7186813354492,80.2003021240234,79.559196472168,78.3740386962891,78.9066467285156,79.0243377685547,78.1642456054688,78.0367736816406,78.3730850219727,77.7443695068359,78.1316833496094,78.5179748535156,77.6860733032227,78.1335906982422,79.3278503417969,78.634880065918,80.0803756713867,84.5578536987305,84.3989410400391,85.3683013916016,88.0154724121094,89.8967514038086,90.8931198120117,91.9000091552734,91.8657684326172,91.9149475097656,91.4280319213867,90.3464584350586,88.7756576538086,84.7639236450195,77.1347274780273,68.6939392089844,64.7419509887695,61.9507942199707,60.391227722168,59.7627563476562,57.8275260925293,57.1730842590332,55.9060554504395,53.6701011657715,52.2980804443359
"41.25",46.3464660644531,49.4116172790527,51.1315231323242,51.9153785705566,52.3309707641602,52.4336395263672,53.5660285949707,53.0435180664062,53.7041816711426,53.6647644042969,51.3336029052734,48.7930946350098,49.7767868041992,51.4518280029297,53.5037536621094,55.7981185913086,57.9674758911133,59.6379699707031,62.6985931396484,63.6401481628418,58.0655250549316,64.1245040893555,71.9744491577148,83.2437210083008,80.6515274047852,77.9811630249023,79.7876052856445,83.8650207519531,87.4381866455078,89.5823364257812,91.2264938354492,93.7841567993164,100.430358886719,103.357452392578,102.236251831055,101.141494750977,100.11319732666,99.1697463989258,97.9852905273438,97.216911315918,96.8345108032227,96.3543853759766,95.7221984863281,95.1806716918945,94.9146270751953,94.0241165161133,93.103645324707,92.825813293457,93.6339874267578,95.4626159667969,96.8921203613281,96.9851913452148,96.3574600219727,95.4741287231445,94.4140930175781,92.6164016723633,90.9413681030273,90.3010177612305,89.3929138183594,88.1671295166016,87.7026672363281,88.0741424560547,87.4247207641602,87.0006103515625,86.0288009643555,84.5139770507812,83.4846801757812,82.639045715332,81.957405090332,81.0992202758789,80.1432571411133,79.3212127685547,78.1431503295898,77.0642395019531,76.0851364135742,75.4523849487305,74.7808151245117,74.122444152832,73.6376266479492,75.8500061035156,77.7503051757812,77.1691436767578,76.5040969848633,74.2530822753906,73.9043655395508,68.1439895629883,65.1977615356445,62.4960441589355,60.483024597168,58.8698463439941,57.268424987793,56.016674041748,55.5779800415039,56.5003890991211,59.4831466674805,65.6478271484375,66.6114044189453,69.7157821655273,71.0234756469727,73.3580780029297,76.8805770874023,76.5338439941406,79.0985107421875,81.4269638061523,93.6403121948242,98.6727066040039,100.986106872559,105.089195251465,114.531845092773,113.495376586914,114.766677856445,97.1078796386719,84.8306045532227,77.1981048583984,81.6609039306641,96.1030502319336,120.611526489258,131.160751342773,130.237457275391,127.712501525879,134.024673461914,131.240051269531,131.354446411133,128.219329833984,128.280807495117,114.107704162598,112.575294494629,112.697044372559,109.085380554199,106.48583984375,106.588935852051,105.920181274414,101.789886474609,105.513740539551,107.173332214355,109.500564575195,105.170196533203,101.107398986816,96.3284606933594,96.4579238891602,107.716102600098,97.6477432250977,81.3049774169922,82.8376007080078,80.0474243164062,80.0097274780273,85.1116790771484,87.6269683837891,86.9879608154297,82.7275848388672,82.3158111572266,81.0565490722656,80.4041290283203,79.167121887207,78.8634490966797,78.1465301513672,79.388786315918,78.7655029296875,78.3582382202148,79.0426406860352,78.7114334106445,78.8348007202148,78.8148727416992,78.6925048828125,78.7825241088867,78.525260925293,80.6001052856445,85.1367263793945,85.0552749633789,84.5598373413086,85.4886474609375,88.1077728271484,90.0844955444336,91.0480499267578,92.0564651489258,92.1116256713867,92.1551208496094,91.6438674926758,90.6089859008789,89.1868209838867,84.8813552856445,77.5491027832031,68.4706344604492,65.1274795532227,62.330493927002,60.2854537963867,59.7630157470703,58.5001678466797,57.1345329284668,55.8889465332031,53.6668548583984,52.3346519470215
"42.5",46.5276298522949,49.0223350524902,51.113353729248,52.0344772338867,52.0552711486816,52.6278495788574,53.1984901428223,52.8577156066895,53.8307228088379,53.7089157104492,51.0113143920898,48.5598678588867,49.5061149597168,51.3555908203125,53.2936477661133,54.8481521606445,57.3880310058594,58.6972846984863,61.0685539245605,59.8452835083008,60.2728996276855,66.2641983032227,71.3363800048828,73.0778579711914,79.9363479614258,78.6510848999023,79.3528900146484,83.6479721069336,87.4412536621094,89.8870620727539,91.5850296020508,94.4474716186523,101.172424316406,103.485527038574,102.304092407227,101.254432678223,100.189834594727,99.1595230102539,97.9230041503906,97.1226119995117,96.9937133789062,96.7060623168945,96.1815490722656,95.4514465332031,94.7230682373047,93.6334609985352,92.6780319213867,92.4172058105469,93.401008605957,95.8862457275391,97.5048675537109,97.2429733276367,96.1487197875977,95.1833267211914,94.2377090454102,92.4612274169922,90.9229736328125,90.3627090454102,89.8082656860352,88.8920669555664,88.364631652832,88.4593887329102,88.100471496582,87.5982513427734,86.5407867431641,84.6996154785156,83.5645141601562,82.8404998779297,81.567008972168,80.3553619384766,79.5823364257812,78.2285537719727,76.4047470092773,75.1668395996094,73.9348449707031,72.9816970825195,71.8037033081055,71.2277908325195,71.609016418457,71.9431228637695,71.4226913452148,70.7289581298828,70.1524505615234,69.6433334350586,68.8791198730469,66.8600540161133,63.8911933898926,61.3381576538086,59.259635925293,57.557430267334,55.7356910705566,54.2337074279785,53.6954078674316,54.1513633728027,55.7388610839844,58.3466110229492,65.3986053466797,67.1590728759766,69.7597122192383,72.5769119262695,71.05712890625,70.6889190673828,71.4588165283203,75.203498840332,88.6452331542969,114.158027648926,105.434478759766,109.724563598633,107.856460571289,97.8748016357422,96.5415725708008,80.568359375,77.0707702636719,89.2080078125,121.914131164551,134.802230834961,136.024017333984,126.977890014648,130.287979125977,124.786231994629,125.492691040039,127.215950012207,129.531784057617,127.622772216797,126.848937988281,119.872718811035,115.613563537598,112.713233947754,105.927658081055,104.738403320312,103.65699005127,100.282516479492,101.804336547852,104.130958557129,105.026206970215,108.144248962402,102.300552368164,97.9026947021484,95.3819046020508,93.287841796875,88.2961196899414,84.2024917602539,80.7969055175781,79.5076065063477,77.5436553955078,80.4969100952148,83.8404922485352,86.6035537719727,87.8495101928711,87.8025665283203,83.2977066040039,81.9196243286133,80.8705825805664,79.8083114624023,79.6470642089844,79.6914215087891,79.1506881713867,79.007568359375,79.1311874389648,78.5184707641602,78.2346115112305,78.8682174682617,79.192512512207,79.1062164306641,79.531623840332,79.0562744140625,82.0920791625977,85.9380264282227,85.2277297973633,85.0227432250977,85.9031219482422,88.1009750366211,90.2113952636719,91.2570953369141,92.3263854980469,92.3713150024414,92.2216339111328,91.9797973632812,91.1428451538086,89.5656127929688,85.3874206542969,77.1081161499023,68.9270629882812,65.5353927612305,62.2861175537109,60.7214393615723,59.6962432861328,58.8446769714355,57.3565444946289,55.8736038208008,53.6650466918945,52.3767280578613
"43.75",46.6647758483887,49.5341529846191,51.0336456298828,52.1074714660645,52.1269989013672,52.7837677001953,53.0382347106934,52.8082084655762,53.7688140869141,53.5556907653809,50.7556991577148,48.7795600891113,49.6019248962402,51.3104972839355,53.1359443664551,54.9920272827148,57.0036315917969,58.9757347106934,60.1829795837402,59.5978507995605,61.6235313415527,65.7460021972656,69.6035079956055,70.9524841308594,84.3168334960938,79.502799987793,79.2021102905273,83.2772369384766,87.0477676391602,89.6741256713867,91.5387191772461,94.9331893920898,101.826889038086,103.704551696777,102.528709411621,101.500091552734,100.457221984863,99.3384552001953,97.9623794555664,97.177619934082,97.0756607055664,96.8583755493164,96.3337860107422,95.4681396484375,94.4896697998047,93.1423416137695,92.2378768920898,92.0501327514648,93.0959167480469,95.4966659545898,97.1672973632812,96.8537826538086,95.6188659667969,94.6652297973633,93.6811065673828,92.198127746582,90.8239059448242,90.3164749145508,89.9981384277344,89.5400695800781,89.0415725708008,88.6676559448242,88.4685974121094,88.1249084472656,86.9950332641602,84.9718475341797,83.7872085571289,82.1360168457031,80.2211303710938,80.3393173217773,102.30135345459,116.87678527832,111.171112060547,90.8128509521484,71.1056289672852,69.7187881469727,69.1407852172852,67.4468460083008,67.2855987548828,69.9411544799805,71.217041015625,70.9849166870117,70.7741622924805,70.0298690795898,68.6837921142578,66.4302291870117,63.5460319519043,60.8673934936523,58.2577705383301,56.4931602478027,55.0460090637207,54.1211280822754,53.8307838439941,54.2953987121582,55.230152130127,55.5722732543945,56.5776290893555,63.4531211853027,65.7428970336914,70.3260498046875,71.468505859375,68.8766784667969,68.1561965942383,74.7384643554688,86.0832214355469,104.529479980469,108.379707336426,96.7418899536133,83.3711318969727,78.7039108276367,75.5469665527344,96.9997863769531,102.667503356934,121.806495666504,135.553298950195,136.58464050293,134.519378662109,123.703384399414,122.829429626465,120.051856994629,123.919692993164,124.796096801758,123.043037414551,120.366424560547,121.10083770752,118.979164123535,113.872024536133,108.846382141113,107.285263061523,100.985260009766,103.939926147461,98.1080932617188,102.253471374512,105.781089782715,108.183525085449,104.566329956055,101.818901062012,97.9768218994141,94.5639495849609,91.0379104614258,87.1412124633789,84.2157516479492,78.1380615234375,75.915153503418,77.4525909423828,81.5555572509766,84.3993835449219,85.1109161376953,87.2944030761719,86.8343658447266,83.7439575195312,83.0088348388672,82.9624862670898,82.0827255249023,80.3882675170898,79.9134368896484,79.1691741943359,79.4031982421875,79.5738906860352,79.1533432006836,79.0720672607422,79.1860885620117,79.7708892822266,79.9114303588867,80.0196762084961,79.5812835693359,80.7468490600586,83.8990707397461,85.1776580810547,85.4816284179688,86.2853851318359,88.1413497924805,90.3764877319336,91.6132736206055,92.6128082275391,92.5888671875,92.1550521850586,92.2841567993164,91.50341796875,89.7075042724609,85.8194198608398,77.3720626831055,69.2367858886719,66.0049743652344,62.2934417724609,61.1298484802246,59.6252555847168,58.8033676147461,57.888256072998,55.8739395141602,53.6608924865723,52.421947479248
"45",46.8428802490234,49.0509757995605,51.0261459350586,51.6375885009766,51.7043571472168,52.1116027832031,52.8337516784668,52.637866973877,53.8015403747559,53.9876861572266,50.684154510498,49.1370391845703,49.8733444213867,51.1220436096191,53.0110473632812,54.0721893310547,56.4582939147949,58.6413154602051,59.3247261047363,60.1026000976562,62.8106460571289,64.129753112793,68.3064422607422,70.3642120361328,88.7045440673828,80.5284805297852,79.2762222290039,82.6648178100586,86.7169876098633,89.5314483642578,91.5677795410156,94.9013214111328,102.122421264648,103.900550842285,102.875289916992,101.761001586914,100.749359130859,99.5951614379883,98.1274261474609,97.382194519043,97.2210540771484,96.8352737426758,96.2584838867188,95.3780364990234,94.1579742431641,92.7281265258789,91.7918853759766,91.7066802978516,92.8746109008789,94.9626159667969,96.3148040771484,96.1057510375977,95.0955581665039,94.180778503418,93.2177200317383,91.9262237548828,90.5814361572266,90.1021728515625,89.9801025390625,89.7823486328125,89.4423217773438,88.9414291381836,88.5139694213867,88.0287628173828,86.8565063476562,85.0506744384766,83.7239379882812,81.3190765380859,78.449951171875,99.8642883300781,105.929817199707,107.037956237793,100.280662536621,107.448455810547,98.6984481811523,77.3946151733398,79.9440994262695,90.0005264282227,94.3364105224609,71.118278503418,71.8670272827148,72.1777191162109,72.4248428344727,71.0688400268555,68.8397369384766,66.1064758300781,63.2816772460938,60.2266616821289,57.1639785766602,55.7725944519043,55.1429634094238,54.9038467407227,55.0635108947754,55.5897521972656,56.2772598266602,56.5605430603027,56.1227340698242,56.2544174194336,58.2753028869629,66.7511520385742,72.365608215332,71.9057159423828,71.6458740234375,73.4563293457031,81.7880172729492,99.6566543579102,107.165649414062,90.3511199951172,79.9962310791016,76.469841003418,103.598571777344,125.784339904785,132.903686523438,128.965179443359,120.910827636719,119.820678710938,119.003265380859,120.942337036133,116.807182312012,119.898544311523,123.300506591797,125.229309082031,115.260513305664,121.49488067627,114.51734161377,115.990219116211,109.985862731934,109.785972595215,106.266143798828,108.851745605469,103.799377441406,104.312889099121,106.130302429199,106.966232299805,101.534034729004,97.8590927124023,96.414924621582,90.8012008666992,87.5513610839844,85.1657104492188,83.8108749389648,83.169059753418,73.2985992431641,72.4006042480469,78.0445251464844,83.5030136108398,85.5377502441406,86.1534652709961,86.5449829101562,87.7465362548828,83.6421279907227,83.3417663574219,82.4767303466797,82.6522827148438,81.07568359375,79.8867492675781,79.7852020263672,80.1212692260742,80.3941955566406,80.0468063354492,79.2401962280273,79.3539123535156,80.6328201293945,81.0055541992188,80.6473159790039,79.8237609863281,79.3125152587891,81.2118453979492,83.5982437133789,86.0043411254883,86.5840911865234,88.3052291870117,90.7238693237305,92.179801940918,92.8443374633789,92.6980056762695,92.2256393432617,92.5166549682617,91.7403106689453,90.0449676513672,85.9991760253906,76.4127349853516,69.7830505371094,65.9099960327148,62.8819694519043,61.3595275878906,59.6847381591797,58.7371940612793,58.0230026245117,56.3058967590332,53.6569938659668,52.5175819396973
"46.25",46.3367080688477,49.130989074707,50.9517707824707,51.6327896118164,51.6134147644043,52.3282356262207,52.4996643066406,52.4318733215332,53.5827980041504,53.5177574157715,50.6355438232422,49.4763984680176,50.193790435791,50.7275466918945,52.2352752685547,54.4160804748535,56.6615219116211,58.0871353149414,59.1904907226562,61.4628067016602,62.8482704162598,63.1239547729492,67.4862747192383,69.87060546875,72.3856506347656,80.4948959350586,79.6581344604492,81.8983764648438,86.2333374023438,89.3257369995117,91.4406356811523,94.8472442626953,102.17227935791,103.972885131836,103.141654968262,101.905914306641,100.889450073242,99.7000579833984,98.2237777709961,97.4211044311523,96.9449310302734,96.3029861450195,95.6706085205078,94.8805160522461,93.647102355957,92.1722183227539,91.2193374633789,91.2243957519531,92.3661499023438,94.1945571899414,95.3467636108398,95.4786224365234,94.7882461547852,93.9173278808594,92.9517059326172,91.7886047363281,90.5108795166016,89.8516387939453,89.7783889770508,89.7313079833984,89.6067123413086,89.0393524169922,88.3430709838867,87.5686798095703,86.4135818481445,84.9530258178711,83.4820175170898,81.1589889526367,78.8352890014648,92.0256195068359,93.0995635986328,101.224090576172,103.558258056641,108.176155090332,108.329048156738,93.9194946289062,105.277435302734,115.66316986084,114.040397644043,86.9183197021484,78.7505035400391,76.204460144043,74.3258438110352,71.6698608398438,68.5747985839844,65.6031341552734,62.6226806640625,59.2228584289551,56.3542098999023,55.4346580505371,55.332649230957,55.7715225219727,56.2802505493164,57.0248146057129,57.588062286377,57.8597946166992,57.1776313781738,56.708381652832,60.1964263916016,68.3165588378906,74.7892379760742,72.8212280273438,72.1733322143555,73.0889053344727,82.1542892456055,92.0309524536133,113.977104187012,101.765243530273,80.3855361938477,76.3215255737305,106.964286804199,128.593017578125,118.251487731934,124.305358886719,118.703262329102,117.553283691406,116.456756591797,113.690422058105,110.999801635742,119.616172790527,118.901123046875,117.337837219238,117.888153076172,116.921173095703,110.746170043945,115.81071472168,110.393165588379,102.924179077148,101.379821777344,105.100769042969,109.537178039551,111.523445129395,107.655258178711,98.5664901733398,100.642486572266,98.4870223999023,91.2570648193359,87.5529556274414,83.9021682739258,81.2989730834961,81.3066482543945,81.1153182983398,81.770866394043,81.2709884643555,90.3122482299805,93.6043548583984,89.1543807983398,86.9081192016602,86.3885650634766,86.8117218017578,87.333984375,83.2380905151367,82.7468032836914,83.0557479858398,81.9630279541016,80.0286483764648,80.2922058105469,80.8763198852539,81.6010437011719,81.2910537719727,80.0268173217773,80.0338821411133,80.6943969726562,80.5908050537109,80.681282043457,80.2719573974609,80.1860885620117,86.1990203857422,85.313606262207,86.5839920043945,86.9580612182617,88.6875915527344,91.2387161254883,92.7583389282227,93.1978378295898,92.8487319946289,92.2568664550781,92.4470901489258,91.9886169433594,90.4221954345703,86.2214889526367,75.4473876953125,69.8712692260742,66.5663833618164,62.9868316650391,61.184455871582,60.0474090576172,58.6662788391113,57.999942779541,56.672534942627,54.184642791748,52.8393058776855
"47.5",46.3652725219727,48.9836845397949,50.8583602905273,51.7028427124023,51.2433166503906,52.240161895752,52.3271789550781,52.367317199707,53.7373085021973,52.912223815918,49.9908065795898,49.9231948852539,50.7386817932129,51.7517280578613,51.9973602294922,54.0389747619629,56.1040992736816,57.1232528686523,59.1524200439453,61.8044929504395,63.2660293579102,62.8182907104492,66.578254699707,67.7520370483398,75.4183349609375,84.6212005615234,80.7337341308594,81.5146636962891,85.4069519042969,88.9758987426758,91.2438735961914,94.9496078491211,102.130767822266,103.953872680664,103.233535766602,102.03572845459,100.960403442383,99.5986480712891,98.1283340454102,97.1306610107422,96.2243881225586,95.2926177978516,94.6585540771484,94.0060195922852,92.8037643432617,91.4798049926758,90.5812911987305,90.423942565918,91.468017578125,93.2156295776367,94.5415267944336,95.0425643920898,94.7819213867188,93.760139465332,92.693473815918,91.5972366333008,90.4291534423828,89.6212997436523,89.4318466186523,89.570426940918,89.4762573242188,88.7957763671875,87.8625869750977,86.8786468505859,86.0348434448242,84.6385726928711,82.7534637451172,80.5398635864258,78.3271865844727,79.5978775024414,77.6022872924805,80.8418197631836,83.423095703125,84.4715805053711,85.4173126220703,85.3995132446289,85.3848037719727,92.8709182739258,105.071876525879,108.962181091309,91.2949066162109,85.3709335327148,76.363037109375,71.7342758178711,67.9614791870117,65.0643844604492,61.72119140625,58.148853302002,55.9662590026855,55.4169960021973,55.3296432495117,56.0051422119141,56.9599266052246,57.8916473388672,58.7032814025879,59.2380561828613,58.8095626831055,58.4358406066895,58.2626876831055,58.7588005065918,67.6183471679688,70.8431015014648,71.4994964599609,73.9746322631836,80.8754196166992,82.4361724853516,108.728950500488,111.141319274902,81.3259429931641,80.3831481933594,94.3437194824219,111.603927612305,119.507858276367,123.822708129883,119.10498046875,115.273529052734,113.713821411133,113.884368896484,108.341484069824,111.287284851074,113.108558654785,116.266479492188,115.471710205078,113.132064819336,106.156021118164,107.212928771973,108.719253540039,104.43229675293,103.005981445312,111.697120666504,113.561172485352,113.906387329102,101.707649230957,98.1092376708984,96.4820785522461,92.5185852050781,83.5791015625,79.1676940917969,75.8539276123047,75.1191177368164,74.7733688354492,90.6594696044922,86.7492904663086,88.8153610229492,96.7657775878906,102.669906616211,104.207946777344,92.1591949462891,87.8778228759766,88.5978088378906,88.6724472045898,84.8651885986328,84.0915374755859,83.2583312988281,83.0564804077148,80.9750289916992,81.4440002441406,82.2593460083008,82.3066940307617,81.0634384155273,80.1826019287109,80.4918212890625,80.8987274169922,80.7710723876953,80.4833984375,80.1643524169922,80.50537109375,87.9874801635742,87.2175674438477,87.3665008544922,87.4531555175781,89.5471496582031,92.0857009887695,93.5725860595703,93.698844909668,93.1525192260742,92.3151931762695,92.2811737060547,91.937370300293,90.5890960693359,86.5287475585938,74.8815689086914,70.9405822753906,67.1659774780273,63.3435401916504,61.074878692627,60.2341423034668,58.6178512573242,57.9669494628906,56.6514167785645,54.7637672424316,52.9102363586426
"48.75",46.7655143737793,49.257495880127,50.7441825866699,51.487247467041,51.5290985107422,51.6571311950684,52.2088356018066,52.8089942932129,53.2046508789062,52.0832786560059,50.4776420593262,50.3358764648438,51.6093254089355,51.5439910888672,51.859748840332,53.4442901611328,55.6193084716797,56.3369445800781,58.8934440612793,62.7805252075195,63.4606628417969,63.0703544616699,65.4724655151367,68.2833557128906,74.7260971069336,89.4008712768555,82.9187240600586,81.5201644897461,84.6972274780273,88.6866226196289,91.1066970825195,95.0658340454102,102.012535095215,103.798080444336,103.210578918457,102.083808898926,100.881462097168,99.3413925170898,97.7781600952148,96.6358337402344,95.4827194213867,94.348030090332,93.6376419067383,93.0027847290039,91.9627075195312,90.7908020019531,90.0280227661133,89.8230667114258,90.7900848388672,92.5910568237305,94.0766220092773,94.8559112548828,94.7499389648438,93.7100448608398,92.5559768676758,91.463264465332,90.3148498535156,89.415641784668,89.3325653076172,89.5056838989258,89.3259658813477,88.6006011962891,87.4761123657227,86.5612945556641,85.5890121459961,83.9638442993164,82.0574722290039,79.7909851074219,77.5056915283203,77.0483627319336,79.6375885009766,82.4560775756836,84.4457168579102,83.2898788452148,85.6867752075195,85.4027404785156,85.5819320678711,83.1639404296875,87.3015823364258,99.9008483886719,92.3373336791992,94.8550491333008,81.8246917724609,70.4151763916016,67.0710678100586,64.3837814331055,60.8200721740723,57.6894760131836,56.0041427612305,55.6531295776367,55.5189476013184,56.1429290771484,57.268482208252,58.4438934326172,59.6477165222168,60.23291015625,59.8531074523926,59.6687278747559,59.6056289672852,59.4963569641113,59.7992515563965,64.3082809448242,64.9905624389648,68.0583267211914,74.6061172485352,78.958610534668,94.5060729980469,104.513236999512,81.6487121582031,83.0068130493164,85.8081283569336,100.008483886719,118.763771057129,129.107650756836,130.720855712891,116.102096557617,112.383247375488,110.607902526855,110.669960021973,106.405815124512,103.359252929688,110.10294342041,104.843811035156,104.314735412598,103.899513244629,101.844528198242,100.330924987793,103.759391784668,108.474769592285,117.661727905273,118.1435546875,113.464134216309,106.556610107422,96.816276550293,89.6637191772461,84.4284286499023,74.6572494506836,73.4554290771484,70.6639404296875,73.7975082397461,78.9659576416016,85.707763671875,89.0318603515625,96.0274963378906,101.406745910645,105.429618835449,109.037155151367,107.801116943359,90.8353576660156,89.6594543457031,89.2074356079102,88.6606369018555,86.5578918457031,83.77685546875,82.7939758300781,81.3012390136719,82.5937728881836,82.8691482543945,82.8959121704102,81.7302780151367,80.9027328491211,81.1322937011719,81.2172622680664,80.8264312744141,80.7701034545898,80.5558776855469,80.3142776489258,81.3182373046875,88.2882995605469,84.6449203491211,88.3810195922852,90.6285629272461,93.2046432495117,94.4106826782227,94.195686340332,93.4391937255859,92.6477966308594,92.3484039306641,92.0511093139648,90.956787109375,86.2417755126953,73.9331970214844,72.8525085449219,67.8292846679688,63.2689170837402,61.5388641357422,60.3105125427246,58.6496772766113,57.9223136901855,56.6253433227539,54.7488708496094,52.9106254577637
"50",46.8033752441406,49.2105484008789,50.700252532959,51.0009498596191,51.2821846008301,52.0346794128418,52.1693077087402,52.6134185791016,52.694206237793,51.5112762451172,50.2921295166016,51.1320724487305,52.4840507507324,51.9564552307129,52.3528060913086,53.3354263305664,55.3068351745605,55.6568641662598,58.2542724609375,61.1968002319336,63.1778755187988,64.0393371582031,66.3155975341797,71.0600357055664,70.7979888916016,82.7148666381836,85.3488464355469,81.7292327880859,84.0740509033203,88.2295303344727,91.0254440307617,95.2452087402344,101.822639465332,103.52311706543,102.972709655762,101.921768188477,100.667457580566,98.9746398925781,97.3146820068359,96.1366653442383,94.9476089477539,93.8067169189453,92.9587554931641,92.1947631835938,91.209602355957,90.1734466552734,89.4880599975586,89.2846527099609,90.2087936401367,91.9135818481445,93.7360610961914,94.7554626464844,94.6825790405273,93.6727294921875,92.4525451660156,91.3320007324219,90.2004013061523,89.4725189208984,89.4851913452148,89.7547912597656,89.3925476074219,88.6040344238281,87.4646072387695,86.5205535888672,85.4585418701172,84.0159912109375,82.3533782958984,79.8461837768555,77.711540222168,77.4272079467773,78.4551849365234,79.7845077514648,80.6104125976562,80.6482543945312,80.2583312988281,80.3534088134766,81.3396530151367,80.3164978027344,78.8963470458984,79.6616287231445,78.5700149536133,76.1128616333008,75.3201141357422,67.7606582641602,65.8320388793945,63.3698387145996,60.3240509033203,57.7303810119629,56.2807846069336,56.1277122497559,56.1943397521973,56.4044151306152,57.4698219299316,58.6974792480469,60.2163276672363,61.0277442932129,60.8349266052246,60.9185180664062,61.1491508483887,61.405704498291,61.4997787475586,61.5094184875488,60.9937133789062,62.6797637939453,67.7051391601562,72.7466506958008,82.827262878418,94.1946716308594,82.4134674072266,80.578498840332,83.3064041137695,86.51416015625,118.890121459961,121.83203125,119.561828613281,115.113914489746,111.98119354248,109.736000061035,108.729103088379,106.623558044434,104.664825439453,100.572830200195,102.595375061035,98.0325775146484,99.7979736328125,98.6117858886719,96.8672256469727,100.133628845215,114.797576904297,120.482383728027,118.792495727539,117.085639953613,103.821662902832,93.7804336547852,85.7118911743164,85.268440246582,77.9012298583984,80.0621185302734,80.0400390625,80.1599960327148,83.848747253418,88.6509857177734,98.8475570678711,103.756683349609,106.167739868164,108.477600097656,110.967643737793,114.974571228027,97.6315460205078,91.2499084472656,90.8015365600586,89.4895248413086,86.9540100097656,85.0291213989258,82.6413879394531,80.9315032958984,81.5054092407227,82.8546829223633,83.0347518920898,82.5808639526367,81.63525390625,81.5489196777344,81.0201110839844,80.7800674438477,80.5244216918945,80.6710510253906,79.6804046630859,76.7975463867188,88.9359893798828,87.7962188720703,89.3104705810547,91.7568740844727,94.5297317504883,95.4485092163086,94.7560653686523,93.7093963623047,92.9984359741211,92.6299057006836,92.3589096069336,91.6734313964844,85.9291458129883,72.139404296875,74.3284225463867,68.1345062255859,64.1721496582031,61.6955642700195,60.181224822998,58.8476104736328,57.8786849975586,56.5952224731445,54.7318801879883,52.9103927612305
"51.25",46.8409461975098,49.0835762023926,50.6038818359375,50.9742698669434,50.5530128479004,51.8311195373535,52.1451950073242,53.0099983215332,52.1118583679199,50.3835678100586,50.1063575744629,51.5492095947266,51.7262268066406,52.6888999938965,52.5995101928711,53.6234130859375,55.2543754577637,56.0648918151855,56.6859016418457,60.4869651794434,62.9020919799805,65.17333984375,67.5325775146484,70.7651214599609,71.9009017944336,77.50244140625,89.6306076049805,82.0654983520508,83.7385940551758,87.6286087036133,90.744384765625,95.0876159667969,101.368576049805,103.092346191406,102.531578063965,101.565574645996,100.365005493164,98.5560455322266,96.8435516357422,95.6673126220703,94.5492172241211,93.4415969848633,92.5054626464844,91.5667114257812,90.5991516113281,89.5958099365234,88.78515625,88.4325408935547,89.2591781616211,91.1910705566406,93.4404830932617,94.7843399047852,94.6132049560547,93.5906143188477,92.3627014160156,91.3188247680664,90.2053298950195,89.8049926757812,89.9930877685547,90.0732727050781,89.6269836425781,88.8157958984375,87.7344055175781,86.9000091552734,85.9909973144531,84.5567321777344,82.7886962890625,80.6975784301758,79.0526809692383,78.6976547241211,79.5260543823242,80.8580856323242,81.5132904052734,81.2594375610352,80.5779037475586,79.8046569824219,78.9044876098633,77.9466552734375,78.5903778076172,78.3243103027344,76.5033950805664,75.2732315063477,68.8712310791016,66.8646469116211,64.8863754272461,62.5476760864258,60.2352867126465,58.3077011108398,57.0168342590332,56.9786109924316,57.1767425537109,56.835018157959,57.4458770751953,58.5883979797363,60.4643249511719,61.8764915466309,62.1007881164551,62.2879447937012,62.4246406555176,62.7017402648926,62.7175903320312,62.823169708252,62.8666114807129,62.9916877746582,63.8885383605957,66.4824676513672,69.9897766113281,72.6728439331055,72.7255706787109,74.8247833251953,79.3274993896484,82.2158508300781,106.043296813965,116.199348449707,117.669006347656,117.016403198242,112.564300537109,108.484039306641,107.668853759766,107.257110595703,100.609031677246,100.982780456543,104.571243286133,94.910026550293,96.9254913330078,98.6164016723633,104.376770019531,121.152069091797,123.881958007812,125.898628234863,123.458549499512,112.896995544434,101.309310913086,89.417839050293,88.8532257080078,90.7278747558594,84.5454330444336,85.491828918457,85.479248046875,84.8238220214844,87.4126129150391,97.9792098999023,100.440406799316,108.090927124023,110.417419433594,111.709136962891,113.735954284668,118.241050720215,104.110908508301,92.9029312133789,92.252685546875,89.9141845703125,86.9599761962891,85.7861022949219,82.9646148681641,82.4267501831055,82.0263366699219,83.2479858398438,83.2575836181641,82.996955871582,82.0331954956055,81.5288543701172,80.5111389160156,80.6880416870117,80.895622253418,80.8854370117188,79.2881240844727,75.4280471801758,79.2280502319336,89.871208190918,90.3973999023438,92.2322845458984,91.6384124755859,96.9924011230469,95.5274124145508,94.0035018920898,93.3214797973633,93.0165252685547,92.5330352783203,92.0522689819336,85.0791091918945,73.253532409668,74.6109848022461,69.0256423950195,64.1242065429688,61.7977867126465,60.0625152587891,58.9515380859375,57.828182220459,56.5608100891113,54.7128410339355,52.9096717834473
"52.5",46.3979530334473,49.2245826721191,50.9973106384277,50.6915550231934,50.3595352172852,51.7069091796875,52.2160034179688,53.0973739624023,51.4871101379395,50.2635765075684,49.6788482666016,51.1753044128418,52.5258102416992,52.9982528686523,52.3550148010254,53.7241516113281,55.6475296020508,56.4938430786133,56.8644180297852,58.2220764160156,62.1028327941895,65.6520385742188,68.0295944213867,70.0151214599609,71.7153091430664,72.7901382446289,85.712760925293,82.1364059448242,83.8766326904297,87.2154998779297,90.4299163818359,94.6750183105469,100.673278808594,102.565353393555,101.968826293945,101.128074645996,100.053611755371,98.2375335693359,96.50927734375,95.2683334350586,94.1473388671875,93.0297088623047,92.0467376708984,91.0404586791992,90.0048217773438,88.8606872558594,87.9338836669922,87.4541091918945,88.2434158325195,90.5914764404297,93.2783050537109,94.8526763916016,94.5415191650391,93.3241500854492,92.1922302246094,91.126106262207,90.2454376220703,90.2977905273438,90.6471939086914,90.5366897583008,89.9198379516602,89.1493377685547,88.1404113769531,87.5104370117188,86.6724548339844,85.0564956665039,83.0697250366211,81.3539505004883,80.3214111328125,79.9350357055664,80.611457824707,81.6663665771484,81.9980621337891,81.631706237793,80.8336563110352,79.8786392211914,78.714958190918,77.3558578491211,76.1186294555664,74.5347671508789,72.4426193237305,70.1059188842773,68.0369567871094,66.2350387573242,64.1585159301758,61.9596786499023,60.1034164428711,58.9531059265137,58.3029365539551,58.1847457885742,58.0681571960449,57.4271354675293,57.4632835388184,58.024787902832,59.786319732666,61.6316070556641,62.4251976013184,62.9622955322266,63.128589630127,63.4303855895996,63.5789909362793,63.8286018371582,64.2126541137695,64.8023376464844,65.002555847168,64.6763610839844,64.8821487426758,65.3407745361328,67.2036209106445,70.9213562011719,75.0062713623047,80.0729827880859,88.5579833984375,102.215911865234,114.865852355957,116.012954711914,114.530502319336,109.532638549805,105.268692016602,107.462265014648,105.478691101074,97.2129135131836,96.2009429931641,97.2010192871094,99.7810821533203,114.926750183105,123.495475769043,124.075653076172,127.253387451172,127.411964416504,119.469673156738,113.962265014648,103.091201782227,95.3156051635742,96.8884506225586,94.3268737792969,89.2947845458984,90.8014602661133,90.4840087890625,88.3352279663086,93.7776412963867,99.1875991821289,91.1528167724609,111.511810302734,115.51390838623,116.490112304688,118.659934997559,108.016418457031,96.4957427978516,94.7475967407227,92.8874740600586,90.0238647460938,87.8635025024414,85.0245666503906,84.0184707641602,83.2348098754883,82.6169586181641,82.9279708862305,83.1944122314453,82.3274536132812,81.8883590698242,81.0659027099609,80.4928970336914,80.6441879272461,80.8576354980469,79.8094482421875,77.1374588012695,74.7875213623047,75.780158996582,88.3731307983398,91.1816482543945,92.485954284668,80.9600601196289,92.4499969482422,96.6064071655273,94.1981430053711,93.4403457641602,93.3280639648438,92.6214752197266,92.0718383789062,84.2792663574219,74.8892135620117,74.3195114135742,69.47607421875,64.1063385009766,61.7121963500977,60.2065505981445,58.9788627624512,57.7536735534668,56.5206108093262,54.690055847168,52.9088897705078
"53.75",46.7239418029785,49.24072265625,50.4350929260254,50.9623527526855,50.072868347168,51.4581718444824,52.4224586486816,54.0720024108887,51.7585716247559,50.0430145263672,50.0301933288574,52.3094100952148,52.6951446533203,52.484790802002,52.3210983276367,53.9655532836914,55.5815620422363,57.165943145752,57.8023490905762,57.468994140625,62.6539154052734,65.5556716918945,68.2511138916016,69.8976135253906,71.3759384155273,71.1090316772461,82.8281784057617,82.0065765380859,84.2719421386719,87.0910873413086,90.2154312133789,94.1862869262695,99.9095916748047,102.009338378906,101.533424377441,100.753761291504,99.7594680786133,98.0182495117188,96.2128601074219,94.8883361816406,93.7201080322266,92.4976272583008,91.4582061767578,90.3887710571289,89.3207778930664,88.1013031005859,87.202880859375,87.0932006835938,88.3657150268555,91.1322402954102,93.9369735717773,95.024658203125,94.3226547241211,92.9916915893555,91.8193359375,90.7496109008789,90.0779190063477,90.4737930297852,90.8937225341797,90.789436340332,90.0482788085938,89.3557815551758,88.6802139282227,87.9407043457031,86.6292037963867,84.6886138916016,82.8830032348633,81.7208251953125,81.4125137329102,81.2123336791992,81.5835189819336,82.2258605957031,82.5636978149414,81.8548965454102,80.4852828979492,79.5495376586914,78.4311294555664,77.2290573120117,75.7777252197266,73.751335144043,71.4560089111328,69.2770462036133,67.2761077880859,65.2540054321289,63.5540428161621,61.6105537414551,59.8913955688477,58.9693908691406,58.8109016418457,58.9423484802246,58.6737899780273,58.0514106750488,57.8809661865234,58.0931777954102,59.0346221923828,60.5818481445312,61.611141204834,62.2724571228027,62.8524932861328,63.8380813598633,64.2394180297852,64.2745056152344,64.7336959838867,65.915283203125,66.7535247802734,66.9707641601562,67.0398864746094,66.6777114868164,67.5847091674805,73.0916213989258,71.4640045166016,76.8036575317383,81.7304077148438,89.1548461914062,110.905830383301,113.823532104492,112.046463012695,113.824699401855,109.01969909668,113.539443969727,109.094909667969,103.608657836914,97.1460189819336,99.6573944091797,113.618751525879,120.186553955078,127.928833007812,130.467269897461,129.881759643555,126.347610473633,121.980667114258,115.086631774902,105.254333496094,101.269912719727,104.554908752441,100.573211669922,95.5433197021484,87.6172943115234,87.2641067504883,91.1520309448242,90.7552642822266,91.3544616699219,94.5357055664062,108.420425415039,121.497055053711,122.656364440918,121.76912689209,97.9254684448242,95.2317504882812,95.5275039672852,93.5140151977539,89.99169921875,86.1620941162109,86.8834762573242,84.7877960205078,82.7035980224609,83.509033203125,82.5993576049805,82.6266098022461,82.1584777832031,81.699821472168,80.9560699462891,81.2106781005859,81.1309127807617,79.8740615844727,78.8232879638672,76.4253845214844,74.5193023681641,76.8603210449219,89.0183944702148,91.668327331543,82.1575775146484,75.3034896850586,87.5536575317383,96.5007934570312,94.7397918701172,93.471305847168,93.3830184936523,92.6987686157227,92.0864334106445,83.7910308837891,74.3461303710938,75.0300903320312,69.5495376586914,64.1976776123047,61.5874061584473,60.3950881958008,58.8589897155762,57.7755813598633,56.4855537414551,54.6675453186035,52.9078598022461
"55",46.3972320556641,49.401123046875,50.3711624145508,50.5987930297852,50.046085357666,51.41845703125,52.2881546020508,54.1925964355469,50.5475273132324,49.7472343444824,49.3970565795898,52.805835723877,52.5658378601074,52.1115417480469,52.3349876403809,54.3239440917969,55.7538146972656,57.4556579589844,59.8071136474609,60.7777442932129,62.0665168762207,65.0541305541992,68.8170013427734,70.7507400512695,73.6259994506836,72.6946792602539,82.3173141479492,82.1019058227539,84.7329635620117,87.2268142700195,90.1979751586914,93.9249801635742,99.2930679321289,101.583480834961,101.189498901367,100.500442504883,99.5109481811523,97.8302917480469,95.9612731933594,94.4883499145508,93.2732315063477,91.9900588989258,90.8861465454102,89.8571319580078,88.8528060913086,87.8772659301758,87.6669540405273,88.6738891601562,90.7639389038086,93.4150085449219,95.2649765014648,95.0778045654297,93.7797622680664,92.4719772338867,91.4332580566406,90.4814529418945,89.9466094970703,90.3065948486328,90.8096389770508,90.6660614013672,90.0619583129883,89.5087203979492,89.0009078979492,87.7417068481445,85.9523773193359,84.3076629638672,82.7566375732422,82.0548400878906,82.0052871704102,82.393180847168,82.7177886962891,82.999382019043,83.0689849853516,82.1836471557617,80.5426025390625,79.3632888793945,78.1382446289062,76.8069915771484,75.0027542114258,72.8314361572266,70.5442428588867,68.3424835205078,66.208251953125,64.484977722168,62.9380836486816,61.2200775146484,59.5893974304199,58.5651588439941,58.3032531738281,58.6890487670898,58.9534454345703,58.6931800842285,58.5341529846191,58.7274856567383,59.089771270752,59.9232940673828,60.8160667419434,61.2089805603027,62.1527404785156,63.3792572021484,63.9342041015625,64.1067047119141,64.2821884155273,65.3073425292969,66.5625915527344,67.7941436767578,68.5601196289062,68.1416015625,68.6207122802734,70.0431594848633,70.5346298217773,74.0368728637695,78.3031005859375,82.1103897094727,103.532745361328,106.571304321289,106.052536010742,103.548629760742,111.635711669922,113.311210632324,112.547752380371,108.350151062012,100.096778869629,99.9675598144531,112.227798461914,120.455337524414,124.728874206543,127.112907409668,131.402496337891,125.095932006836,121.850456237793,118.41862487793,108.982093811035,108.18830871582,104.759773254395,104.790237426758,93.101432800293,89.9990386962891,80.2308883666992,76.6359329223633,80.0124435424805,93.02001953125,97.0177383422852,96.0942916870117,111.035758972168,108.784706115723,103.750823974609,94.7354888916016,94.9904098510742,95.1283111572266,93.5424575805664,87.5981369018555,87.6731643676758,85.9132766723633,84.1306381225586,82.634651184082,83.7829437255859,82.9201126098633,82.6039886474609,82.2757110595703,81.5558700561523,81.3253326416016,81.4815902709961,80.5407028198242,79.7035522460938,78.2979583740234,76.0400772094727,75.6681747436523,77.6235961914062,92.0817565917969,91.4717788696289,78.1822891235352,81.9238662719727,78.7791976928711,86.6289520263672,92.8689727783203,94.0295639038086,93.3976745605469,92.7602920532227,92.0693969726562,82.4883193969727,72.2977600097656,76.6505126953125,69.8488693237305,64.2283401489258,61.9190979003906,60.4492950439453,58.8300476074219,57.7056121826172,56.4490203857422,54.6447639465332,52.9057846069336
"56.25",46.3615646362305,49.4081039428711,50.2430877685547,50.5975646972656,49.947582244873,51.3485069274902,52.3883476257324,54.2401275634766,50.993049621582,49.7928466796875,50.0754432678223,51.967643737793,52.4581985473633,51.3722038269043,52.1211204528809,54.4744758605957,56.2402381896973,57.8721046447754,59.2724761962891,59.3324012756348,59.6595306396484,64.1407241821289,68.6762084960938,72.0010070800781,74.3096771240234,76.0452194213867,78.4970321655273,82.1552200317383,84.9614105224609,87.7616577148438,90.6806716918945,93.6101531982422,99.0484313964844,101.390441894531,101.016998291016,100.339721679688,99.3400421142578,97.6327285766602,95.740837097168,94.1997528076172,92.9055633544922,91.6047744750977,90.5447006225586,89.6229934692383,89.0829315185547,89.1861724853516,90.2406463623047,91.9380645751953,93.8789749145508,95.538330078125,95.7230758666992,94.4833145141602,93.006233215332,92.0006256103516,91.1219329833984,90.3903427124023,89.9674606323242,90.2525634765625,90.6361923217773,90.3178100585938,89.7484741210938,89.284309387207,88.6808471679688,87.0164794921875,85.2428741455078,83.8019866943359,82.6628799438477,82.4440689086914,82.889892578125,83.3147888183594,83.5533447265625,83.3094482421875,82.6452484130859,81.7284698486328,80.5091705322266,79.3077697753906,77.8879241943359,76.4490356445312,74.3501434326172,72.1191024780273,69.7127914428711,67.3292007446289,65.4293975830078,63.8346176147461,62.3204917907715,60.7362403869629,59.2367401123047,58.2029266357422,57.7405052185059,58.104320526123,58.8395080566406,59.096549987793,59.2749137878418,59.6375923156738,59.6464653015137,59.8295593261719,60.4141883850098,60.8866577148438,61.6963157653809,62.9476547241211,63.5131759643555,63.8787269592285,63.9742088317871,64.6990509033203,66.1338195800781,67.7858428955078,69.2509689331055,68.9694976806641,69.0988998413086,69.9287261962891,70.6327209472656,72.9033050537109,76.3982086181641,79.9221572875977,85.6133728027344,97.4479522705078,99.910888671875,101.977951049805,104.315361022949,116.519691467285,122.074867248535,126.504669189453,101.921455383301,98.4777145385742,110.488807678223,120.00032043457,124.958877563477,133.378646850586,134.490509033203,126.597816467285,121.280982971191,119.787033081055,117.028564453125,109.187652587891,109.444869995117,103.195220947266,97.9136581420898,86.7690658569336,81.0831756591797,74.1556243896484,74.635612487793,94.8733291625977,96.9178161621094,96.5873870849609,98.0195159912109,99.30712890625,98.0854949951172,95.3012390136719,95.0449066162109,93.6862106323242,92.6017837524414,90.0445175170898,86.4644927978516,86.4261627197266,85.3030776977539,83.0692825317383,84.4026031494141,83.5546035766602,83.0062942504883,82.7322692871094,81.7309722900391,81.5087127685547,81.0956954956055,80.313232421875,79.8245391845703,78.1816253662109,75.7747039794922,72.4922485351562,76.2594680786133,92.08203125,92.14404296875,88.5458602905273,89.8061447143555,84.5611724853516,75.3591232299805,85.0442276000977,95.2448883056641,93.5991897583008,92.7919387817383,90.9745254516602,81.8369445800781,71.0462265014648,75.5520629882812,70.2364349365234,64.6474838256836,62.0694313049316,60.4511985778809,58.7782020568848,57.5391006469727,56.4168319702148,54.6121101379395,52.9041290283203
"57.5",46.391731262207,49.5943336486816,50.700569152832,50.5021667480469,49.8247985839844,51.285774230957,53.5266990661621,54.3464050292969,50.8474655151367,49.3172225952148,49.7157936096191,52.6315002441406,53.3483352661133,50.7575569152832,51.5410118103027,54.1631393432617,56.73046875,58.1595573425293,59.6750335693359,60.5300788879395,61.3072853088379,64.6071243286133,68.8071517944336,72.6428070068359,73.9327087402344,78.3682098388672,78.5545654296875,81.7019500732422,84.7002029418945,87.9738616943359,91.2922592163086,93.5136642456055,98.9161529541016,101.478698730469,101.024909973145,100.329315185547,99.2960510253906,97.5483779907227,95.659782409668,94.016242980957,92.6504058837891,91.3274002075195,90.2937088012695,89.5464935302734,89.4596633911133,90.121223449707,91.3955230712891,92.7749099731445,94.2622756958008,95.3424530029297,94.7813873291016,93.4105453491211,92.2937469482422,91.5804672241211,90.935546875,90.4229202270508,90.1125411987305,90.6728439331055,90.8735046386719,90.2947692871094,89.6222457885742,89.1704788208008,88.3292083740234,86.5117340087891,84.8401412963867,83.6819458007812,82.9612197875977,82.9663314819336,83.6559753417969,84.060173034668,84.2827758789062,83.6664810180664,82.3822937011719,81.3556442260742,80.5557250976562,79.4028015136719,77.9321441650391,76.1396179199219,74.0707855224609,71.7486038208008,69.0419845581055,66.9355850219727,65.0972595214844,63.588062286377,62.0183181762695,60.4951782226562,59.058292388916,57.9683685302734,57.5710258483887,57.9032211303711,58.7860107421875,59.3131446838379,59.8571891784668,60.2315292358398,60.3445129394531,60.3713989257812,60.6484375,61.0360107421875,61.6581649780273,62.6655387878418,63.2846641540527,63.8738784790039,64.305534362793,65.0128173828125,66.4184951782227,68.2829360961914,70.0097122192383,69.9285125732422,69.9854736328125,70.2893981933594,70.2143020629883,71.7410430908203,74.6313629150391,77.8623657226562,80.9289245605469,83.5133819580078,94.1706085205078,97.5483016967773,111.586654663086,120.291030883789,133.053680419922,114.052169799805,100.141227722168,99.6719665527344,114.449035644531,127.476356506348,131.586853027344,132.045227050781,127.197326660156,128.478378295898,125.076049804688,121.916717529297,117.927200317383,117.383506774902,113.888725280762,107.712394714355,100.949737548828,86.1200790405273,83.7540283203125,67.0436248779297,68.0509414672852,98.2443542480469,95.040901184082,95.5645980834961,97.495735168457,98.453010559082,98.5044937133789,94.9784393310547,94.7839431762695,93.2455902099609,90.0245056152344,88.6333694458008,83.9554977416992,84.4883728027344,84.1380386352539,83.9843292236328,83.8865127563477,82.8242568969727,82.5700149536133,82.7875289916992,82.5343704223633,81.7174301147461,80.2517395019531,79.5015106201172,78.4201278686523,77.1723709106445,75.8868560791016,74.8007736206055,80.306037902832,94.6418228149414,92.6277313232422,91.0456314086914,90.069709777832,89.8114013671875,79.9349746704102,78.9493255615234,95.0359268188477,94.0125350952148,92.8972702026367,89.7424926757812,81.5474853515625,65.2823791503906,75.9343490600586,70.4678421020508,63.9712791442871,62.1471633911133,60.4624176025391,58.7388648986816,57.4404945373535,56.3729782104492,54.6053771972656,52.9023895263672
"58.75",46.8461685180664,49.1893119812012,50.1168441772461,49.770923614502,49.7720718383789,51.2796401977539,53.6147193908691,53.7913627624512,50.7215576171875,49.819206237793,50.5867309570312,52.7098274230957,53.8053817749023,50.4713935852051,51.7205238342285,53.1878929138184,56.3971786499023,59.1042938232422,59.9988861083984,61.4657669067383,62.7073440551758,65.2126159667969,69.0300979614258,72.6958694458008,78.9029159545898,80.8859405517578,78.7744293212891,81.3358154296875,84.424186706543,88.237678527832,91.818733215332,93.3492202758789,98.83251953125,101.600151062012,101.112129211426,100.310806274414,99.1754531860352,97.4478912353516,95.5429534912109,93.8895492553711,92.4631042480469,91.0109634399414,89.8339080810547,89.0151748657227,88.8993911743164,89.3910064697266,90.3337936401367,91.4214935302734,92.8040466308594,93.7938537597656,93.4067230224609,92.4878158569336,91.8040466308594,91.2566680908203,90.7526321411133,90.2377395629883,90.198844909668,91.1926116943359,91.2015762329102,90.4976348876953,89.7205352783203,89.1872329711914,88.0426254272461,86.4049530029297,84.7943496704102,83.9690017700195,83.4036026000977,83.7462844848633,84.4455261230469,84.6975708007812,84.7422714233398,83.8386306762695,82.6034317016602,81.5340194702148,80.5071563720703,79.3583450317383,77.8982620239258,75.9018173217773,73.7546539306641,71.0515213012695,68.5909042358398,66.5622024536133,64.8368377685547,63.4371604919434,61.9737396240234,60.4877777099609,58.9220504760742,57.7270355224609,57.3689346313477,57.8165435791016,58.8453407287598,59.3682174682617,60.0620307922363,60.6858100891113,61.1818161010742,61.3802757263184,61.5982437133789,61.8188552856445,62.2947196960449,62.8040084838867,63.2838668823242,64.009651184082,64.6452178955078,65.5222244262695,67.0488586425781,68.8220443725586,70.6010513305664,70.7776336669922,70.6575546264648,70.1917419433594,69.6431121826172,70.5982894897461,72.7309036254883,75.4518051147461,78.1686401367188,80.8098526000977,83.2616271972656,88.73193359375,96.4925003051758,109.201698303223,116.604507446289,104.31713104248,98.8349914550781,108.791877746582,129.09489440918,132.654251098633,131.692565917969,133.387268066406,132.140426635742,128.966049194336,125.266883850098,122.721122741699,119.075538635254,118.174507141113,112.373817443848,105.017906188965,98.2461700439453,91.7877807617188,90.2794036865234,87.2971572875977,78.0249404907227,102.414443969727,93.7527160644531,87.4730377197266,94.4393692016602,99.4571151733398,98.4395446777344,96.4972839355469,95.3175888061523,93.2804870605469,92.086051940918,90.8173065185547,87.4396743774414,87.5859298706055,84.1220550537109,84.380500793457,83.4130630493164,82.0192031860352,82.1195831298828,81.5672378540039,81.2248458862305,79.5755767822266,79.4925231933594,78.3381805419922,77.5180206298828,78.1336822509766,76.6065826416016,74.9690856933594,78.2630081176758,96.4860000610352,92.654411315918,91.3811187744141,90.5909729003906,90.2412185668945,89.9822006225586,78.7229461669922,79.4939727783203,94.7626647949219,93.3885650634766,88.989013671875,81.114372253418,62.0930061340332,78.3210067749023,69.8044662475586,63.8251419067383,62.214241027832,60.3078002929688,58.7784881591797,57.3633079528809,56.3247566223145,54.5892791748047,52.8996887207031
"60",46.3608055114746,49.3269729614258,50.1103630065918,50.355052947998,49.9675331115723,51.7565727233887,53.7934951782227,53.9466514587402,50.6830215454102,49.9859390258789,50.895622253418,53.4414138793945,54.6597900390625,51.3318099975586,51.4292144775391,51.656063079834,56.1138572692871,60.9152221679688,61.2283897399902,61.6052856445312,63.1769828796387,66.1766815185547,69.4660491943359,72.5686950683594,81.6955795288086,84.7106170654297,79.7002487182617,81.1329574584961,84.4592971801758,88.5169219970703,92.1927871704102,93.3055648803711,98.6757583618164,101.642166137695,101.028633117676,100.094741821289,98.89404296875,97.2146759033203,95.3377304077148,93.7100372314453,92.2285995483398,90.6776809692383,89.3098297119141,88.2745361328125,87.7704925537109,87.9553070068359,88.6353607177734,89.7973327636719,91.4501571655273,92.6614685058594,92.5238265991211,91.9974822998047,91.3873062133789,90.9667892456055,90.43359375,90.0293045043945,90.5060653686523,91.6394882202148,91.4900512695312,90.8957366943359,90.2330932617188,89.2744445800781,87.9656066894531,86.3724136352539,85.0900802612305,84.2765121459961,83.6317443847656,84.0641479492188,84.7648544311523,85.0113296508789,84.8760528564453,83.9344253540039,82.9778289794922,81.8502578735352,80.4812698364258,79.2155151367188,77.8209381103516,75.5553817749023,73.1993942260742,70.4641952514648,68.3364410400391,66.3983459472656,64.7997512817383,63.4143867492676,62.006031036377,60.3992042541504,58.7302017211914,57.6517066955566,57.2918968200684,57.7643165588379,58.6353569030762,59.3228302001953,60.0984077453613,60.960693359375,61.6185569763184,62.0603637695312,62.259449005127,62.4076614379883,62.3670463562012,62.5538864135742,62.9842872619629,63.8028717041016,64.5550842285156,65.6501846313477,66.9713668823242,68.8813858032227,70.6341781616211,70.3568115234375,70.1531982421875,69.5920333862305,69.1419677734375,69.3500900268555,70.7553787231445,72.9845504760742,76.2357711791992,79.4906387329102,82.6340866088867,85.1636734008789,89.7178115844727,98.6693344116211,97.2118606567383,95.9300003051758,97.3996658325195,117.760307312012,134.836624145508,133.939849853516,132.231750488281,132.170440673828,128.997512817383,128.856811523438,126.193344116211,121.899375915527,118.024459838867,116.883171081543,108.879676818848,102.444732666016,92.2503814697266,92.231819152832,93.9371109008789,89.3696441650391,100.03450012207,96.3039016723633,86.0559844970703,83.6639556884766,91.2366638183594,96.8797760009766,98.1262817382812,96.5178375244141,94.1151351928711,92.9059753417969,92.4346237182617,91.0216064453125,88.8916168212891,88.5449447631836,83.8824768066406,83.7707748413086,83.0068740844727,82.7152481079102,82.4852523803711,81.759391784668,80.3372344970703,79.9633178710938,78.9399108886719,77.8066329956055,76.4855346679688,77.5030288696289,74.8313293457031,75.0656509399414,76.5514602661133,88.1628875732422,89.4878005981445,91.994010925293,91.2343215942383,90.9972457885742,93.6978302001953,83.0049667358398,69.2240905761719,95.3502960205078,93.9222640991211,88.5824813842773,81.9543533325195,66.4820556640625,77.5683517456055,69.0556640625,63.9322509765625,62.1308288574219,60.3315696716309,58.7039451599121,57.2955703735352,56.3219566345215,54.5719795227051,52.8967132568359
"61.25",46.7212409973145,49.2857093811035,50.1231384277344,49.9346313476562,49.7734489440918,52.0065078735352,53.9526519775391,54.5151062011719,50.7225646972656,50.1773376464844,50.8026504516602,53.9382972717285,55.5243453979492,53.1366996765137,53.7073516845703,52.3925552368164,55.6476211547852,63.1653213500977,63.4020690917969,62.4278373718262,63.637264251709,66.6145629882812,69.9048156738281,73.0771408081055,81.4989318847656,86.6480865478516,80.5791168212891,81.3117599487305,84.8460159301758,89.0921249389648,92.7155685424805,93.4200744628906,98.5797805786133,101.427520751953,100.682403564453,99.7053146362305,98.3900451660156,96.7348098754883,94.9609909057617,93.4308013916016,91.9976577758789,90.402229309082,89.0547409057617,87.9673233032227,87.1345291137695,86.8641662597656,87.4400177001953,88.9860687255859,90.9907073974609,92.1276626586914,91.9993057250977,91.5376358032227,90.974609375,90.5266342163086,89.9707183837891,90.0143814086914,90.9219512939453,91.960205078125,91.8076934814453,91.3398742675781,90.713752746582,89.4569091796875,88.0866546630859,86.4629211425781,85.4282836914062,84.5166091918945,83.6838607788086,84.3463287353516,84.9741439819336,85.2496032714844,84.9882965087891,84.2876205444336,83.3413238525391,81.9954299926758,80.4768295288086,79.2461547851562,77.627326965332,75.1432495117188,72.5327301025391,70.1386642456055,68.2061309814453,66.5016708374023,64.8128051757812,63.3173370361328,62.006031036377,60.4865341186523,58.7848014831543,57.8827438354492,57.3057518005371,57.7658615112305,58.6363830566406,59.5318984985352,60.477897644043,61.4642143249512,62.3112335205078,62.6706619262695,63.0945167541504,62.9502182006836,62.4069633483887,62.2495536804199,62.5320243835449,63.322193145752,64.3686141967773,65.5901870727539,66.9836730957031,68.8631439208984,69.9959030151367,69.5824508666992,68.9878540039062,68.5512466430664,68.1132507324219,68.2016372680664,69.4194793701172,71.6004104614258,74.8111724853516,78.5195846557617,82.0701904296875,85.2136764526367,88.7914276123047,91.7430191040039,94.3699951171875,94.9997406005859,96.8256683349609,120.80143737793,136.377334594727,134.389770507812,132.280181884766,129.829177856445,129.923141479492,125.765571594238,124.373138427734,120.582481384277,117.327003479004,112.528999328613,101.905303955078,106.866561889648,91.9264450073242,93.2752304077148,94.8656768798828,94.8382034301758,95.8118057250977,95.4074554443359,91.8969650268555,84.7564239501953,93.916633605957,95.5889663696289,97.258186340332,96.6293411254883,93.6989288330078,93.1269073486328,92.707649230957,91.3480758666992,88.1364822387695,87.8522338867188,86.2899017333984,83.741455078125,83.8112411499023,83.0800628662109,82.0810546875,80.5863418579102,78.8515167236328,79.0265884399414,77.4280319213867,74.9794692993164,75.4153213500977,75.8954696655273,71.5112457275391,73.7870483398438,70.9815444946289,77.1499786376953,93.2855834960938,92.5517501831055,91.9283447265625,91.6033401489258,93.1719512939453,87.6250991821289,65.9062042236328,92.6964569091797,94.3647003173828,88.2587585449219,81.8466873168945,74.5539855957031,76.1141586303711,68.5663528442383,63.937801361084,62.124755859375,60.4196472167969,58.6947975158691,57.2374114990234,56.3133316040039,54.5513610839844,52.893196105957
"62.5",46.3489036560059,49.2501068115234,50.1163673400879,49.3621597290039,49.6622161865234,51.2695236206055,53.5130958557129,54.4902839660645,50.7676200866699,50.4468688964844,51.1513748168945,54.0621032714844,56.3428077697754,55.1441040039062,55.9689292907715,56.0647087097168,56.5473861694336,64.9311752319336,66.2329864501953,63.7317695617676,64.4403381347656,66.4184036254883,69.7943420410156,72.4003143310547,82.7080459594727,88.190803527832,81.0827102661133,81.5215606689453,85.3198318481445,89.6800308227539,93.1915588378906,93.7483291625977,98.6285858154297,101.161987304688,100.308586120605,99.20166015625,97.7927474975586,96.1701889038086,94.4892120361328,93.0616226196289,91.7643966674805,90.4010314941406,89.2714004516602,88.3359832763672,87.4062652587891,86.6052398681641,86.7001266479492,88.3284606933594,90.72314453125,91.7369918823242,91.4303588867188,91.0485000610352,90.4364776611328,90.0509490966797,89.8100738525391,90.1644058227539,91.067741394043,91.9820556640625,92.1462860107422,91.7218017578125,91.0645523071289,89.8112487792969,88.1438217163086,86.6545257568359,85.8744888305664,84.7680282592773,83.7566680908203,84.556396484375,85.1902923583984,85.3461837768555,85.2994918823242,84.7806549072266,83.7126693725586,81.9200897216797,80.4900588989258,79.2919235229492,77.3331451416016,74.7771606445312,72.2265014648438,69.8545379638672,68.2522583007812,66.5763320922852,64.8612289428711,63.3515472412109,62.154354095459,60.558952331543,58.9322357177734,58.2070922851562,57.471809387207,57.6999320983887,58.4999008178711,59.469841003418,60.7283096313477,62.0993804931641,62.8484001159668,63.4545860290527,64.0048980712891,63.8885154724121,62.8981285095215,62.1931495666504,62.0676002502441,62.8080596923828,63.8250770568848,65.4043960571289,66.9740295410156,68.5379638671875,69.0931777954102,68.9289321899414,68.0464706420898,67.4328231811523,66.5368728637695,66.7330932617188,67.8927841186523,70.0394134521484,72.9979019165039,76.3334808349609,80.4191513061523,84.3897933959961,88.3709564208984,91.50390625,93.8437881469727,94.4357299804688,96.280891418457,124.56226348877,135.003112792969,131.808395385742,129.006134033203,119.828628540039,117.717361450195,122.57103729248,125.000106811523,125.38109588623,118.250526428223,110.189430236816,104.410987854004,103.114227294922,93.7269439697266,94.2396240234375,92.1831359863281,94.2893829345703,99.3041839599609,98.1616287231445,95.2358016967773,94.8426132202148,96.9802856445312,96.1489944458008,96.9724960327148,96.6661987304688,94.7387924194336,93.1700973510742,91.9311447143555,89.5097961425781,87.9248657226562,87.0234603881836,86.2242279052734,84.6951370239258,83.3482818603516,82.090576171875,79.9858322143555,78.798225402832,78.1957015991211,77.7997741699219,75.7676467895508,74.1612014770508,73.4750518798828,74.0916137695312,74.7770156860352,70.9730911254883,72.5522766113281,74.3483963012695,91.6529159545898,93.2190551757812,92.5715026855469,92.1759643554688,92.8544082641602,91.456428527832,68.4194183349609,94.1880111694336,94.7087860107422,88.058708190918,81.014533996582,78.7008056640625,74.4493942260742,67.8524398803711,63.8997039794922,62.0862655639648,60.4104156494141,58.6610794067383,57.1614990234375,56.2790260314941,54.5285873413086,52.8899307250977
"63.75",46.3622589111328,49.3913497924805,49.8587074279785,49.1454238891602,49.8648414611816,51.2183685302734,54.4493293762207,54.5781021118164,50.8219871520996,50.5017318725586,50.5977325439453,54.7773666381836,57.1758728027344,56.6159172058105,57.8791236877441,59.501895904541,59.2893180847168,65.2863693237305,67.0236587524414,65.3757705688477,65.0912475585938,65.9960327148438,69.3534164428711,71.4497680664062,83.3287124633789,88.9923706054688,81.13037109375,81.6514739990234,85.6469497680664,90.0417556762695,93.4603424072266,94.2118148803711,98.8571929931641,101.041198730469,100.04581451416,98.7036666870117,97.0730133056641,95.5412902832031,93.9867553710938,92.6801300048828,91.6609344482422,90.5649566650391,89.7055206298828,88.8515853881836,87.9597778320312,86.9621047973633,86.3769378662109,87.3736419677734,90.1689682006836,91.1872177124023,90.9290771484375,90.526123046875,89.9015121459961,89.6945571899414,89.7291259765625,90.1941833496094,90.9358673095703,91.8244400024414,92.247802734375,91.9489974975586,91.2119827270508,89.9614715576172,88.2015609741211,86.9668655395508,86.3155517578125,85.0392303466797,84.0595932006836,84.6622543334961,85.2803955078125,85.550651550293,85.6490478515625,85.1711578369141,83.4722747802734,81.7803649902344,80.6596527099609,79.3403701782227,76.9027709960938,74.5081329345703,72.1243667602539,70.0285186767578,68.6199417114258,66.827392578125,64.9029846191406,63.4754333496094,62.1621932983398,60.5637130737305,59.1369705200195,58.4967193603516,58.0213279724121,57.9538192749023,58.7349548339844,59.6698989868164,60.9315605163574,62.2576293945312,63.1148376464844,63.7134399414062,64.4958877563477,64.7545318603516,64.0000457763672,62.9457092285156,62.2044830322266,62.687126159668,63.5153579711914,64.973388671875,66.7247467041016,67.8205718994141,68.2086486816406,68.2764511108398,67.4460372924805,66.4692993164062,65.2785263061523,65.1544723510742,66.204704284668,68.1573257446289,70.7587051391602,74.1536254882812,78.0501861572266,82.631965637207,87.2186508178711,91.4159927368164,93.8297805786133,93.74462890625,96.9670181274414,126.937469482422,137.242752075195,129.296997070312,135.308670043945,132.805862426758,123.200073242188,127.721466064453,134.399032592773,127.775215148926,122.587203979492,117.622161865234,105.070335388184,103.842216491699,97.209098815918,97.2137298583984,102.993942260742,105.120361328125,101.395347595215,99.5854644775391,96.861083984375,99.5883178710938,95.9113845825195,98.3263397216797,97.3760223388672,97.3160858154297,94.7062454223633,92.7289962768555,92.0525817871094,89.4727478027344,87.4702377319336,86.0917434692383,84.5275115966797,85.3994750976562,83.882209777832,82.0173721313477,79.7763671875,78.4231338500977,77.7545318603516,77.3438949584961,76.6735305786133,75.5635070800781,73.5671997070312,73.8637847900391,74.1401443481445,74.5361862182617,72.6813125610352,81.4825668334961,95.1011123657227,93.8954849243164,93.0805435180664,92.6142120361328,92.7968139648438,93.7652816772461,75.0600662231445,95.1950454711914,94.6977310180664,88.5463790893555,79.7635345458984,77.5572280883789,72.8179931640625,67.0969543457031,63.2094268798828,62.0733108520508,60.359073638916,58.6500358581543,57.0660400390625,56.2114677429199,54.5056381225586,52.8857460021973
"65",46.6454086303711,49.4946517944336,49.7540054321289,49.4597816467285,49.7933044433594,51.193733215332,54.4594650268555,54.5532150268555,50.8240623474121,50.688533782959,50.9045143127441,54.3940696716309,57.5997619628906,57.639762878418,61.1273002624512,62.6212768554688,63.0189437866211,65.5643997192383,66.2660598754883,67.1690216064453,66.4174652099609,65.2161407470703,67.7539367675781,69.3497314453125,93.3132781982422,87.4916229248047,80.9479370117188,81.9063415527344,85.8486251831055,90.0231094360352,93.3466491699219,94.5033187866211,99.1716918945312,101.04167175293,99.8066787719727,98.1504821777344,96.3922882080078,94.9402313232422,93.5672225952148,92.4150619506836,91.6361312866211,90.7233428955078,89.9972610473633,89.2060699462891,88.4697494506836,87.6592636108398,86.7143630981445,86.9198913574219,89.3375396728516,90.5992736816406,90.5814743041992,89.9648590087891,89.5978775024414,89.4558639526367,89.5964965820312,90.0464172363281,90.7208404541016,91.6363525390625,92.2632751464844,91.9646835327148,91.4847793579102,90.0512466430664,88.4513320922852,87.5497207641602,86.9445037841797,85.8611450195312,84.7615280151367,85.1665649414062,85.5398406982422,85.9686813354492,86.2206802368164,85.1279373168945,83.2472763061523,81.9466018676758,80.8543014526367,79.109016418457,76.5074768066406,74.6191177368164,72.4350280761719,70.4850463867188,68.8284072875977,66.9596939086914,65.0348358154297,63.6376495361328,62.2404327392578,60.5454216003418,59.3538513183594,58.8158226013184,58.5494194030762,58.4675598144531,59.3732147216797,59.8437538146973,61.0392608642578,62.2949867248535,63.1900901794434,63.6467590332031,64.3849029541016,65.3442993164062,65.2789611816406,64.4007720947266,62.9042091369629,62.5896606445312,63.2287788391113,64.8800277709961,66.5393295288086,67.0320434570312,67.7001266479492,67.316535949707,66.5221862792969,65.4194641113281,64.3806762695312,63.9922523498535,64.9102096557617,66.5522079467773,68.8123931884766,71.9548263549805,75.7509002685547,79.9937591552734,85.2814636230469,90.48583984375,93.5027465820312,93.0274429321289,96.2183609008789,124.646453857422,138.758666992188,140.222152709961,138.267349243164,129.239181518555,126.479644775391,126.990257263184,134.091522216797,130.131256103516,122.069450378418,115.090980529785,111.414794921875,100.841499328613,102.831886291504,102.000015258789,104.913986206055,105.128608703613,98.4570770263672,100.906044006348,98.3660430908203,99.074951171875,98.0091323852539,97.4396514892578,97.4829254150391,96.7706680297852,93.8592681884766,91.7260971069336,92.1464309692383,89.490234375,86.9269485473633,86.3263397216797,86.7763290405273,85.5119552612305,84.1791458129883,82.0921936035156,78.8691329956055,77.7329711914062,76.7728881835938,76.5061569213867,76.3977966308594,75.7439727783203,74.6212921142578,72.496223449707,74.9692230224609,74.6065826416016,73.9810791015625,86.7754440307617,96.1923522949219,94.5708618164062,93.5441818237305,93.0181198120117,92.9284286499023,93.5518569946289,77.0115509033203,94.4910049438477,94.4645462036133,88.7438125610352,79.60595703125,76.0039367675781,71.3593063354492,66.4305114746094,62.7242050170898,62.0709648132324,60.3644943237305,58.5572662353516,57.0698852539062,56.1444664001465,54.4840316772461,52.8816528320312
"66.25",46.7972946166992,49.3207054138184,49.7811889648438,48.8339729309082,49.7634658813477,51.7040328979492,54.8559188842773,54.6003837585449,50.4033088684082,50.8495674133301,51.2694854736328,54.3609848022461,58.0099296569824,58.5887107849121,61.4604988098145,63.5271835327148,64.9796371459961,56.6609840393066,60.8945770263672,67.4261856079102,69.8489608764648,65.6047134399414,67.0871429443359,67.1221618652344,102.625175476074,87.7823486328125,80.3912200927734,81.8791732788086,85.5993423461914,89.5855102539062,92.7664184570312,94.4677124023438,99.1331787109375,100.696243286133,99.33349609375,97.5081787109375,95.7499694824219,94.4484558105469,93.2048873901367,92.2307205200195,91.6517639160156,90.8365631103516,90.1786727905273,89.3513565063477,88.7416610717773,88.0660934448242,87.3038940429688,86.9304046630859,88.4040908813477,90.130989074707,90.1111679077148,89.683967590332,89.4053573608398,89.2463302612305,89.3693923950195,89.8029556274414,90.3551406860352,91.3075637817383,92.0155792236328,91.9983062744141,91.6395797729492,90.3889389038086,88.8807830810547,88.1281585693359,87.6094360351562,86.8095092773438,85.9706649780273,86.0795593261719,85.9955215454102,86.3325271606445,86.2966766357422,85.0219116210938,83.4806976318359,82.2821960449219,80.7354431152344,78.5713500976562,76.5665893554688,74.9936599731445,72.9931945800781,70.857177734375,68.9043426513672,67.1942749023438,65.2978820800781,63.9274139404297,62.3382530212402,60.7650375366211,59.6015663146973,59.1117515563965,59.0634994506836,59.0081787109375,59.7449226379395,60.0807495117188,60.6914710998535,62.4151954650879,63.4496154785156,63.7332420349121,64.3966979980469,65.2481155395508,65.3663711547852,64.9149322509766,63.6919898986816,62.7390785217285,63.1108436584473,64.8169479370117,65.8630218505859,66.5644073486328,66.9117965698242,66.3292770385742,65.2073059082031,64.0516128540039,62.8481597900391,62.9791450500488,64.0761032104492,65.6100006103516,67.6502456665039,70.4869613647461,73.7449264526367,77.427978515625,82.2157974243164,87.9158172607422,92.4609069824219,92.7170333862305,95.6901321411133,118.261169433594,139.380020141602,140.648910522461,138.350051879883,135.231857299805,130.202713012695,131.986526489258,135.116500854492,132.365875244141,126.678558349609,116.336280822754,112.76587677002,102.685913085938,106.652076721191,106.409912109375,102.099060058594,97.8384323120117,100.040115356445,98.8035125732422,96.2578811645508,90.9385681152344,94.923828125,99.2441253662109,97.9217376708984,95.4238586425781,92.319694519043,91.9082870483398,90.8556442260742,90.5273666381836,87.3200531005859,86.2571563720703,85.8167724609375,84.3402938842773,83.3173980712891,81.2383499145508,78.0988388061523,76.6821060180664,76.4908447265625,76.9055099487305,76.7732162475586,76.9115676879883,75.0678100585938,72.1988296508789,74.6843185424805,72.6880645751953,69.4556274414062,91.0110931396484,96.1650848388672,95.2696075439453,93.8793106079102,93.3931579589844,93.132926940918,93.3258743286133,82.4745101928711,90.1691207885742,94.4164047241211,88.2115631103516,79.6085357666016,74.8941421508789,70.3330307006836,65.951530456543,62.697582244873,62.0169830322266,60.435546875,58.4833374023438,57.1064796447754,56.0773735046387,54.4615631103516,52.8764572143555
"67.5",46.390453338623,49.472526550293,49.6197090148926,48.5903091430664,49.6846733093262,51.1254615783691,54.3408164978027,54.0835418701172,50.9014549255371,51.0463981628418,52.2794914245605,54.3561363220215,57.9780158996582,60.2514152526855,61.8014640808105,62.2731895446777,54.9635353088379,39.1990547180176,42.6855659484863,60.7335319519043,70.9126129150391,70.2560272216797,69.2655258178711,67.8859329223633,102.166427612305,86.6164703369141,79.8158111572266,81.9736099243164,85.2078857421875,89.065185546875,92.4426803588867,94.4254913330078,98.5439453125,99.8573303222656,98.480339050293,96.6531677246094,95.1109237670898,94.0205078125,92.9881820678711,92.160270690918,91.7101821899414,91.051025390625,90.3877868652344,89.3043975830078,88.7013473510742,88.2439498901367,87.8611145019531,87.3035354614258,87.8610458374023,89.5560913085938,89.7436065673828,89.4450836181641,89.0945281982422,88.8565979003906,88.9611511230469,89.4215469360352,89.9160461425781,91.0439758300781,91.768798828125,92.0601272583008,91.8463897705078,90.8562774658203,89.6373138427734,88.8109741210938,88.4751205444336,88.0938568115234,87.3964767456055,87.2975082397461,86.9294281005859,86.6215057373047,86.1500625610352,85.2114868164062,83.8544464111328,82.2711486816406,80.2896881103516,78.4049453735352,76.8254928588867,75.5088653564453,73.5114212036133,71.2761993408203,69.2899475097656,67.5894775390625,65.8889312744141,64.427360534668,62.6187629699707,61.068286895752,59.842529296875,59.3088989257812,59.2899360656738,59.1659469604492,59.8168601989746,60.417293548584,60.7343635559082,62.38330078125,63.6893196105957,63.926700592041,64.3590240478516,64.6207962036133,64.7151794433594,64.5407104492188,63.9360847473145,62.9825477600098,63.3631858825684,64.6857528686523,65.3401489257812,66.1864395141602,66.3674011230469,65.3518981933594,64.0758666992188,62.6831321716309,62.0782012939453,62.5141334533691,63.3261566162109,64.7992401123047,66.714485168457,69.4019012451172,72.1356964111328,75.1429290771484,79.0706787109375,84.3244934082031,90.2323608398438,94.4227447509766,108.738815307617,112.531158447266,124.948532104492,137.068298339844,135.952102661133,139.600982666016,139.23828125,137.387924194336,130.533111572266,129.729995727539,126.910606384277,114.985916137695,110.052848815918,105.362365722656,108.31192779541,112.852516174316,107.533271789551,95.4908905029297,97.8186950683594,101.842323303223,99.9149475097656,98.8156433105469,94.1397171020508,99.4356842041016,97.1849975585938,95.954704284668,93.7892913818359,92.3963775634766,90.8599319458008,89.9310302734375,86.899658203125,85.7101593017578,84.7094192504883,83.9291458129883,82.4384460449219,80.4496459960938,77.8208465576172,76.9402389526367,77.6266937255859,77.0180892944336,77.3165054321289,76.4956817626953,75.4795455932617,70.1098098754883,71.7347106933594,67.4349212646484,71.5985260009766,82.2198715209961,77.5617828369141,84.9434204101562,94.1562728881836,93.7511138916016,93.3483276367188,93.3406219482422,87.6090621948242,85.8109741210938,94.2071838378906,87.7159729003906,79.1117095947266,74.2039642333984,69.656852722168,65.8773880004883,62.8637313842773,62.1246528625488,60.3296318054199,58.5896759033203,57.1159591674805,56.0088043212891,54.4362754821777,52.8714256286621
"68.75",46.8084411621094,49.9442939758301,49.5374145507812,49.0510025024414,49.7040596008301,51.2873840332031,54.9468688964844,54.340934753418,50.8169212341309,51.2552833557129,52.3490905761719,54.3942413330078,57.756233215332,59.3749923706055,61.2416648864746,55.7046890258789,49.5474662780762,55.6500549316406,57.0025253295898,56.0555267333984,66.4605941772461,70.151725769043,70.913200378418,69.147819519043,98.7717514038086,84.1989364624023,79.8351135253906,82.098030090332,85.2551574707031,88.6379013061523,91.8687438964844,94.1570358276367,97.5558013916016,98.7938919067383,97.4788055419922,95.7976913452148,94.5187149047852,93.6803359985352,92.8836212158203,92.3061676025391,91.9670104980469,91.3435745239258,90.8567886352539,90.0684661865234,89.0863037109375,88.8156890869141,88.5434494018555,87.8937606811523,87.7515258789062,88.9355621337891,89.3190536499023,89.1800155639648,88.69970703125,88.4486846923828,88.6529388427734,89.1273193359375,89.6892395019531,91.0031585693359,91.8324661254883,92.3298492431641,92.1586837768555,91.3958969116211,90.3313064575195,89.5722122192383,89.2705993652344,89.1615905761719,88.8705062866211,88.5980224609375,87.5248565673828,86.6466598510742,86.2832717895508,85.4511260986328,83.9517440795898,82.0864791870117,80.2102584838867,78.6472854614258,77.2759246826172,75.8890533447266,73.9215927124023,71.6809768676758,69.6836853027344,68.2606887817383,66.8293914794922,65.1760635375977,63.1738624572754,61.5553894042969,60.2329788208008,59.4635925292969,59.1844062805176,58.6986274719238,59.0800247192383,59.9095039367676,60.6679840087891,62.1265449523926,63.4746589660645,63.8271331787109,64.2285614013672,64.2671432495117,63.7522201538086,63.8615989685059,63.784107208252,63.1302795410156,63.4686050415039,64.4860763549805,65.0637817382812,65.8572616577148,65.6160430908203,64.4204025268555,63.0365333557129,61.8745880126953,61.7011108398438,62.1814384460449,62.7792320251465,64.0805587768555,66.0324325561523,68.6395492553711,71.4458236694336,74.2650451660156,78.6624221801758,83.2278823852539,90.0356063842773,103.222030639648,111.454414367676,115.931602478027,114.84449005127,126.935066223145,125.768951416016,131.789505004883,129.037216186523,133.377944946289,121.915313720703,116.210472106934,116.306861877441,113.204032897949,111.616279602051,110.415222167969,109.83056640625,113.72046661377,109.702095031738,104.906814575195,106.617385864258,103.970016479492,100.006103515625,96.4947738647461,99.5063095092773,99.6018676757812,98.2296295166016,96.4377365112305,93.704231262207,92.5827865600586,92.5500946044922,91.1047973632812,87.2272186279297,85.9679183959961,84.6766510009766,83.4651641845703,81.4152908325195,79.9024200439453,79.0932388305664,78.5062713623047,78.7435607910156,75.8996200561523,76.2971267700195,75.099365234375,70.856315612793,70.9033279418945,71.9718856811523,65.4736022949219,70.6716537475586,72.7574005126953,68.8377227783203,71.9475784301758,86.6622543334961,91.0797119140625,93.6016998291016,93.4556884765625,91.1275863647461,91.3566055297852,93.4130096435547,88.160400390625,78.8173522949219,73.5648574829102,69.2478942871094,65.7258453369141,63.0612640380859,62.1619567871094,60.4644966125488,58.6738243103027,57.1179733276367,55.9315567016602,54.4075050354004,52.865478515625
"70",46.7732925415039,49.5266761779785,49.5111618041992,48.9919853210449,49.4491424560547,51.2992286682129,55.059741973877,54.4936676025391,51.1920738220215,51.0489883422852,52.5245132446289,54.4943618774414,57.7867774963379,60.0332679748535,59.4155921936035,50.5655822753906,52.4150581359863,61.8565101623535,62.871150970459,59.6134376525879,58.8160095214844,62.5019912719727,69.2820205688477,77.0699157714844,91.5254058837891,81.798469543457,80.269157409668,82.7409744262695,85.5796127319336,88.5699996948242,91.5650024414062,93.612548828125,96.3410339355469,97.5945663452148,96.4725112915039,94.9931716918945,94.007209777832,93.4660568237305,93.0640487670898,92.6267471313477,92.1573715209961,91.5281066894531,91.6609954833984,92.4945526123047,90.7763137817383,89.9553604125977,89.4142456054688,88.8293075561523,88.9837265014648,89.4707412719727,89.3620071411133,88.9626770019531,88.4088821411133,88.2771377563477,88.6064224243164,88.9714584350586,89.6606750488281,91.1033248901367,92.0188827514648,92.4885864257812,92.4349746704102,91.9774017333984,91.1698532104492,90.6257171630859,90.262825012207,90.2350463867188,89.8692932128906,89.0674591064453,87.6299514770508,86.9641265869141,86.4706039428711,85.5407257080078,83.9235000610352,81.9707107543945,80.2877655029297,78.9829635620117,77.5080490112305,76.1059722900391,74.1562805175781,71.9900817871094,70.3542861938477,69.3998718261719,68.0985870361328,65.9672775268555,63.754150390625,61.9331893920898,60.5635604858398,59.4780426025391,58.7804489135742,58.0769958496094,57.917594909668,58.4579772949219,59.5201568603516,61.0896148681641,62.4144630432129,63.1128044128418,63.6287879943848,63.5396194458008,63.0367088317871,63.2270698547363,63.5362129211426,63.2348022460938,63.2209281921387,63.8283157348633,64.5602569580078,65.0318832397461,64.5920791625977,63.5715370178223,62.0081024169922,60.6492919921875,60.779972076416,61.1042442321777,61.4781684875488,62.451904296875,64.3047180175781,66.8604888916016,69.5642852783203,72.6710510253906,79.2890701293945,84.5483322143555,92.9599151611328,102.331016540527,111.388595581055,112.113319396973,111.659729003906,115.823249816895,124.612380981445,122.368576049805,121.510246276855,117.678916931152,112.261390686035,112.43970489502,113.967712402344,116.043403625488,116.706230163574,114.13597869873,114.629570007324,111.29125213623,109.962730407715,105.448318481445,107.518394470215,106.692123413086,104.048652648926,98.1339111328125,99.7382736206055,99.8261413574219,98.1258239746094,96.9553375244141,94.8166275024414,92.1153793334961,92.3554763793945,90.4411010742188,88.6494293212891,85.0648880004883,84.6124038696289,83.7140121459961,82.7366943359375,80.0015335083008,79.2608184814453,79.1540603637695,78.4750289916992,75.7469711303711,74.8873138427734,74.4606018066406,75.370246887207,68.7435607910156,67.4200210571289,63.177188873291,65.7412109375,68.4530715942383,66.0770492553711,64.7875671386719,65.3492431640625,84.12646484375,93.9328536987305,93.7151947021484,93.1512145996094,92.4090576171875,92.3034286499023,88.586181640625,80.2434463500977,73.075553894043,68.7262878417969,65.514030456543,62.8223991394043,62.1342620849609,60.638355255127,58.6708145141602,57.113883972168,55.8903045654297,54.3801727294922,52.8594284057617
"71.25",46.3043975830078,49.3569107055664,49.4313812255859,48.1724052429199,49.4957542419434,51.0485343933105,55.0419921875,54.5036087036133,51.3307762145996,51.3049697875977,52.6214332580566,55.2722511291504,57.4634170532227,58.8063316345215,55.4217071533203,48.9117546081543,54.950626373291,65.0438766479492,66.7657852172852,64.7541656494141,61.5220031738281,58.8560638427734,62.0665397644043,93.1919784545898,83.7446899414062,80.6866989135742,81.1995391845703,83.4047546386719,85.8772125244141,88.8384017944336,91.4027709960938,93.0257949829102,94.9525375366211,96.2425842285156,95.466178894043,94.1560897827148,93.5483856201172,93.4709167480469,93.3227157592773,92.8294830322266,92.1207122802734,91.4882049560547,92.2774963378906,93.3834838867188,92.6743545532227,91.4868545532227,90.4640350341797,90.125602722168,91.3468246459961,91.0090255737305,89.8252105712891,88.8020324707031,88.3114700317383,88.3738021850586,88.659294128418,88.9974746704102,89.8573913574219,91.2650604248047,92.1507110595703,92.4881286621094,92.5576248168945,92.631233215332,92.3163299560547,91.811767578125,91.346321105957,91.2432632446289,90.2853851318359,89.2362747192383,87.8823471069336,87.1547927856445,86.4759674072266,85.4237518310547,83.8512573242188,81.869758605957,80.3768920898438,79.0250625610352,77.72802734375,76.4120864868164,74.599609375,72.6809844970703,71.4157638549805,70.7330474853516,69.2792129516602,66.7320404052734,64.3476867675781,62.370059967041,60.7465858459473,59.4969711303711,58.6813697814941,58.0727996826172,57.8002777099609,57.7793807983398,58.3783798217773,59.8353042602539,61.556583404541,62.4316368103027,62.9586067199707,62.6906776428223,62.4551849365234,62.7721481323242,62.9541511535645,62.6646842956543,62.7025489807129,63.299488067627,63.9971771240234,63.8837356567383,63.494800567627,62.6322555541992,60.8552322387695,59.7123031616211,59.8298225402832,59.8308143615723,59.6039695739746,60.2565765380859,61.8527565002441,64.1821899414062,67.1897659301758,70.5578079223633,66.6231460571289,77.5953674316406,92.8971786499023,94.8399200439453,108.809066772461,111.488571166992,110.310844421387,109.873550415039,112.169036865234,118.939315795898,111.652900695801,107.92391204834,106.039482116699,101.671745300293,108.119300842285,114.033340454102,110.766143798828,108.065696716309,109.377632141113,107.953651428223,113.145248413086,109.725730895996,110.698722839355,108.668090820312,99.7064895629883,99.1279220581055,99.7225723266602,99.3483047485352,98.04150390625,97.4986953735352,95.5055694580078,92.8026809692383,91.2330856323242,91.7085266113281,90.4044570922852,85.9175338745117,85.6425170898438,84.5261840820312,82.5841064453125,80.5730361938477,80.2933120727539,79.5430450439453,77.2883224487305,75.0816116333008,73.7592163085938,73.6220397949219,74.3909454345703,68.247917175293,70.7059860229492,68.0158615112305,65.2942504882812,66.0196762084961,63.5508460998535,63.4604301452637,65.2419891357422,87.4499130249023,94.4409332275391,94.0511779785156,93.1870040893555,92.1862716674805,91.63427734375,88.3892288208008,81.9511413574219,73.3601455688477,68.4008255004883,65.1188430786133,62.5390586853027,62.2095222473145,60.6403770446777,58.7140426635742,57.1138801574707,55.8780059814453,54.341854095459,52.8525085449219
"72.5",46.7814140319824,49.7560844421387,50.0441398620605,47.9192428588867,48.9500503540039,50.9246788024902,54.2612609863281,54.0520706176758,51.378833770752,51.1072158813477,52.6611442565918,55.3362083435059,57.5182189941406,57.4500274658203,51.5983810424805,49.9284477233887,58.8875503540039,64.9167327880859,67.3598022460938,67.7771911621094,67.5391998291016,64.8132553100586,61.5421485900879,93.7933044433594,82.1911773681641,80.8174362182617,81.9437713623047,83.7640686035156,86.0177383422852,89.0584716796875,91.3893814086914,92.3658752441406,93.3162536621094,94.6507034301758,94.4859313964844,93.3214340209961,93.0847702026367,93.4604721069336,93.3563385009766,92.6417465209961,91.8835601806641,91.5197448730469,92.686767578125,94.1861572265625,94.2552490234375,93.1281051635742,91.8722839355469,91.7045669555664,92.9821929931641,91.574089050293,89.723876953125,88.5592269897461,88.2339553833008,88.5482711791992,88.9198455810547,89.2689208984375,90.1387786865234,91.5004577636719,92.1657028198242,92.3452529907227,92.5916595458984,93.1396484375,93.222900390625,92.829231262207,92.0238952636719,91.3437652587891,90.3483123779297,89.2934036254883,88.163215637207,87.2748489379883,86.505729675293,85.2474365234375,83.265510559082,81.3850555419922,80.1716003417969,79.2423782348633,78.1753463745117,76.9653549194336,75.3024444580078,73.7687530517578,72.5825424194336,71.8015823364258,70.1198120117188,67.4560165405273,64.8824768066406,62.697639465332,60.9904747009277,59.7318649291992,58.9094276428223,58.4893798828125,57.9968185424805,57.5954322814941,57.7885284423828,58.9457092285156,60.3581924438477,61.2513313293457,61.8618049621582,62.3005714416504,62.2521095275879,62.1636810302734,62.2504272460938,62.0458564758301,62.1909713745117,62.5689125061035,63.2118339538574,63.0202522277832,62.5126914978027,61.374210357666,59.3733177185059,58.1610145568848,58.4051895141602,58.3130798339844,58.2636184692383,59.1066513061523,61.8127479553223,64.3203430175781,67.3404998779297,69.4389038085938,71.3316421508789,76.4581451416016,84.6088333129883,92.7657318115234,95.8568496704102,105.912696838379,113.089019775391,113.43416595459,110.496025085449,113.761993408203,113.487693786621,108.755416870117,105.830200195312,102.589416503906,98.6389465332031,110.555435180664,103.456832885742,102.665901184082,104.193809509277,93.0366897583008,114.020706176758,110.273834228516,108.56844329834,108.121376037598,100.195655822754,102.151847839355,99.6236114501953,99.2795639038086,97.9685592651367,96.0724945068359,93.2048034667969,92.0476150512695,90.7522354125977,90.1074523925781,89.7924652099609,87.237174987793,84.7568206787109,84.337043762207,82.7317581176758,81.9317016601562,81.0320358276367,79.1083679199219,76.1485290527344,74.3869476318359,74.8625564575195,76.4444427490234,75.8736572265625,69.8676910400391,70.9045944213867,71.0160369873047,70.4462661743164,63.7233810424805,62.0669212341309,69.9549865722656,68.8178100585938,93.8922119140625,94.9786376953125,94.5324096679688,93.5145950317383,92.5047607421875,91.6655426025391,88.3402938842773,82.6199188232422,73.9130249023438,68.3353881835938,64.8897857666016,62.5714416503906,62.2247352600098,60.5923690795898,58.6526260375977,57.1224327087402,55.8324584960938,54.3338394165039,52.8450736999512
"73.75",46.7727928161621,49.5443153381348,49.4010848999023,47.7263603210449,48.9365730285645,50.9697341918945,54.8007659912109,54.6764106750488,51.468822479248,51.3950958251953,52.7534027099609,54.8693161010742,57.2517623901367,55.3358268737793,50.1002044677734,52.1797714233398,60.3824234008789,63.9271049499512,66.6866912841797,69.2113189697266,70.3741912841797,68.9303283691406,72.1286468505859,88.2256393432617,82.6635360717773,81.3217086791992,82.207893371582,83.7804489135742,86.1105270385742,89.0146560668945,91.0878448486328,91.5161666870117,91.6887359619141,92.9742202758789,93.4958114624023,92.5242309570312,92.5165252685547,93.0778121948242,92.9433059692383,92.1310348510742,91.7528915405273,92.2323455810547,93.7954940795898,95.2821960449219,95.6074676513672,94.5051574707031,93.4608306884766,93.3241271972656,93.205940246582,90.8227996826172,89.0717849731445,88.2715454101562,88.395622253418,88.9322891235352,89.3051910400391,89.6982192993164,90.5816497802734,91.7241058349609,92.0867691040039,92.1687240600586,92.5413055419922,93.4701919555664,93.5980453491211,92.8669357299805,92.0993957519531,91.2971878051758,90.3873748779297,89.4323959350586,88.3139877319336,87.6519393920898,86.5369033813477,84.7127838134766,82.8808517456055,81.6351623535156,80.7727584838867,79.934944152832,79.0257110595703,77.8644180297852,76.1656875610352,74.6485595703125,73.3253631591797,72.2238998413086,70.6288070678711,67.9704132080078,65.1926956176758,62.8742141723633,61.1288795471191,59.9703330993652,59.3076515197754,59.0185928344727,58.4686737060547,57.8974533081055,57.6462860107422,58.505542755127,59.6502265930176,60.6280517578125,61.1969451904297,61.7856369018555,61.9936752319336,61.6193580627441,61.5165557861328,61.4728469848633,61.6777038574219,61.8174476623535,62.1145973205566,61.9763641357422,61.1298828125,59.8075752258301,58.2888832092285,58.7087783813477,60.0260696411133,61.3574752807617,62.8575820922852,65.6347885131836,69.2162246704102,68.7690505981445,70.6632461547852,70.5862350463867,69.9234161376953,74.4642868041992,76.2394027709961,85.8123474121094,92.8203887939453,97.7570953369141,105.223564147949,110.947494506836,110.41332244873,107.389427185059,108.077453613281,105.040412902832,101.318572998047,96.2983169555664,97.4003601074219,100.79647064209,104.103302001953,105.369613647461,118.858673095703,111.000617980957,108.552169799805,107.163780212402,105.128936767578,108.464233398438,104.278701782227,99.996826171875,96.3870010375977,98.0769424438477,98.9469528198242,96.8148422241211,94.1957931518555,92.5305404663086,91.3362808227539,89.7710876464844,89.755973815918,87.7450180053711,86.065559387207,84.7256317138672,83.1702041625977,83.2199325561523,81.7707290649414,80.1028137207031,76.2847671508789,74.8777008056641,75.3666458129883,77.0035095214844,76.0018539428711,72.708381652832,67.3618774414062,71.3668060302734,68.6141510009766,69.1706161499023,68.9944152832031,70.6524047851562,79.1031494140625,96.0176315307617,95.4576873779297,94.9419097900391,94.1387939453125,93.0635757446289,92.0347595214844,88.9161987304688,82.6882171630859,73.6055450439453,68.5736999511719,64.900390625,62.8627090454102,62.2648696899414,60.6100997924805,58.572582244873,57.0860633850098,55.7813148498535,54.3225326538086,52.8372001647949
"75",46.3875160217285,49.6247749328613,49.3775787353516,47.628345489502,49.3331108093262,51.6024971008301,54.6929969787598,54.8180541992188,51.8406600952148,51.5602569580078,52.89404296875,54.6578788757324,56.6583595275879,53.1789741516113,50.1256637573242,54.5384407043457,61.8236045837402,63.2202072143555,65.8163299560547,68.7406692504883,71.8985366821289,72.5328979492188,85.0492172241211,86.8782653808594,83.4487457275391,81.6780014038086,82.2657318115234,83.6051254272461,85.9364929199219,88.5452270507812,90.4636764526367,90.6514739990234,90.2987213134766,91.473388671875,92.6126937866211,91.882942199707,91.836669921875,92.2674942016602,92.0437240600586,91.2284545898438,91.6300582885742,93.3864517211914,95.3137588500977,96.4331893920898,96.3285064697266,95.1932830810547,94.3105545043945,93.8087692260742,92.1189422607422,89.6008682250977,88.5266571044922,88.3086318969727,88.7221450805664,89.3113708496094,89.6260528564453,90.1656723022461,90.9261779785156,91.5865783691406,91.5585098266602,91.6619415283203,92.3065719604492,93.4046630859375,93.2798767089844,92.2378463745117,91.7948913574219,91.4159317016602,90.6461639404297,89.6650314331055,88.5297317504883,87.5321502685547,85.7690811157227,84.2476425170898,83.1818466186523,82.2692108154297,81.3844909667969,80.5306091308594,79.7550735473633,78.6717681884766,76.9552459716797,75.2114944458008,73.7183837890625,72.3899002075195,70.7807159423828,68.1441650390625,65.2747497558594,62.9379081726074,61.2656211853027,60.2959938049316,59.7956352233887,59.6317825317383,59.0525588989258,58.1181182861328,57.4742736816406,58.0265197753906,59.1791305541992,60.2989349365234,61.2916374206543,61.7121887207031,61.9188232421875,61.4969863891602,61.0526161193848,61.0039291381836,61.1963043212891,61.1528129577637,61.1051635742188,60.5691184997559,59.8080215454102,59.2171669006348,59.1251945495605,58.5579490661621,62.6380767822266,65.0663452148438,63.9217948913574,60.9190673828125,61.6810417175293,63.2487716674805,66.3718948364258,67.4012756347656,66.0527648925781,69.3227157592773,75.8883209228516,85.566764831543,95.4520034790039,95.2603988647461,100.280250549316,106.058349609375,107.177726745605,109.301109313965,107.946563720703,102.363212585449,103.105590820312,100.38289642334,101.040153503418,95.2947387695312,101.363784790039,108.120231628418,122.715126037598,114.368301391602,106.071319580078,106.624397277832,109.400390625,108.810409545898,102.280265808105,96.5039443969727,92.6541900634766,96.539436340332,98.8609390258789,96.9442291259766,93.7017288208008,92.9554824829102,91.6025161743164,90.3749008178711,90.0226135253906,88.9027099609375,86.0311126708984,86.4035949707031,84.4804458618164,82.8914947509766,81.5830917358398,79.0096130371094,75.9363632202148,75.1709289550781,75.5973815917969,76.6796493530273,75.7332382202148,74.0753860473633,64.876594543457,63.1556968688965,68.4994735717773,64.8777389526367,63.4863471984863,68.1398239135742,77.8750152587891,96.5750122070312,95.9620895385742,95.3989410400391,94.7560729980469,93.6598739624023,92.3623428344727,89.8742752075195,82.7294464111328,72.8373107910156,68.4354934692383,65.1898193359375,63.2920913696289,62.2633895874023,60.5808563232422,58.484432220459,57.0385704040527,55.7297668457031,54.3079833984375,52.8287315368652
"76.25",46.7635231018066,49.6046104431152,49.3658447265625,48.1852645874023,48.3935966491699,51.7374839782715,54.7200927734375,54.0167846679688,51.2958679199219,51.6768341064453,53.1457176208496,55.4974632263184,56.4211311340332,51.9231376647949,51.135311126709,56.906608581543,62.0509719848633,63.9278259277344,65.5949630737305,67.3592834472656,70.7277145385742,74.0100479125977,94.068473815918,92.1546478271484,84.7782974243164,82.1492385864258,82.3252944946289,83.4829177856445,85.8555603027344,88.1370086669922,89.6246948242188,90.0775756835938,89.5128631591797,90.5093231201172,92.1142196655273,91.4169692993164,90.7953948974609,90.7700271606445,90.4027328491211,89.5993194580078,90.0507354736328,94.1252975463867,96.673583984375,97.1383438110352,96.5615463256836,95.2842178344727,94.0947799682617,92.9478607177734,90.5550231933594,88.8096771240234,88.3846740722656,88.554557800293,89.1390228271484,89.6060333251953,89.7413635253906,90.2624664306641,90.7191619873047,90.8751831054688,90.83154296875,91.1139602661133,92.0288314819336,93.1265640258789,92.5980529785156,91.738639831543,91.519660949707,91.3485260009766,90.9994659423828,90.0367431640625,88.5649490356445,87.1190032958984,85.363639831543,84.8028793334961,84.0630569458008,82.9454345703125,81.8295822143555,81.0129928588867,80.3672256469727,79.3152160644531,77.4153289794922,75.5420837402344,73.9276504516602,72.2753448486328,70.5526657104492,67.9104766845703,65.1220474243164,62.9387969970703,61.5589599609375,60.8543930053711,60.6042938232422,60.535400390625,60.019775390625,59.1396980285645,58.0353927612305,58.0006065368652,58.7042999267578,59.8280067443848,60.6913948059082,61.412483215332,61.74755859375,61.4194564819336,60.6357574462891,60.4247970581055,60.670726776123,60.2877616882324,60.451343536377,61.7211303710938,53.3382530212402,56.0888023376465,59.9653205871582,58.4041213989258,59.1649513244629,60.1627807617188,59.9763450622559,59.2994232177734,60.1717834472656,60.9140739440918,64.8389663696289,66.0526428222656,66.5378875732422,70.0630340576172,75.4731140136719,82.5773086547852,90.5544891357422,92.9544219970703,94.9179382324219,99.9713287353516,104.239135742188,99.5484161376953,88.3943252563477,106.161521911621,106.345527648926,110.384155273438,95.2070617675781,97.3112487792969,105.35888671875,117.72631072998,104.10302734375,103.265350341797,107.395027160645,110.365432739258,111.659103393555,104.78938293457,103.375953674316,98.8679733276367,96.6941299438477,97.5922241210938,97.7246398925781,97.0631942749023,93.5730361938477,92.4277191162109,92.3444976806641,90.5941162109375,90.4748306274414,89.4024810791016,86.3033218383789,86.835807800293,84.6078033447266,83.4041519165039,81.7907180786133,78.1653594970703,74.6685562133789,76.2249298095703,76.0166854858398,75.793083190918,77.143440246582,74.832389831543,64.6273498535156,62.878662109375,62.5859222412109,63.3373794555664,63.5272331237793,66.5927124023438,71.7228012084961,97.1821517944336,96.472541809082,95.8675079345703,95.2774658203125,94.4752349853516,92.6938552856445,90.2499313354492,82.6838455200195,72.173095703125,68.2691268920898,65.1964111328125,63.5789375305176,62.4088249206543,60.527416229248,58.5205574035645,56.979175567627,55.6807250976562,54.2831840515137,52.8197212219238
"77.5",46.3654022216797,49.785831451416,49.4095802307129,47.187801361084,48.0229797363281,51.011302947998,53.8434295654297,54.312744140625,51.9995956420898,51.7246971130371,53.1169395446777,54.4223403930664,55.627986907959,51.5669937133789,53.0569763183594,58.7406730651855,62.8483123779297,64.0397262573242,65.1959762573242,66.0211181640625,69.0264434814453,73.9020004272461,76.0924835205078,99.3822250366211,87.5785293579102,82.9570617675781,82.5628204345703,83.4999465942383,85.847053527832,87.8608551025391,88.9325256347656,89.4158630371094,89.093879699707,90.1574554443359,91.9043655395508,91.2064208984375,90.0036010742188,89.0855941772461,88.2475891113281,87.422981262207,87.2997436523438,93.7452621459961,97.3005828857422,97.1498184204102,96.4090270996094,95.1671600341797,93.5276870727539,91.7475967407227,89.4425659179688,88.5302352905273,88.4153747558594,88.7795639038086,89.4484252929688,89.6793060302734,89.479736328125,89.7677154541016,89.7913665771484,89.7649536132812,89.9106292724609,90.5671234130859,91.5949401855469,92.5755233764648,91.9596405029297,91.4434661865234,91.4766311645508,91.3918685913086,91.2854995727539,90.0880661010742,88.4169998168945,86.9301986694336,86.0823287963867,85.7758102416992,84.7604293823242,83.3666229248047,82.2624588012695,81.443229675293,80.8563995361328,79.7269515991211,77.7207870483398,75.8083648681641,73.9914779663086,72.1810150146484,70.2264556884766,67.6894454956055,65.0374450683594,63.0506896972656,61.9364700317383,61.7226409912109,61.6575202941895,61.6949768066406,61.2887992858887,60.2540168762207,59.0286636352539,58.633617401123,58.5886077880859,59.2734718322754,60.1660499572754,61.1537628173828,61.446231842041,61.2114715576172,60.1375503540039,59.8279075622559,60.1766204833984,59.8449974060059,59.6636619567871,52.0886650085449,53.6833763122559,57.8409996032715,59.8391380310059,61.1201095581055,59.8698234558105,59.0493850708008,60.3855590820312,56.9869499206543,58.1558952331543,58.3189239501953,58.6199989318848,63.8992080688477,69.2522430419922,74.6808395385742,77.1891555786133,83.6229400634766,87.1836013793945,91.9528121948242,99.1231536865234,100.361335754395,100.907409667969,99.5868682861328,94.120979309082,106.793998718262,119.478553771973,123.82364654541,107.430541992188,100.051864624023,125.368675231934,113.347343444824,99.5117263793945,111.238670349121,107.514785766602,113.300811767578,108.621398925781,103.950248718262,104.290023803711,100.684288024902,97.3817825317383,96.6669692993164,96.9187698364258,96.5895080566406,93.4141235351562,92.1181640625,92.3492431640625,90.5564727783203,90.6835021972656,89.6034698486328,85.8922424316406,86.8515472412109,84.5284271240234,82.1046829223633,81.2374877929688,78.1939010620117,75.5512390136719,76.197624206543,75.1591567993164,77.1342926025391,75.44384765625,74.2080307006836,66.2345199584961,64.8727111816406,62.068359375,62.8006820678711,62.0347938537598,61.6175003051758,70.2814178466797,96.0713424682617,96.8438949584961,96.3768844604492,95.8044891357422,95.1317520141602,93.2222290039062,90.3045806884766,81.6621780395508,72.1508331298828,68.1428604125977,65.0964508056641,63.4155769348145,62.3687934875488,60.5879936218262,58.541877746582,56.9975738525391,55.6469535827637,54.2715187072754,52.8091430664062
"78.75",46.3625907897949,49.9512138366699,49.9577865600586,47.1068649291992,48.5104751586914,51.022575378418,54.3692779541016,54.1517105102539,52.5608520507812,51.7646026611328,53.0265350341797,54.7152137756348,55.2811851501465,52.0157661437988,54.7213287353516,59.9643173217773,62.9607429504395,65.5388565063477,65.4573822021484,65.3746643066406,68.0226593017578,72.5523300170898,75.7119598388672,87.7643661499023,91.9584121704102,84.6052398681641,82.5045013427734,83.5454177856445,85.9638290405273,87.6331558227539,88.4385375976562,88.858039855957,88.8065567016602,90.1730117797852,91.7779388427734,91.1784820556641,89.6056213378906,88.0047149658203,86.596061706543,85.3397521972656,86.3419189453125,94.3850021362305,97.0919418334961,96.378288269043,95.9319915771484,94.9625396728516,93.1020889282227,90.9912490844727,89.2262420654297,88.7095794677734,88.5291366577148,88.862907409668,89.5352325439453,89.5040435791016,89.0948715209961,89.1592483520508,88.7982711791992,88.8603744506836,89.239990234375,90.0994491577148,91.1675186157227,91.784049987793,91.4283676147461,91.2310562133789,91.3464279174805,91.5258865356445,91.1729202270508,89.9387512207031,88.4308471679688,87.6487121582031,87.2528228759766,86.6088104248047,85.3176803588867,83.8698577880859,82.805549621582,81.9967575073242,81.3245544433594,80.0599746704102,77.9436645507812,75.8863372802734,73.9457321166992,71.9784317016602,69.9360275268555,67.5536346435547,65.1784591674805,63.4716682434082,62.541934967041,62.5154495239258,62.8321685791016,62.7453308105469,62.2730331420898,61.3228607177734,60.1995697021484,59.3123474121094,58.865119934082,59.3577537536621,60.2020378112793,60.8390350341797,60.9598388671875,60.8015632629395,59.7078704833984,59.3158226013184,61.7343902587891,61.742992401123,61.4455184936523,57.9065818786621,56.1833038330078,56.645133972168,58.8376235961914,57.6731109619141,56.227611541748,54.8436241149902,55.9283676147461,57.6306304931641,62.9673919677734,60.8707962036133,63.2503662109375,59.6178436279297,67.7439270019531,75.3271408081055,76.5413436889648,82.7764358520508,87.8618774414062,96.3929214477539,106.232032775879,106.941986083984,104.016014099121,89.3821640014648,109.08309173584,117.95677947998,125.743659973145,134.81364440918,131.958190917969,122.820648193359,123.78987121582,102.577926635742,104.278610229492,103.098960876465,112.457763671875,112.06339263916,109.633560180664,105.386726379395,93.3467254638672,101.543724060059,98.5055694580078,96.3148422241211,96.7068939208984,95.2505874633789,92.0579299926758,92.4695129394531,91.8891372680664,90.3869781494141,89.6360321044922,88.8315200805664,87.7513198852539,86.9251861572266,84.6171264648438,82.0503005981445,80.4894790649414,76.3502426147461,76.1982421875,75.3337783813477,75.611457824707,77.1434631347656,75.2503356933594,73.7946395874023,67.7988128662109,65.983757019043,62.6213226318359,63.2613487243652,62.4930992126465,61.0018768310547,70.0897521972656,91.8149566650391,97.0344161987305,96.7667617797852,96.3151626586914,95.5322265625,93.8625259399414,90.0651550292969,80.7221450805664,72.1195068359375,68.206169128418,64.7952423095703,63.1422958374023,62.306755065918,60.5589599609375,58.5224533081055,57.026424407959,55.6602897644043,54.2479667663574,52.7991561889648
"80",46.5606307983398,49.5282821655273,49.9077339172363,47.513916015625,48.1748046875,51.6296463012695,53.512020111084,54.1665306091309,52.8523178100586,51.596752166748,52.9173812866211,54.0605888366699,54.1174850463867,52.5803451538086,56.083381652832,60.5386810302734,62.9626541137695,64.5789566040039,65.4046859741211,65.0394058227539,67.9837493896484,71.5939331054688,75.2436752319336,76.3960037231445,93.9534454345703,87.5511474609375,81.8757934570312,83.2032775878906,85.7104949951172,87.309455871582,87.9793472290039,88.4250259399414,88.6974487304688,90.2073822021484,91.6303863525391,91.0318298339844,89.4059829711914,87.6095352172852,85.9776763916016,84.7046051025391,88.0754165649414,95.057991027832,96.2400817871094,95.4164123535156,95.4053802490234,94.8472442626953,92.9324264526367,90.8396606445312,89.4432907104492,88.8604736328125,88.629768371582,88.9777908325195,89.4210662841797,89.1619567871094,88.7147369384766,88.6293029785156,88.000602722168,88.2032241821289,88.8011016845703,89.7810134887695,90.6266250610352,91.2739334106445,91.0129928588867,91.246337890625,91.5916213989258,91.8858795166016,91.3579025268555,90.3060073852539,89.4760437011719,88.9900054931641,88.35888671875,87.2625961303711,85.831787109375,84.4270706176758,83.4700469970703,82.5951690673828,81.8439178466797,80.3199310302734,78.077018737793,75.8292083740234,73.8181533813477,71.7356872558594,69.7721481323242,67.5826873779297,65.4937591552734,64.0319595336914,63.2072257995605,63.2083320617676,63.3917388916016,63.435733795166,62.7441596984863,61.9969863891602,61.1554107666016,60.0682182312012,59.5446281433105,59.4843444824219,60.0048332214355,60.4387512207031,60.3958206176758,60.1253356933594,59.4387092590332,58.8804626464844,61.8569412231445,60.7747611999512,58.9458885192871,57.9001846313477,61.2435073852539,55.7354431152344,58.4266891479492,55.9447135925293,55.3519630432129,54.5333671569824,55.4732627868652,56.6959037780762,57.9589195251465,62.2054710388184,59.7972412109375,59.487419128418,63.4121170043945,74.7746658325195,77.3406677246094,82.0124359130859,87.0752563476562,96.4312744140625,107.695541381836,105.580459594727,96.6368103027344,93.497444152832,120.222434997559,128.409469604492,139.081695556641,144.579238891602,142.996429443359,130.756805419922,119.537757873535,109.64234161377,102.777030944824,106.48607635498,109.62557220459,112.484733581543,107.473121643066,108.205947875977,102.182815551758,97.8949890136719,101.021499633789,94.9586639404297,97.2883758544922,95.3912200927734,92.4613876342773,91.3009643554688,89.4971084594727,90.478157043457,88.4309158325195,87.0794296264648,86.4511795043945,85.0093307495117,82.5136947631836,81.5871810913086,80.5882110595703,78.2517395019531,77.3686752319336,75.1739730834961,76.6674423217773,76.2468795776367,74.6020278930664,75.3196716308594,67.3842010498047,66.2176361083984,62.0917587280273,63.5146026611328,61.953010559082,59.5034523010254,68.5739822387695,86.8758087158203,96.391960144043,96.9180068969727,96.8602752685547,95.8832778930664,94.1094818115234,90.4640350341797,79.3871307373047,71.6872940063477,68.5472717285156,64.6370239257812,62.8162879943848,62.3481369018555,60.5421257019043,58.5885543823242,57.0241737365723,55.6371078491211,54.2208709716797,52.7868728637695
"81.25",46.7248001098633,49.5616912841797,49.5441513061523,46.8110313415527,47.8460350036621,51.1097068786621,53.4036674499512,53.9892425537109,52.9594421386719,51.786319732666,52.7832717895508,53.3938789367676,53.4353218078613,53.3336219787598,57.2442436218262,60.5393524169922,62.169807434082,64.1241455078125,65.0890579223633,65.4697799682617,67.7313079833984,70.3247833251953,75.3339691162109,77.7636184692383,94.8536987304688,87.9681396484375,81.3755035400391,82.7590560913086,85.1721496582031,86.9351348876953,87.7580947875977,88.0984268188477,88.729866027832,90.0816955566406,91.3040618896484,90.8486480712891,89.4422378540039,87.7232208251953,86.1039276123047,85.1012802124023,88.1051635742188,93.3467712402344,94.5874557495117,94.4671173095703,94.99365234375,94.6830062866211,92.8262481689453,90.7483749389648,89.5079879760742,88.8918380737305,88.8203659057617,89.1751251220703,89.3108978271484,88.711067199707,88.3844909667969,88.1071090698242,87.2475967407227,87.653938293457,88.3393402099609,89.1721267700195,90.0286178588867,90.6117630004883,90.7114181518555,91.2642593383789,91.718376159668,92.192497253418,91.7750244140625,90.9053421020508,90.4683074951172,89.958869934082,88.8527908325195,87.4058990478516,86.1091766357422,84.9688339233398,84.107048034668,83.1486892700195,82.1550674438477,80.3970184326172,78.0348205566406,75.7372512817383,73.6829681396484,71.6179275512695,69.746696472168,67.698860168457,65.9571914672852,64.6078720092773,63.8151321411133,63.7146377563477,63.5814056396484,63.6416511535645,62.9183464050293,62.0519905090332,61.0671234130859,60.363151550293,60.0163230895996,59.988452911377,60.0586318969727,60.3086433410645,60.2438049316406,59.629077911377,59.1200065612793,59.0531997680664,59.0944290161133,54.1555137634277,53.5071029663086,57.4775810241699,60.4036750793457,59.4439888000488,58.5478553771973,58.3638725280762,58.7069053649902,58.8444404602051,60.3802947998047,53.7808303833008,54.4873313903809,62.434700012207,64.8728866577148,66.2581634521484,67.9266586303711,74.8839797973633,84.28369140625,81.8654174804688,92.8548812866211,100.948341369629,104.42756652832,100.683074951172,87.644157409668,104.527694702148,125.604263305664,132.380523681641,139.813140869141,141.557815551758,140.886688232422,120.933753967285,110.140419006348,104.827209472656,104.407943725586,105.550216674805,102.643653869629,109.225708007812,105.709289550781,105.941719055176,107.38907623291,102.396614074707,101.163124084473,96.9402542114258,97.4398880004883,95.9892501831055,93.4256286621094,93.8015213012695,92.2682113647461,90.3968048095703,88.5341339111328,86.7320556640625,85.6053771972656,84.9551544189453,82.6754150390625,80.9299774169922,78.3796157836914,77.8359298706055,78.1878051757812,75.6944885253906,76.5189971923828,75.7373352050781,75.4794540405273,74.6205368041992,71.3077850341797,66.629524230957,61.7634658813477,61.7493896484375,62.0918922424316,58.8833312988281,65.5780410766602,69.2875289916992,90.7600555419922,96.948600769043,97.2499237060547,96.338737487793,94.060676574707,91.1121368408203,78.0055541992188,71.1876678466797,68.4503631591797,64.8198013305664,62.8476104736328,62.2804565429688,60.548210144043,58.5856018066406,57.0025787353516,55.5995178222656,54.1907539367676,52.7746696472168
"82.5",46.4090614318848,49.5483360290527,49.5136337280273,46.8163795471191,47.5476417541504,51.7118225097656,54.1895446777344,53.5097007751465,52.8705940246582,51.807056427002,52.6182670593262,52.838981628418,52.0744590759277,54.0725021362305,57.6455345153809,59.7080688476562,61.1519737243652,63.0204467773438,64.2921981811523,65.1510925292969,67.1132507324219,69.1819534301758,74.3901290893555,77.7354354858398,75.5890197753906,83.0655746459961,81.2175064086914,82.3516845703125,84.6768798828125,86.45751953125,87.3339385986328,87.7355880737305,88.4645919799805,89.8257064819336,90.8731307983398,90.826416015625,90.1021575927734,88.5470657348633,87.0232772827148,86.9006958007812,89.4307708740234,92.3319320678711,93.4695739746094,93.9798965454102,94.5465850830078,94.1231384277344,92.4161987304688,90.4381408691406,89.3629989624023,88.899787902832,88.9852066040039,89.3414306640625,89.2654724121094,88.4864883422852,88.202507019043,87.4589767456055,86.6003646850586,86.9566497802734,87.2906341552734,88.0638809204102,89.1245574951172,89.9134063720703,90.5001373291016,91.2363891601562,92.0516357421875,92.6759872436523,92.1908721923828,91.5761337280273,91.1581420898438,90.2583465576172,88.8652267456055,87.5101089477539,86.4244766235352,85.4929733276367,84.6371154785156,83.5812530517578,82.346565246582,80.3932571411133,78.0700607299805,75.7433700561523,73.6036071777344,71.6172332763672,69.8439712524414,68.0184020996094,66.4581832885742,65.1492691040039,64.3385543823242,64.102165222168,63.5893287658691,63.2537422180176,62.7306976318359,62.0115585327148,60.9892387390137,60.3729286193848,60.0622673034668,60.0542449951172,60.2853050231934,60.7467422485352,60.6001434326172,59.7309532165527,59.059757232666,58.823787689209,60.7384948730469,61.4442329406738,60.8214416503906,60.6247634887695,60.669864654541,60.0512084960938,59.1887397766113,58.606029510498,58.2529907226562,58.1739845275879,59.2056884765625,59.087833404541,61.5531845092773,60.3845901489258,65.9770584106445,67.0669784545898,65.8962707519531,70.3279342651367,78.8491668701172,85.9309539794922,97.9467315673828,101.328392028809,92.8748474121094,83.8335266113281,100.801277160645,118.317764282227,128.824645996094,136.794937133789,142.919189453125,142.666381835938,142.505752563477,119.25227355957,111.490676879883,105.991912841797,103.529022216797,104.525802612305,102.900810241699,108.709938049316,106.920890808105,104.301406860352,104.039642333984,102.819061279297,101.526237487793,98.9894790649414,97.0632095336914,96.1132431030273,95.363883972168,90.328239440918,91.5507659912109,90.4951553344727,89.6411361694336,86.6690979003906,86.3524703979492,84.7230834960938,82.3928527832031,79.4352645874023,77.3163146972656,77.5580368041992,77.4127349853516,76.2695083618164,77.0705871582031,75.0927429199219,76.4974136352539,72.6025238037109,69.9343414306641,65.9979476928711,61.4007606506348,63.3391799926758,64.1183929443359,60.104434967041,60.7862091064453,61.1354064941406,85.7319946289062,96.609619140625,97.6037521362305,96.8724746704102,94.131462097168,90.8518371582031,78.3733901977539,70.5370559692383,68.1317672729492,65.1068878173828,63.0405006408691,62.3069343566895,60.5215492248535,58.5405426025391,56.9763221740723,55.551570892334,54.1539916992188,52.7612419128418
"83.75",46.3735389709473,49.4863319396973,49.8485374450684,46.656364440918,47.2060394287109,51.3507041931152,53.477783203125,52.8445777893066,53.1799812316895,52.1701126098633,52.3877830505371,52.3120994567871,51.2909164428711,54.7540626525879,57.739860534668,59.0562744140625,59.714168548584,61.600959777832,63.3636741638184,64.8521575927734,66.5877227783203,67.9104995727539,73.4109649658203,77.3157653808594,76.2731018066406,87.6051025390625,81.8073425292969,81.9598770141602,84.3691558837891,86.0509414672852,86.8603820800781,87.3897933959961,88.1434936523438,89.4248123168945,90.3155822753906,91.0814361572266,91.4077072143555,90.2544784545898,89.2341079711914,90.5350799560547,92.8234481811523,93.3794097900391,93.717399597168,94.0580291748047,94.0754699707031,93.2068405151367,91.6210098266602,90.0570983886719,89.1713714599609,88.9551467895508,89.154914855957,89.5343933105469,89.4041137695312,88.4534225463867,87.9238967895508,86.5804901123047,85.7015380859375,85.9048614501953,86.5354309082031,87.7470626831055,88.9734344482422,90.0785217285156,91.3086013793945,92.0656890869141,92.8675994873047,93.2693176269531,92.9232635498047,92.305534362793,91.6375350952148,90.3662948608398,88.8786239624023,87.6226654052734,86.6758651733398,85.8711853027344,85.0074691772461,83.8232955932617,82.3139114379883,80.3527984619141,78.232048034668,75.9648742675781,73.8077697753906,71.8617477416992,70.220832824707,68.595085144043,67.1361236572266,65.6836166381836,64.7833709716797,64.3648300170898,63.455623626709,62.8895149230957,62.5012130737305,61.9121437072754,60.8184700012207,59.9411582946777,59.7836685180664,59.7043838500977,60.2043991088867,60.9440002441406,60.9776954650879,60.2013816833496,59.4229545593262,58.7028732299805,58.6274604797363,59.1550483703613,60.0850982666016,60.2627716064453,60.146800994873,59.8762435913086,59.4908790588379,58.9685745239258,58.0313377380371,57.497486114502,57.9502906799316,59.4772720336914,63.5777168273926,66.8289108276367,60.8694496154785,61.5340156555176,58.6631698608398,69.3037338256836,77.3521347045898,87.5762557983398,95.7658615112305,92.8907241821289,85.6360778808594,83.4809875488281,116.272987365723,123.448867797852,130.717056274414,135.113220214844,142.415161132812,143.195709228516,140.075546264648,109.943832397461,111.33226776123,113.020401000977,103.918579101562,103.672149658203,102.344581604004,103.795021057129,110.599533081055,105.358528137207,101.045516967773,102.424087524414,101.859397888184,101.563941955566,97.1427841186523,96.0364074707031,92.9287643432617,88.2721099853516,88.4527893066406,90.0216979980469,91.1454925537109,87.8285675048828,85.5449295043945,84.9392471313477,83.9988021850586,80.1322250366211,77.0204696655273,77.2399215698242,77.1998748779297,76.7221145629883,76.925651550293,76.0124282836914,76.8447647094727,73.0229415893555,71.8316421508789,66.3953170776367,61.5741500854492,63.2686157226562,59.0161247253418,55.768310546875,60.0531959533691,60.3676872253418,81.8283767700195,95.9599456787109,98.0974349975586,97.3549346923828,94.7564926147461,90.6964416503906,79.1629867553711,70.0994186401367,67.7037963867188,65.1064834594727,63.3678169250488,62.1967391967773,60.5220565795898,58.5268440246582,56.9718246459961,55.4876251220703,54.1118965148926,52.7463684082031
"85",46.3623733520508,49.5165901184082,49.2643775939941,47.1525230407715,46.3251724243164,51.5842666625977,53.394115447998,52.495548248291,53.2137069702148,52.4626541137695,52.1965217590332,51.0804595947266,50.8966903686523,54.9663124084473,57.5553207397461,58.3762512207031,59.0652618408203,60.2551193237305,62.5787544250488,64.094352722168,65.8899078369141,67.3130264282227,72.9352340698242,77.7121658325195,76.4178466796875,82.6767883300781,81.2105484008789,81.4948577880859,83.9788208007812,85.544921875,86.3250350952148,86.9814605712891,87.7991104125977,89.0126113891602,89.9909057617188,91.7240753173828,93.0248260498047,92.5119247436523,92.3653717041016,93.9931030273438,94.9525985717773,94.3204193115234,94.1088790893555,94.0494766235352,93.6685409545898,92.4730377197266,90.9460754394531,89.647087097168,88.9931869506836,88.9267807006836,89.2733306884766,89.6809387207031,89.5483627319336,88.5349502563477,87.2218399047852,85.4715423583984,84.8279876708984,85.4490966796875,86.5479888916016,88.1424713134766,89.6691818237305,91.3151245117188,92.4421691894531,93.3216323852539,93.9800720214844,94.2766799926758,93.8153228759766,93.0025253295898,91.9163284301758,90.2119827270508,88.7276458740234,87.6734085083008,86.8813552856445,86.123893737793,85.2221450805664,83.9207305908203,82.2834014892578,80.4867630004883,78.6273803710938,76.4489364624023,74.3325653076172,72.4287185668945,70.903434753418,69.3441390991211,67.8258209228516,66.143196105957,65.0132064819336,64.1927337646484,63.213695526123,62.7984008789062,62.3628768920898,61.6478157043457,60.48681640625,59.6300086975098,59.4134330749512,59.438232421875,60.1758842468262,60.8593139648438,60.8993721008301,60.3950805664062,59.7041549682617,58.5910491943359,57.7166023254395,57.9077415466309,59.0820426940918,59.5085754394531,59.4621963500977,59.5311622619629,59.4627571105957,59.223705291748,58.3314819335938,57.323844909668,57.1435394287109,57.9327278137207,60.1716461181641,63.5491790771484,65.6014175415039,59.2310791015625,62.0528717041016,64.2203826904297,75.3241195678711,84.0561065673828,84.4233169555664,78.6909637451172,68.0332565307617,82.5971832275391,123.262107849121,130.014617919922,133.527160644531,133.465591430664,137.847061157227,138.312072753906,134.966323852539,114.598625183105,107.311790466309,107.150665283203,111.159507751465,103.470634460449,102.48429107666,103.524444580078,109.74528503418,102.388092041016,102.305107116699,103.126091003418,101.034568786621,101.553466796875,97.7161865234375,95.7994079589844,90.6713790893555,87.3144149780273,88.1310653686523,89.9558715820312,93.6856842041016,85.5886154174805,86.5509567260742,84.5535125732422,83.9235000610352,80.3024520874023,77.5716018676758,78.2469177246094,76.837043762207,77.8102645874023,77.1855087280273,75.3044586181641,76.4463424682617,71.7089691162109,73.0028533935547,63.3722267150879,62.5774269104004,64.3105316162109,58.9459114074707,55.0680847167969,56.7528839111328,58.454704284668,76.3445129394531,95.5556716918945,98.2281494140625,97.8186416625977,95.9729309082031,90.8027725219727,79.5613632202148,70.1916809082031,67.3190231323242,64.9687271118164,63.2891502380371,62.1876411437988,60.4766960144043,58.5293617248535,56.9533615112305,55.4007225036621,54.0660552978516,52.7304878234863
"86.25",46.3828544616699,49.8901443481445,49.0699920654297,46.4102478027344,45.9236259460449,51.2807273864746,53.1913261413574,52.5284957885742,53.3361701965332,52.8227729797363,51.7982559204102,50.9331436157227,51.092529296875,54.5504379272461,57.4643516540527,57.892032623291,58.5279998779297,59.4247398376465,61.9276084899902,63.6220932006836,65.2582855224609,66.6918487548828,72.2398986816406,77.649787902832,76.8189468383789,77.2448883056641,80.4837646484375,80.8627471923828,83.4781646728516,85.1816558837891,85.9224090576172,86.4725341796875,87.3956451416016,88.8082046508789,90.2715225219727,92.4957656860352,93.9973220825195,94.0193405151367,94.3049697875977,95.2031784057617,95.0903854370117,94.1731338500977,94.0177688598633,93.9189224243164,93.3187561035156,91.9703903198242,90.573127746582,89.3623657226562,88.7693099975586,88.8500747680664,89.1997680664062,89.6054916381836,89.468620300293,88.4463577270508,86.3303298950195,84.6621398925781,84.5250701904297,85.6559524536133,87.2505264282227,89.1184844970703,90.8609771728516,92.5050430297852,93.6371078491211,94.5533981323242,94.965950012207,95.0744476318359,94.5028762817383,93.4956359863281,92.0988235473633,90.1677703857422,88.7590484619141,87.8041000366211,87.1363525390625,86.3789291381836,85.3921966552734,83.9470367431641,82.3747711181641,80.8434219360352,79.1614303588867,77.1184539794922,75.0893936157227,73.323486328125,71.8138732910156,70.1667785644531,68.3827285766602,66.5481643676758,65.0669479370117,63.7992248535156,62.9944648742676,62.5944366455078,62.1405754089355,61.336368560791,59.9369506835938,59.2105178833008,58.947093963623,59.2861022949219,60.2238082885742,60.8841590881348,60.8253936767578,60.3716125488281,59.7330207824707,58.5352516174316,57.6767196655273,57.6563606262207,58.5284118652344,59.2376594543457,59.270320892334,59.5131874084473,59.6568946838379,59.5243873596191,58.6758918762207,57.4815559387207,56.8509521484375,57.2400283813477,58.7746467590332,61.9819221496582,66.1796722412109,63.1015357971191,64.0434265136719,59.7917366027832,70.4280395507812,66.5309753417969,72.6311874389648,65.0268249511719,70.1215515136719,98.2313232421875,124.141464233398,132.170959472656,132.281341552734,131.864624023438,135.050628662109,134.163375854492,133.331192016602,120.134246826172,110.986618041992,104.349212646484,112.622673034668,103.774543762207,103.012519836426,106.808502197266,110.354133605957,109.098045349121,106.541038513184,103.040573120117,96.0341491699219,100.867973327637,96.7803039550781,95.9102020263672,84.2471389770508,87.2659606933594,87.4997253417969,88.7067642211914,91.8786315917969,87.4503707885742,87.2072067260742,84.7931213378906,83.254638671875,80.6352386474609,78.3142623901367,78.6512756347656,78.3678970336914,77.9890441894531,77.3549346923828,74.8669128417969,74.0193862915039,70.2863235473633,72.5317459106445,63.5539398193359,66.3797454833984,66.8020706176758,64.3500595092773,55.4040336608887,55.6744728088379,55.7752838134766,69.6989517211914,88.4447174072266,98.0950012207031,98.3563842773438,96.9462280273438,91.6245803833008,79.5498352050781,70.0542297363281,67.2739410400391,64.7100219726562,63.0442962646484,62.2120513916016,60.4318618774414,58.5139923095703,56.8789863586426,55.3745231628418,54.0173454284668,52.7138786315918
"87.5",46.7409553527832,49.336540222168,49.2499656677246,47.0223846435547,46.2422332763672,51.2610397338867,53.0265998840332,52.2708015441895,52.5251731872559,53.0543479919434,51.7907447814941,51.2532043457031,50.9212455749512,54.0065155029297,56.4953994750977,57.4511032104492,58.2230186462402,59.2789840698242,61.5054512023926,63.4026756286621,64.9160079956055,67.7529449462891,71.8806610107422,76.979133605957,76.7938613891602,78.0282211303711,80.5808639526367,80.2072906494141,82.9321060180664,84.8167877197266,85.5829772949219,86.1530990600586,87.0463409423828,88.8490219116211,90.8775939941406,92.8434982299805,93.7821578979492,93.9486770629883,94.1432952880859,94.3948593139648,93.8103103637695,93.2531127929688,93.7607879638672,93.8150177001953,92.9851837158203,91.4495468139648,90.1134719848633,88.9862594604492,88.4636535644531,88.6460037231445,88.8946228027344,89.3429489135742,89.2156524658203,88.0838623046875,85.6279678344727,84.5907592773438,84.7968521118164,86.4172058105469,88.3574447631836,90.066291809082,91.6186218261719,93.2906799316406,94.3884963989258,95.2087554931641,95.7324523925781,95.5396347045898,94.9118881225586,93.7187957763672,92.1024856567383,90.2694854736328,89.1134796142578,88.3546829223633,87.7281875610352,86.9227294921875,85.6879043579102,83.9792556762695,82.5158767700195,81.2118682861328,79.6636352539062,77.819953918457,75.9454803466797,74.333366394043,72.6782608032227,70.7366790771484,68.7847671508789,66.737190246582,64.8947296142578,63.2452125549316,62.3849105834961,62.2133483886719,61.7784767150879,60.7362174987793,59.4843635559082,59.020881652832,58.709300994873,59.1066131591797,59.9599876403809,60.8419342041016,60.8767967224121,60.5200881958008,59.7997932434082,58.7037010192871,58.0685882568359,58.0933113098145,58.835277557373,59.4099807739258,59.5378799438477,59.8637657165527,60.0638084411621,59.6764678955078,58.8343887329102,57.7719955444336,57.1603584289551,57.3413238525391,58.2186393737793,60.6952133178711,64.8380966186523,68.5854949951172,73.8755874633789,66.5493316650391,63.3191719055176,61.0271949768066,57.8027305603027,53.3495254516602,81.0905532836914,107.101737976074,122.962333679199,131.655548095703,130.437774658203,131.189926147461,132.5224609375,133.058288574219,128.391510009766,118.620941162109,109.914558410645,93.0091094970703,113.088264465332,111.722763061523,100.719703674316,106.140869140625,108.971366882324,112.279846191406,108.418037414551,96.4738006591797,95.5038146972656,97.8575439453125,99.4819107055664,91.1604537963867,86.8153076171875,87.9557571411133,87.5686264038086,86.2504119873047,86.2217178344727,85.8442611694336,84.8145370483398,83.5640640258789,81.9961700439453,80.5354690551758,79.3666076660156,79.0301208496094,79.3013763427734,78.706657409668,77.1150817871094,74.3692398071289,70.9466323852539,72.1871719360352,67.0995254516602,62.8834381103516,67.1958694458008,67.8864517211914,66.8781127929688,56.7135047912598,56.6725692749023,56.1105155944824,58.9317359924316,77.9045181274414,98.2489929199219,98.8245086669922,97.589973449707,92.9019317626953,78.5044403076172,70.2209091186523,67.5597686767578,64.3528137207031,62.6263542175293,62.0369911193848,60.5284690856934,58.563045501709,56.8129920959473,55.3403167724609,53.964298248291,52.695255279541
"88.75",46.3727531433105,49.5440788269043,49.264102935791,46.7379341125488,45.9892883300781,51.3141860961914,53.1873512268066,52.1770057678223,53.4612007141113,53.2912330627441,51.8686485290527,51.0132141113281,50.8714866638184,52.9455795288086,55.7358779907227,56.7693481445312,57.9882125854492,58.8512496948242,60.833137512207,63.1085052490234,64.8928451538086,66.4163970947266,71.3986129760742,76.4983215332031,77.4319000244141,78.8452758789062,80.4306945800781,79.7376022338867,82.3390045166016,84.5459442138672,85.5747375488281,85.9634780883789,86.9424362182617,89.1041488647461,91.329345703125,92.5940856933594,92.8089294433594,92.8974533081055,92.9293975830078,92.8352890014648,92.3676910400391,92.7401428222656,93.8719482421875,93.6458358764648,92.3562698364258,90.7811050415039,89.4937896728516,88.4998092651367,88.1690902709961,88.4007110595703,88.6223831176758,89.0494766235352,88.8186187744141,87.4886779785156,85.2953186035156,84.8048934936523,85.4739532470703,87.3564758300781,89.2904586791992,90.9328994750977,92.4384613037109,94.030632019043,95.0999908447266,95.952278137207,96.2933731079102,95.8766708374023,95.1374206542969,93.8199157714844,92.3460083007812,90.7751007080078,89.7372512817383,89.1846313476562,88.5318756103516,87.5171051025391,86.0156707763672,84.2087783813477,82.7685623168945,81.4792251586914,80.124885559082,78.520393371582,76.8888244628906,75.3095932006836,73.4290313720703,71.1957626342773,69.0766525268555,66.6052169799805,64.5767135620117,62.8777351379395,61.8038711547852,61.307502746582,60.9508438110352,60.2073936462402,59.4502258300781,58.8143615722656,58.5653038024902,58.8207588195801,59.8288841247559,60.6808128356934,60.8855972290039,60.6934661865234,59.9980087280273,59.1666870117188,58.7564544677734,58.7607002258301,59.493106842041,60.0331077575684,60.1656379699707,60.2497062683105,60.2044944763184,59.7474136352539,59.0652313232422,58.1790542602539,57.8503036499023,57.9882202148438,58.5765571594238,60.0936470031738,63.071834564209,66.8496322631836,72.5141220092773,63.1385040283203,58.5469627380371,55.1160507202148,52.905200958252,50.4088668823242,79.1614074707031,105.28662109375,119.476104736328,127.662239074707,126.72550201416,128.346466064453,129.782470703125,129.853118896484,121.575531005859,112.773330688477,112.32772064209,116.603378295898,109.873016357422,112.614181518555,100.309532165527,105.044700622559,108.768424987793,108.99471282959,105.381774902344,97.2576751708984,100.029220581055,100.476081848145,91.1725006103516,89.5473937988281,89.2062606811523,87.984748840332,86.8474655151367,87.4482421875,86.862922668457,87.6986389160156,85.6551513671875,84.6909255981445,82.289665222168,81.1170120239258,79.7593307495117,78.9106597900391,79.1242218017578,78.6523971557617,77.3242034912109,72.1468124389648,68.5788955688477,71.4350051879883,63.6901054382324,63.0952301025391,68.5458755493164,69.2063140869141,67.6733169555664,62.5175666809082,58.2984085083008,57.2541923522949,57.7724914550781,72.2195510864258,98.9381256103516,99.0472412109375,98.0017395019531,93.9697723388672,78.0728225708008,70.8800888061523,67.6746597290039,64.0287628173828,62.2439117431641,62.055477142334,60.5730361938477,58.5989990234375,56.7807350158691,55.3008842468262,53.9163475036621,52.6754760742188
"90",46.384593963623,49.4451675415039,49.3569564819336,46.8387260437012,45.6346435546875,50.9979057312012,53.5630187988281,52.1424102783203,52.831916809082,53.5137405395508,51.96826171875,50.754581451416,51.7437782287598,53.500904083252,54.521068572998,56.0343780517578,57.0492286682129,58.1036224365234,59.844799041748,62.7136039733887,64.8992691040039,66.3509292602539,71.1115341186523,76.2848129272461,77.0722198486328,82.4577407836914,80.1495132446289,79.4885864257812,81.5863647460938,84.0177764892578,85.4943695068359,85.8060913085938,87.0117416381836,89.4517822265625,91.5158920288086,92.0437240600586,91.9223251342773,91.8025131225586,91.7146377563477,91.6020050048828,92.0318298339844,93.4181365966797,94.1111297607422,93.095344543457,91.4986724853516,89.9507141113281,88.8104400634766,87.9786834716797,87.8390121459961,88.1813735961914,88.3891983032227,88.7470779418945,88.4230346679688,87.0282974243164,85.0983276367188,85.1294174194336,86.2052688598633,88.2129211425781,90.0900955200195,91.7556610107422,93.3377380371094,94.8719482421875,95.9273986816406,96.9776153564453,97.095344543457,96.3186340332031,95.4395599365234,94.2335433959961,93.0821838378906,91.539192199707,90.6472854614258,89.9917449951172,89.1146774291992,87.9614028930664,86.2518081665039,84.581672668457,83.1562728881836,81.9804840087891,80.7218322753906,79.3457641601562,77.9422760009766,76.2425384521484,74.0646820068359,71.5584030151367,69.0896072387695,66.3729858398438,64.1547775268555,62.5149536132812,61.2630882263184,60.1263809204102,59.5735282897949,59.4181709289551,59.0360107421875,58.3825416564941,58.2601051330566,58.502613067627,59.5937271118164,60.6534729003906,61.0715980529785,60.9293479919434,60.2865219116211,59.5827217102051,59.0432243347168,58.9119720458984,59.6129875183105,60.3462791442871,60.4957122802734,60.291130065918,60.1126441955566,59.8792457580566,59.5485610961914,58.9648208618164,58.8409385681152,58.9772071838379,59.3305168151855,59.9079551696777,61.349006652832,63.7484321594238,67.92333984375,60.3388595581055,60.177619934082,56.3001289367676,53.981632232666,52.3110847473145,75.7366409301758,102.218711853027,116.264358520508,118.688522338867,121.31169128418,123.838890075684,127.36882019043,125.81583404541,117.871513366699,106.206108093262,94.1908798217773,104.818550109863,109.971954345703,110.191040039062,102.311813354492,105.158760070801,110.82852935791,109.206001281738,108.031509399414,105.01668548584,103.401779174805,99.0578765869141,91.3382263183594,92.5928421020508,93.3543548583984,90.1600112915039,88.3400573730469,87.1292877197266,86.851936340332,87.1916732788086,86.9852828979492,85.7004776000977,82.4565887451172,80.9077301025391,79.4741287231445,79.3388061523438,79.0129470825195,78.5102844238281,71.8960266113281,70.8306350708008,72.7056884765625,64.7248229980469,63.2981033325195,65.2893676757812,70.4808197021484,70.0609588623047,68.6149368286133,62.9559478759766,60.4633483886719,57.9655609130859,57.6461906433105,64.5140533447266,99.9158782958984,99.1132965087891,98.3481140136719,94.7911987304688,80.5625839233398,72.2607345581055,67.5925521850586,63.952220916748,61.9648818969727,61.9475631713867,60.6154098510742,58.807201385498,56.7327842712402,55.2457389831543,53.8897438049316,52.6535377502441
"91.25",46.7210922241211,49.2835655212402,49.1385116577148,46.1010437011719,45.3724403381348,51.1525039672852,53.6863212585449,52.3355903625488,52.7799415588379,53.7621231079102,52.1704292297363,50.609203338623,51.6469573974609,53.0565223693848,53.8510475158691,54.7408142089844,55.5466003417969,56.9528541564941,58.4468040466309,61.6743240356445,64.5519866943359,65.8494186401367,70.826530456543,75.9528198242188,77.071533203125,89.7564468383789,82.6688995361328,79.6823654174805,81.2679061889648,83.8483428955078,85.3274002075195,86.0011367797852,87.1979446411133,89.6455764770508,91.6100311279297,91.8860855102539,91.7507171630859,91.5023727416992,91.5210647583008,91.7701263427734,93.1083831787109,94.1487121582031,93.8069381713867,92.1691207885742,90.3876266479492,88.994255065918,88.0509719848633,87.5236129760742,87.7266387939453,88.1626663208008,88.2804489135742,88.4741134643555,88.0335922241211,86.6709213256836,85.1560363769531,85.5195846557617,87.0143966674805,89.1916732788086,91.0680465698242,92.7004089355469,94.3043365478516,95.914680480957,97.2115631103516,98.0985488891602,97.9757080078125,96.8939895629883,95.9282073974609,95.0759963989258,94.0528793334961,92.7108383178711,91.650520324707,90.7416305541992,89.6457443237305,88.2254257202148,86.7603302001953,85.2692031860352,83.9793701171875,82.917236328125,81.6689224243164,80.3816146850586,78.9880828857422,77.1184768676758,74.6786880493164,71.8969802856445,69.0000305175781,66.033447265625,63.6525382995605,61.9941329956055,60.4087219238281,58.9577331542969,58.4238357543945,58.4341697692871,58.3188629150391,57.994083404541,57.9206085205078,58.287281036377,59.310417175293,60.4603805541992,61.1927604675293,61.0759925842285,60.4545860290527,59.7430305480957,59.0212783813477,58.7661972045898,59.3705253601074,59.916820526123,59.9596862792969,60.0494079589844,60.082592010498,60.235481262207,60.2061195373535,59.8089866638184,59.7674255371094,59.5328521728516,59.4449844360352,59.4492721557617,60.4588165283203,62.5581855773926,67.6046447753906,63.6136817932129,64.2104415893555,60.172248840332,60.7435646057129,56.1321830749512,73.6275024414062,99.8921508789062,115.729011535645,118.077354431152,118.013305664062,118.026008605957,120.252838134766,119.09236907959,116.604125976562,97.7685165405273,90.6939010620117,106.582382202148,109.739456176758,110.666366577148,107.306129455566,115.017234802246,110.39128112793,110.349784851074,108.720146179199,108.778648376465,99.1187973022461,94.4273529052734,95.099739074707,95.0202789306641,90.5613021850586,89.9805526733398,89.4602737426758,86.4528121948242,89.3514633178711,88.0224456787109,87.2845001220703,83.71826171875,82.5930633544922,81.0687637329102,79.3817825317383,80.0443725585938,79.9507751464844,78.1237411499023,73.1629791259766,71.8793411254883,70.8045272827148,62.9675598144531,61.7467651367188,64.9128646850586,71.146110534668,71.2407684326172,69.9414749145508,63.0684242248535,61.4726715087891,59.936939239502,59.3354911804199,60.2511329650879,99.8285064697266,98.9375228881836,98.7519683837891,95.9893951416016,84.0144195556641,71.5700149536133,67.3239669799805,63.8729591369629,61.8613891601562,61.9672737121582,60.6166954040527,59.0555191040039,56.6801948547363,55.1823883056641,53.8566627502441,52.6213188171387
"92.5",46.3674621582031,49.3851661682129,49.3591575622559,46.4784507751465,45.2566795349121,51.0010070800781,53.7207908630371,52.0419311523438,52.9663696289062,53.6915054321289,52.3420104980469,50.6218643188477,51.5311622619629,52.7267189025879,53.8570213317871,54.937629699707,54.2118873596191,55.4410057067871,57.5316200256348,60.3846817016602,63.3119659423828,65.2503814697266,70.5017929077148,75.9468383789062,77.2726364135742,96.773796081543,87.5386047363281,80.3158569335938,81.2390747070312,83.6606903076172,85.2288970947266,86.2779388427734,87.3656234741211,89.7633209228516,91.945426940918,92.2634201049805,92.2033386230469,92.0436706542969,92.2569046020508,92.8398666381836,94.0877456665039,94.1271286010742,92.8994750976562,91.0270156860352,89.1862487792969,87.9898986816406,87.3041458129883,87.3164749145508,87.9225311279297,88.2914886474609,88.2534561157227,88.2518692016602,87.6736602783203,86.5363693237305,85.4216461181641,86.0361022949219,87.9021606445312,90.2271423339844,91.9566879272461,93.4843673706055,95.1120147705078,96.9291915893555,98.2415008544922,98.8381271362305,98.4594039916992,97.4615249633789,96.8210678100586,96.0874557495117,95.0612640380859,93.6209030151367,92.4419555664062,91.4469451904297,90.2636642456055,88.7472381591797,87.4903259277344,86.2758865356445,85.223258972168,84.2035140991211,82.9664764404297,81.6636810302734,80.1298294067383,77.9910278320312,75.1819305419922,71.8942642211914,68.6563110351562,65.5793533325195,63.0577812194824,61.0963859558105,59.3778915405273,58.0957946777344,57.7526664733887,57.6262435913086,57.7760467529297,57.728687286377,57.8733367919922,58.4717597961426,59.3986320495605,60.4785270690918,61.123950958252,61.1628189086914,60.5725936889648,59.7113761901855,58.74951171875,58.2118911743164,58.6263732910156,59.3626976013184,59.5884132385254,59.8814926147461,60.3754196166992,60.7992401123047,60.6706085205078,60.1196784973145,59.7416152954102,59.0978927612305,59.2083358764648,59.1456108093262,60.2918586730957,61.5025329589844,65.6908569335938,59.9539527893066,65.5871505737305,63.2022285461426,63.6633720397949,61.417854309082,71.3438568115234,93.640983581543,113.102416992188,114.730682373047,114.86897277832,113.429458618164,115.021919250488,114.759666442871,114.57585144043,107.863174438477,103.320770263672,109.02571105957,108.89884185791,112.087791442871,109.274574279785,113.350021362305,112.842628479004,112.067764282227,110.415298461914,111.152565002441,98.3887329101562,98.7417449951172,95.8833618164062,98.1632843017578,88.3921432495117,88.7066879272461,86.958740234375,86.2116622924805,88.1526107788086,86.1279602050781,86.9567108154297,85.0994644165039,81.6956634521484,80.6256561279297,80.6791305541992,80.2954025268555,78.8660507202148,77.8699645996094,72.7834014892578,70.1874160766602,65.2215118408203,71.1718063354492,64.1710357666016,65.6166000366211,68.0066223144531,67.9405364990234,70.3078918457031,62.6043701171875,60.9748802185059,64.7823944091797,60.4356231689453,59.4789237976074,95.7768783569336,99.2599029541016,99.629280090332,97.2165298461914,81.1929626464844,64.8989639282227,67.0851821899414,63.651683807373,62.1126823425293,61.8902587890625,60.6283683776855,59.2170600891113,56.6921157836914,55.1562080383301,53.814338684082,52.6305999755859
"93.75",46.5539970397949,49.036735534668,48.9407234191895,46.0567283630371,44.9577217102051,50.8655891418457,53.3977394104004,52.187873840332,53.0120429992676,53.3129959106445,52.6329650878906,50.8846206665039,51.5323677062988,52.3801498413086,53.5414695739746,54.0294952392578,53.0209922790527,54.6170883178711,56.2245903015137,59.4520988464355,61.9832992553711,64.2954177856445,69.9205017089844,76.4449996948242,77.2493743896484,94.4859161376953,95.0286636352539,81.324577331543,81.2038421630859,83.5688400268555,85.0700454711914,86.5148696899414,87.4804153442383,89.7853317260742,92.2365646362305,92.7836456298828,92.8012619018555,92.6450576782227,93.0015411376953,93.5404739379883,94.0974426269531,93.4123229980469,91.976692199707,89.8447647094727,88.0337829589844,87.1665267944336,86.9958419799805,87.436164855957,88.2528228759766,88.4920196533203,88.2188568115234,87.991813659668,87.4797134399414,86.6186370849609,85.9514389038086,86.6177062988281,88.5123748779297,90.9252395629883,92.5827407836914,94.1447067260742,95.7977523803711,97.4403686523438,98.7094955444336,99.0664978027344,98.6063461303711,97.9380111694336,97.6953659057617,97.0801010131836,95.9162521362305,94.3660125732422,93.152458190918,92.284049987793,91.052734375,89.5559997558594,88.4488906860352,87.4221115112305,86.6173782348633,85.6367797851562,84.3434906005859,82.9514389038086,81.1744689941406,78.7084884643555,75.5283660888672,71.7140655517578,68.2077102661133,64.9858474731445,62.4293937683105,60.2484169006348,58.5119209289551,57.5486068725586,57.1726493835449,57.1164436340332,57.275691986084,57.4762229919434,57.7997245788574,58.5526084899902,59.4735374450684,60.4769515991211,61.0403022766113,61.1262245178223,60.9239387512207,59.9802474975586,58.4707908630371,57.5171012878418,57.6610946655273,58.4637107849121,58.993221282959,59.5105133056641,60.0704307556152,60.6159973144531,60.2399406433105,59.4663391113281,58.6758728027344,55.9595108032227,59.3140716552734,57.9527359008789,58.0436782836914,54.0546989440918,54.7859153747559,59.542423248291,64.2610702514648,67.8146743774414,64.9757843017578,64.7646026611328,65.192253112793,67.6083221435547,89.5489807128906,110.148162841797,113.736167907715,112.67894744873,112.849151611328,112.834381103516,115.425178527832,97.3251876831055,105.501480102539,115.511680603027,112.609184265137,114.940742492676,112.984252929688,117.427635192871,112.874053955078,114.268966674805,113.197662353516,112.857666015625,104.624969482422,102.811210632324,91.5669708251953,92.1195907592773,88.1729736328125,87.0082244873047,85.1445770263672,84.7060241699219,88.8488845825195,85.5829849243164,87.2269287109375,85.3933410644531,81.4144897460938,80.9742813110352,81.4515228271484,80.2693328857422,78.2640380859375,75.6454238891602,71.8889694213867,69.5485305786133,67.1069107055664,71.5542831420898,65.5953979492188,64.6271896362305,62.9055252075195,66.1018676757812,67.7661209106445,61.6018867492676,60.4795989990234,63.0957412719727,60.7227020263672,58.7144088745117,70.6998138427734,100.145942687988,100.602920532227,98.6776428222656,66.2525863647461,57.6204528808594,66.8751220703125,63.1506233215332,62.2785720825195,61.8289985656738,60.7906341552734,59.2542991638184,56.7951126098633,55.1282958984375,53.7673377990723,52.6347732543945
"95",46.3596687316895,49.1822891235352,48.8940582275391,46.5647735595703,44.7803611755371,50.7225189208984,53.3638648986816,52.8849868774414,53.2736396789551,53.2051162719727,52.9016952514648,51.3251075744629,50.8510627746582,52.4102096557617,53.1096649169922,53.7281150817871,52.9944877624512,53.6164817810059,55.9569854736328,59.1610336303711,61.3388671875,63.1276893615723,69.4036026000977,75.4832000732422,78.2030334472656,79.1412963867188,87.8517379760742,80.5505065917969,80.9346542358398,83.3349685668945,85.0734481811523,86.5167922973633,87.6399688720703,89.7144927978516,92.3933639526367,92.8963241577148,92.6536560058594,92.4227523803711,92.7329864501953,93.1082458496094,93.3569793701172,92.5522384643555,90.9034118652344,88.8229904174805,87.3246078491211,86.9093322753906,87.2289962768555,87.8489379882812,88.5867614746094,88.5678863525391,88.1093368530273,87.8279037475586,87.3989105224609,86.8318786621094,86.6307220458984,87.280876159668,89.0550308227539,91.5369110107422,93.3017044067383,94.9906692504883,96.551513671875,97.7887496948242,98.5964126586914,98.859733581543,98.7196884155273,98.5254287719727,98.3276824951172,97.6234359741211,96.4589920043945,95.1828689575195,94.1094970703125,93.2874221801758,91.9031982421875,90.5172882080078,89.4534378051758,88.5713043212891,87.8755874633789,86.9192504882812,85.6002349853516,84.1563568115234,82.067024230957,79.2168579101562,75.4366760253906,71.4111328125,67.8067169189453,64.4000015258789,61.8037528991699,59.561954498291,57.9396667480469,57.0298957824707,56.6709899902344,56.727481842041,56.9675750732422,57.2391204833984,57.6043510437012,58.2826309204102,59.2934341430664,60.094856262207,60.4225921630859,60.4118194580078,62.7158088684082,58.4336585998535,58.1503028869629,56.8476219177246,56.8152770996094,57.4025573730469,58.106575012207,58.7614517211914,59.3299140930176,59.5298690795898,58.9837417602539,58.5691108703613,58.8974761962891,55.2247734069824,57.9198112487793,58.045352935791,60.5570945739746,60.3189582824707,61.1977920532227,64.1481781005859,62.5653495788574,63.1391448974609,65.8907318115234,66.0112533569336,64.008171081543,60.7697334289551,83.1310348510742,102.461120605469,110.277862548828,108.719749450684,110.296501159668,112.635818481445,110.406677246094,100.174736022949,107.918350219727,115.726272583008,117.144760131836,114.182334899902,113.044425964355,116.68529510498,114.487617492676,114.892959594727,112.559700012207,111.279121398926,108.087509155273,100.791778564453,93.4237976074219,91.5231704711914,88.5836181640625,88.8275527954102,85.452033996582,84.7571411132812,85.4430847167969,84.7977523803711,86.9496841430664,85.8857574462891,82.7163696289062,81.0253677368164,81.4054412841797,79.3455810546875,77.7141647338867,74.6269226074219,71.9037704467773,70.238883972168,69.2475738525391,71.2654342651367,66.2700042724609,64.1884307861328,59.2913208007812,62.6010894775391,68.3053894042969,60.9765357971191,59.3872032165527,59.9625205993652,60.5938873291016,58.1941947937012,59.5631828308105,99.0085296630859,101.668113708496,99.7982788085938,54.9958457946777,56.186149597168,65.9320983886719,62.8673553466797,62.248779296875,61.7298011779785,60.8625984191895,59.3226470947266,56.8698616027832,55.0978012084961,53.7142753601074,52.638744354248
"96.25",46.3658752441406,49.1927490234375,48.8626556396484,45.9112663269043,44.638614654541,50.5445213317871,53.1321640014648,52.962085723877,53.4303321838379,53.3726272583008,53.3059463500977,52.0056228637695,51.3248481750488,52.1750297546387,52.0255928039551,53.6202163696289,52.3470878601074,54.0627899169922,56.5401649475098,59.5508346557617,60.9954109191895,62.353099822998,68.3819046020508,74.1234817504883,76.3889617919922,75.7496032714844,72.5630874633789,79.224967956543,80.6191711425781,83.0232543945312,85.0395584106445,86.5866775512695,87.8739395141602,89.6267242431641,92.179817199707,92.4175796508789,91.7643814086914,91.3283538818359,91.5125350952148,92.0318374633789,92.4689254760742,91.6014022827148,90.0369415283203,88.1499633789062,87.0283279418945,87.1021499633789,87.7125930786133,88.321891784668,88.8377456665039,88.4977798461914,87.9419631958008,87.6672592163086,87.4112091064453,87.1624908447266,87.3032531738281,88.1262054443359,89.7024612426758,92.0234146118164,93.8929214477539,95.3945159912109,96.6378173828125,97.6819534301758,98.1780166625977,98.5953216552734,98.749755859375,98.753173828125,98.6941375732422,98.0632858276367,96.9770812988281,95.9733123779297,95.0586471557617,94.0742568969727,92.7655181884766,91.4419174194336,90.3676300048828,89.5342559814453,88.8743286132812,87.9720153808594,86.7460632324219,85.1762924194336,82.7067489624023,79.2528610229492,75.1165771484375,71.1284103393555,67.3673095703125,63.7484092712402,60.9949951171875,58.8064651489258,57.2866477966309,56.4457931518555,56.1692276000977,56.3146057128906,56.7988052368164,57.1589088439941,57.5809059143066,58.2411003112793,59.1108283996582,59.5595169067383,65.7869262695312,65.509880065918,58.9176177978516,60.3172798156738,57.8620719909668,56.3652572631836,56.3423042297363,56.6772003173828,57.5112762451172,57.919059753418,58.0048751831055,58.1071166992188,58.5720520019531,59.7048454284668,61.3251075744629,58.3973808288574,57.0642242431641,60.0219535827637,64.6605377197266,70.0713500976562,75.2995986938477,69.9708862304688,62.6189575195312,61.8091125488281,63.8016357421875,64.4070053100586,64.3675155639648,71.5394897460938,90.9708480834961,104.90990447998,110.734176635742,107.065795898438,107.208854675293,107.916297912598,108.25227355957,104.32088470459,110.352088928223,117.47297668457,118.869560241699,111.405944824219,114.52661895752,119.439239501953,114.91527557373,115.538696289062,112.878883361816,112.523780822754,105.907341003418,98.2884063720703,93.6021347045898,87.3459854125977,84.1855087280273,86.5345001220703,85.6486434936523,85.1912155151367,85.3600997924805,86.3266067504883,86.9264831542969,84.3501434326172,81.7044143676758,80.2299499511719,80.017333984375,79.3879852294922,77.7087249755859,73.0793151855469,72.2349014282227,70.9296951293945,68.5190734863281,70.9357757568359,64.1737442016602,62.6275825500488,57.4569320678711,59.3478889465332,68.4225616455078,61.6132049560547,59.1313667297363,59.2812461853027,60.5578117370605,57.9992904663086,70.4907989501953,100.745040893555,102.618942260742,99.0363922119141,53.9258117675781,54.8811645507812,65.1156463623047,62.6346740722656,62.1107788085938,61.8000640869141,60.9801597595215,59.3500137329102,56.8998374938965,55.0548324584961,53.6559829711914,52.6431922912598
"97.5",46.7820701599121,48.9177055358887,48.762882232666,46.4480056762695,44.5751838684082,50.0349655151367,52.9760513305664,52.4803047180176,53.2507781982422,53.6251983642578,52.913703918457,52.5067710876465,52.7780303955078,52.7522964477539,52.9836044311523,52.7320518493652,52.8068618774414,54.3206901550293,57.2826118469238,59.9055213928223,60.8043556213379,61.9367637634277,67.7196578979492,73.1218872070312,75.1384353637695,74.4182891845703,74.5594329833984,78.6850967407227,80.3465194702148,82.6382751464844,84.8857574462891,86.6881866455078,88.0943756103516,89.5369186401367,91.7009048461914,91.6325759887695,90.6732025146484,90.1941986083984,90.364631652832,91.1915893554688,91.7609939575195,90.865234375,89.3619232177734,87.6462631225586,86.8892517089844,87.3015899658203,88.0831451416016,88.6721038818359,88.8706741333008,88.2962951660156,87.6958160400391,87.5120391845703,87.4497299194336,87.5713424682617,87.9201126098633,88.9674987792969,90.4782638549805,92.6890869140625,94.6429214477539,96.0250549316406,96.5899124145508,97.4327163696289,97.9878540039062,98.4501419067383,98.8318481445312,99.0409622192383,99.2624816894531,98.6016693115234,97.6161117553711,96.6064529418945,95.7063903808594,94.6714706420898,93.4295883178711,92.2531127929688,91.2309646606445,90.4339981079102,89.6999893188477,88.7828140258789,87.5809707641602,85.9142074584961,82.8521270751953,79.0148620605469,74.738655090332,70.8618927001953,66.7903900146484,62.7467498779297,59.8568420410156,57.7777786254883,56.4453468322754,55.7415504455566,55.5240440368652,55.7391891479492,56.5481948852539,57.0809288024902,57.6280288696289,58.3418312072754,59.2374153137207,60.1339836120605,65.5477142333984,58.3565139770508,52.4301834106445,66.8474960327148,57.618293762207,56.3615798950195,56.6502075195312,56.8618469238281,57.4236488342285,57.3419151306152,57.7800979614258,58.656120300293,61.2143096923828,63.9245796203613,62.1404228210449,58.0138511657715,58.0355072021484,60.9281959533691,65.9504547119141,69.7388076782227,70.8575057983398,71.3381195068359,65.9975204467773,64.7863540649414,64.6791687011719,67.3386688232422,74.3181457519531,88.6611022949219,107.533081054688,111.255279541016,106.987716674805,104.842224121094,104.566513061523,103.946342468262,106.250114440918,103.423973083496,106.943962097168,110.880958557129,112.775016784668,108.007766723633,114.847328186035,115.620948791504,115.10986328125,115.017692565918,112.467750549316,112.296569824219,105.663223266602,95.798469543457,89.9713745117188,86.4458312988281,85.4859848022461,87.3494644165039,86.3536605834961,85.0818481445312,85.3660888671875,86.4535675048828,87.1064147949219,84.3259887695312,81.6093826293945,79.6513366699219,78.7323760986328,78.2867660522461,77.7970886230469,74.6849822998047,71.9288864135742,70.9497756958008,71.6964569091797,70.0000534057617,61.3983497619629,59.1294441223145,56.710636138916,58.7335205078125,67.7109222412109,63.7951889038086,59.0089950561523,58.5916404724121,60.6463470458984,58.2627944946289,79.9508285522461,101.929077148438,103.464706420898,83.5723648071289,53.0962142944336,57.7133407592773,66.7011642456055,62.4490432739258,62.0292701721191,61.8183822631836,61.0588111877441,59.2744140625,56.9712142944336,55.0608978271484,53.5973930358887,52.6480026245117
"98.75",46.7409629821777,49.2259864807129,49.0264015197754,45.8484992980957,43.9036979675293,50.1790962219238,52.8579902648926,52.2296485900879,53.3239898681641,53.4463577270508,53.9753570556641,53.2953262329102,52.641471862793,52.971061706543,53.1393241882324,54.7874488830566,52.9678993225098,54.8330268859863,56.9525985717773,60.3055152893066,60.7429351806641,61.2754211425781,67.240364074707,71.2897720336914,74.0289840698242,73.8333892822266,78.4084701538086,79.0955123901367,80.1209182739258,82.4846725463867,84.7427597045898,86.8027267456055,88.2083969116211,89.5367431640625,91.2250213623047,90.8608474731445,89.8863372802734,89.7034149169922,90.1481552124023,91.0619812011719,91.4016799926758,90.3940658569336,88.8836517333984,87.2675094604492,86.7708129882812,87.3171157836914,88.2104339599609,88.7118072509766,88.6549987792969,88.0039138793945,87.4437026977539,87.3961639404297,87.6647644042969,88.1575546264648,88.6594848632812,89.8395462036133,91.3850021362305,93.5392227172852,95.4395141601562,96.6760787963867,97.3782272338867,97.9439010620117,98.3830795288086,98.70751953125,99.0257949829102,99.5316772460938,99.5963592529297,99.0074920654297,97.9908447265625,97.0140228271484,95.9876174926758,95.0008926391602,94.0461044311523,92.9029159545898,92.0391235351562,91.1812744140625,90.4025726318359,89.4934463500977,88.2571029663086,86.2122039794922,82.7078552246094,78.491096496582,74.2844390869141,70.4365158081055,65.8551483154297,61.6975479125977,58.921745300293,57.1202850341797,55.8646087646484,55.0604057312012,54.9023551940918,55.2143058776855,55.9318771362305,57.1095962524414,59.9123229980469,61.9474868774414,62.7031860351562,53.9940719604492,53.4533576965332,51.4435958862305,65.8667602539062,65.3086395263672,57.9512786865234,57.9473037719727,55.0390129089355,48.4240455627441,47.9882469177246,47.9606819152832,49.1846885681152,50.7853889465332,52.9681587219238,55.117977142334,54.1439552307129,57.3978652954102,60.0083999633789,61.960636138916,64.1574478149414,65.6437225341797,68.4333572387695,70.8266983032227,71.3987655639648,71.6989135742188,73.9337463378906,81.8334579467773,90.1887359619141,98.5548706054688,111.561744689941,108.120414733887,106.15274810791,103.213317871094,104.246963500977,104.753021240234,110.430274963379,101.673614501953,106.999824523926,108.366760253906,103.388244628906,103.50902557373,108.837997436523,112.883201599121,111.792366027832,115.167427062988,113.728042602539,111.689727783203,108.859046936035,97.4409332275391,90.9360198974609,91.5340881347656,89.4115524291992,88.6637191772461,85.3816986083984,84.2231903076172,85.8912506103516,86.2345809936523,86.3602752685547,84.0472259521484,81.814582824707,80.1398239135742,78.9819717407227,78.322998046875,77.8769912719727,74.5519790649414,71.9143676757812,71.333251953125,69.5093994140625,68.372184753418,59.3657302856445,57.5885314941406,56.6385803222656,59.1064262390137,66.5563583374023,63.9623756408691,58.726490020752,61.4740829467773,60.7859344482422,58.3655662536621,74.7609710693359,102.218826293945,104.413162231445,86.4961547851562,51.8890800476074,67.0397720336914,65.1832504272461,62.2445526123047,61.9635009765625,61.9342727661133,61.0634994506836,59.2970123291016,56.9304580688477,55.0958709716797,53.5328178405762,52.6535491943359
"100",46.8068389892578,48.7864532470703,48.5946731567383,46.2777709960938,44.3288726806641,49.5011749267578,52.3981628417969,52.1805076599121,53.3945121765137,53.617259979248,54.0539131164551,53.7320785522461,53.1574020385742,53.4375343322754,53.8236694335938,54.1188774108887,54.3852424621582,55.1837120056152,57.4333724975586,60.2450981140137,60.3530426025391,60.5740547180176,65.4732971191406,69.3268508911133,73.9685134887695,74.6683959960938,80.4787216186523,80.0795364379883,80.1893920898438,82.5776824951172,84.6475372314453,86.4521942138672,88.1915969848633,89.4989242553711,90.8978424072266,90.3364562988281,89.6275939941406,89.9258041381836,90.695198059082,91.4493942260742,91.4677810668945,90.1046142578125,88.3928909301758,86.8464660644531,86.5614013671875,87.2886123657227,88.1529159545898,88.5615844726562,88.3113479614258,87.6830825805664,87.3136901855469,87.4408569335938,88.06494140625,88.9093780517578,89.5100402832031,90.6061325073242,92.136962890625,94.0810012817383,95.9948654174805,97.5539703369141,98.3219833374023,98.7494125366211,99.1366882324219,99.4045181274414,99.6079788208008,99.8198547363281,99.6179733276367,99.0326614379883,98.0968399047852,97.1650238037109,96.213752746582,95.2776184082031,94.4436264038086,93.4342193603516,92.6595458984375,91.7917709350586,91.0279312133789,89.9977951049805,88.591423034668,86.1243057250977,82.2485275268555,78.0239639282227,74.0670013427734,70.0530014038086,65.2501449584961,61.2087135314941,58.7197303771973,56.7513389587402,55.1725196838379,54.2810020446777,54.0976867675781,54.5485343933105,55.6719284057617,58.364387512207,63.7887802124023,57.1697235107422,51.0462417602539,49.1061134338379,48.5922088623047,47.9342803955078,63.8038063049316,60.2669067382812,58.3101196289062,47.3612213134766,49.2678375244141,59.2022247314453,57.7514457702637,57.6509170532227,59.8273468017578,54.741771697998,50.9546203613281,54.2777900695801,56.0412292480469,59.3221244812012,61.0831680297852,62.947380065918,67.1082305908203,67.0586776733398,68.9067993164062,72.5841903686523,74.6888580322266,77.3581314086914,82.0797348022461,89.2575988769531,94.3718414306641,101.28084564209,110.075073242188,105.997116088867,103.642311096191,103.667526245117,102.886932373047,104.755027770996,110.799110412598,101.072105407715,102.545631408691,100.078025817871,97.1090545654297,99.2413024902344,106.496696472168,108.815147399902,99.5886306762695,112.315231323242,110.041412353516,110.908668518066,102.899871826172,97.5420227050781,91.2011871337891,91.2518768310547,88.9925842285156,89.1365127563477,88.009391784668,84.5741424560547,85.2673492431641,84.6668853759766,85.4882736206055,85.0677108764648,83.3994369506836,80.5797576904297,79.4444427490234,79.0612716674805,78.2179260253906,74.6449508666992,70.4875640869141,69.2372283935547,68.53515625,67.8718872070312,58.9816627502441,56.9217185974121,57.036491394043,59.637264251709,64.7136688232422,63.663818359375,59.3053665161133,61.7685089111328,60.3838958740234,58.7334632873535,69.3405380249023,100.739898681641,105.871826171875,89.606330871582,57.6456146240234,70.0660095214844,63.923511505127,62.1455307006836,61.9888038635254,61.8949508666992,61.1664733886719,59.2977333068848,56.8442001342773,55.097240447998,53.5113639831543,52.6591987609863
"101.25",46.5174751281738,48.8515663146973,48.6885719299316,46.3972244262695,44.2712211608887,49.7933769226074,51.8502998352051,52.1116561889648,53.1624031066895,53.5271034240723,53.5062217712402,53.9092636108398,54.0744895935059,53.7580986022949,54.0646553039551,53.4111366271973,54.7453117370605,55.3627891540527,56.9926605224609,59.1273193359375,59.1717262268066,59.3735046386719,63.6516075134277,68.1452789306641,75.1615219116211,75.533317565918,83.0788116455078,81.4115295410156,80.1949462890625,82.7003326416016,84.8630828857422,86.3230285644531,88.0728225708008,89.506965637207,90.7630462646484,90.2936706542969,89.9515151977539,90.3818206787109,91.1685180664062,91.9163589477539,91.5204620361328,89.7488861083984,87.89794921875,86.5179443359375,86.5775375366211,87.4135208129883,88.147834777832,88.3777542114258,88.0799102783203,87.5136871337891,87.2871627807617,87.6860885620117,88.5999069213867,89.5593338012695,90.3615951538086,91.3782730102539,92.8384704589844,94.7999649047852,96.7063674926758,98.3576736450195,99.1644439697266,99.6013870239258,99.9292755126953,100.079414367676,100.126251220703,100.070533752441,99.6291961669922,99.0541915893555,98.3329696655273,97.4595260620117,96.4532775878906,95.4849014282227,94.6762084960938,93.880241394043,93.1067276000977,92.3166580200195,91.5089569091797,90.2460708618164,88.5712814331055,85.7548370361328,81.8076782226562,77.6790237426758,73.9666976928711,70.0072402954102,65.0680923461914,61.1584281921387,58.7247886657715,56.5702896118164,54.5969429016113,53.4485626220703,53.6646423339844,54.8865737915039,57.4406127929688,50.1887855529785,48.0546760559082,47.991455078125,46.5744285583496,46.1392631530762,46.7696571350098,46.9087333679199,46.6301536560059,45.6242980957031,45.9765815734863,55.2285232543945,59.4294662475586,58.6433181762695,57.8865013122559,58.3056678771973,60.9135475158691,54.6354179382324,49.9796447753906,52.4806289672852,55.8316917419434,56.9505767822266,59.3750228881836,59.2111282348633,63.0446472167969,65.5019683837891,68.7629318237305,70.707275390625,75.2240371704102,79.3587112426758,82.7721405029297,87.4405975341797,91.3453140258789,94.8354721069336,99.1732025146484,101.110168457031,103.222190856934,102.225555419922,101.985847473145,103.522087097168,100.39323425293,97.2047576904297,100.488204956055,96.9650344848633,97.6943740844727,104.571220397949,105.539588928223,103.19800567627,101.680137634277,112.70467376709,110.210494995117,110.71858215332,101.258522033691,95.0009536743164,91.0315780639648,88.8340835571289,88.4128875732422,89.253662109375,89.5609130859375,85.8346099853516,85.4133148193359,83.6848831176758,84.8853302001953,85.0829162597656,84.2407455444336,81.0166015625,80.3631286621094,79.7919464111328,78.7906265258789,75.6890640258789,69.7862167358398,68.3500061035156,61.299243927002,67.2853012084961,65.6521835327148,56.4621391296387,57.3989486694336,61.6967926025391,63.7218742370605,61.2421760559082,59.6409721374512,58.6835823059082,61.2511520385742,60.7168312072754,59.7306709289551,73.3626251220703,95.2517776489258,64.3297424316406,63.1167640686035,67.6066513061523,62.8009490966797,61.9983673095703,62.0657730102539,61.9958038330078,61.2586631774902,59.2015151977539,56.8051071166992,55.0966835021973,53.4775314331055,52.6658363342285
"102.5",46.7820434570312,48.7737503051758,48.7544937133789,46.1861877441406,44.225772857666,49.5632362365723,51.8134880065918,51.9767265319824,53.0453987121582,53.0940017700195,53.1216583251953,54.1431427001953,54.1930999755859,54.0810012817383,54.1016731262207,53.5686264038086,54.4626541137695,55.5005836486816,56.8350601196289,58.2247543334961,58.2847442626953,59.035343170166,62.6227340698242,67.0947723388672,73.9537582397461,74.6375579833984,82.94189453125,82.0874252319336,80.2535400390625,82.6709594726562,84.9515075683594,86.6162338256836,88.2751922607422,89.9182205200195,91.1699142456055,90.8922729492188,90.6782913208008,90.8604736328125,91.2375564575195,91.7390747070312,91.1656341552734,89.3552551269531,87.4356079101562,86.2580108642578,86.6402282714844,87.5694274902344,88.1902694702148,88.2819976806641,87.9289932250977,87.5322494506836,87.5920486450195,88.1416549682617,89.1353149414062,90.1827774047852,91.1770706176758,92.3628616333008,93.9279098510742,96.0333480834961,97.8564224243164,99.0803985595703,99.7618789672852,100.256530761719,100.603561401367,100.573776245117,100.435760498047,100.099983215332,99.6599426269531,99.1318969726562,98.4556655883789,97.7361145019531,96.8199768066406,95.937370300293,95.0929336547852,94.3458557128906,93.5575866699219,92.864875793457,91.8073196411133,90.4116287231445,88.2807693481445,85.4048690795898,81.4660339355469,77.9357833862305,74.2063064575195,69.9223098754883,64.9726257324219,61.0468139648438,58.6115608215332,56.2408638000488,53.8886833190918,52.3014831542969,54.6279373168945,56.0538749694824,48.6952629089355,47.918399810791,47.3291969299316,45.8223342895508,47.784049987793,47.7490234375,45.2360420227051,50.3326721191406,51.5228881835938,52.5452995300293,54.5817031860352,58.2390365600586,57.8107681274414,57.6419067382812,57.9891548156738,58.3242797851562,58.237361907959,48.6115112304688,48.0109367370605,50.9104156494141,54.20263671875,56.2748718261719,58.7783355712891,59.3149795532227,63.4834861755371,65.1630020141602,66.6061782836914,68.3496551513672,75.4232559204102,81.4959030151367,83.871955871582,85.5710678100586,85.0476760864258,84.6480026245117,84.1077270507812,85.5657806396484,94.4752426147461,97.9253387451172,100.073883056641,100.911033630371,95.0288696289062,93.0953674316406,96.5001831054688,93.0743179321289,98.7784957885742,101.410316467285,104.542686462402,105.020278930664,107.511405944824,111.567344665527,111.410270690918,109.771438598633,99.4658508300781,94.1470565795898,90.8713302612305,85.0618286132812,86.9174957275391,87.9871063232422,88.5219497680664,86.8640060424805,84.9470062255859,84.0005187988281,85.2480010986328,85.7734222412109,84.295051574707,81.1740036010742,80.5829620361328,80.0395889282227,79.0673065185547,76.0584716796875,71.9480438232422,69.4633636474609,62.5791397094727,68.0887908935547,65.9250411987305,58.2202911376953,60.332649230957,61.7763290405273,65.7228622436523,61.679988861084,60.5423698425293,58.6224136352539,61.5044364929199,61.2880363464355,58.8786773681641,58.7096748352051,62.9022941589355,55.8317642211914,64.4184188842773,66.1154174804688,62.2003173828125,61.9188117980957,62.1868896484375,62.1572761535645,61.2901382446289,59.144588470459,56.7745895385742,55.074275970459,53.4383201599121,52.6729316711426
"103.75",46.7787628173828,49.2982940673828,48.8080978393555,46.2993507385254,43.7985610961914,49.2588119506836,51.6659545898438,52.0758934020996,52.6596221923828,53.0699424743652,53.1395034790039,53.2188987731934,53.9421615600586,53.8693504333496,52.8496971130371,53.6682968139648,54.3492546081543,54.8165016174316,55.8158111572266,58.8696517944336,57.5972785949707,58.6088371276855,62.0109596252441,66.5876922607422,73.8994369506836,76.2072448730469,74.6101150512695,79.6860809326172,80.1376800537109,82.5812530517578,85.1181716918945,87.119499206543,88.771369934082,90.7955703735352,92.0727691650391,91.8202209472656,91.426643371582,91.1857757568359,91.0879058837891,91.0965270996094,90.5908966064453,88.8475494384766,87.0568923950195,86.1679763793945,86.6487197875977,87.5803985595703,88.1406173706055,88.2211303710938,87.9812469482422,87.7400360107422,87.9903106689453,88.6156997680664,89.6321868896484,90.7637405395508,91.9858169555664,93.5429153442383,95.5456619262695,97.6787338256836,99.0317459106445,99.7775039672852,100.040054321289,100.547950744629,100.957405090332,101.023811340332,100.661056518555,100.233833312988,99.7779006958008,99.1057815551758,98.5940093994141,98.0085525512695,97.1582107543945,96.4429473876953,95.6078338623047,94.7864837646484,94.1300430297852,93.2936859130859,91.9959335327148,90.2391510009766,87.9352111816406,84.9375686645508,81.2542953491211,78.0197219848633,73.9529418945312,69.599494934082,64.8664169311523,60.9697341918945,58.2316017150879,55.6219062805176,53.1152229309082,51.2133407592773,52.4365425109863,47.8483772277832,46.7616958618164,45.9140281677246,52.2897338867188,51.9815864562988,59.425106048584,59.3560180664062,51.2039413452148,60.3058433532715,60.4571533203125,61.9086074829102,58.1524314880371,57.3080253601074,57.5849227905273,57.8546829223633,58.4635467529297,53.8652305603027,45.8640365600586,46.3925399780273,46.5965156555176,50.0286445617676,52.4563331604004,54.6522789001465,58.1336097717285,57.7204093933105,62.0018119812012,62.858283996582,63.5096435546875,66.2894973754883,73.2306747436523,80.7819900512695,82.8914642333984,82.5751190185547,80.3520126342773,77.1155700683594,66.3822860717773,66.9726181030273,72.140998840332,79.210807800293,86.9824523925781,88.7995834350586,89.5237121582031,90.9433364868164,93.8820190429688,92.688232421875,102.081886291504,102.262619018555,104.73836517334,103.942970275879,107.181251525879,109.25862121582,110.381675720215,105.798065185547,101.180786132812,93.7167434692383,91.2018890380859,88.1831665039062,86.1971435546875,86.9092788696289,87.7735900878906,85.7299499511719,84.081672668457,84.8680572509766,85.2709503173828,84.8804092407227,84.2929077148438,82.6139678955078,81.0840301513672,80.9288330078125,78.8978576660156,77.4045639038086,74.0082931518555,70.6342086791992,60.3338584899902,67.7117233276367,65.5948104858398,57.966869354248,60.6712417602539,62.0556221008301,63.0050735473633,59.7563209533691,60.1502685546875,59.2895202636719,60.8430976867676,61.0279922485352,58.4830207824707,58.7323303222656,59.3367233276367,57.115119934082,68.3467559814453,64.9977722167969,61.9070358276367,61.9251861572266,62.2894439697266,62.3702850341797,61.2606506347656,59.0648498535156,56.7223930358887,55.0253219604492,53.3916931152344,52.6809272766113
"105",46.5313911437988,49.2074089050293,48.5157661437988,46.2741928100586,44.1397666931152,48.9329414367676,51.3429069519043,52.0763778686523,52.5289192199707,52.8098564147949,53.1046905517578,52.9967918395996,53.5634574890137,53.001350402832,53.2046852111816,53.4052467346191,54.1287078857422,54.1675567626953,54.8998527526855,55.4965858459473,55.4449195861816,56.8208236694336,62.1772384643555,66.7011184692383,73.6517486572266,78.5353775024414,79.0539093017578,78.7220306396484,79.9379348754883,82.3632583618164,85.0129776000977,87.3742523193359,89.5069808959961,91.9093780517578,93.1371994018555,92.6963272094727,92.1221084594727,91.4843444824219,90.8669738769531,90.460578918457,90.0289840698242,88.4736480712891,86.8764038085938,86.2979888916016,86.6655883789062,87.417594909668,87.9856567382812,88.14013671875,88.0679016113281,88.1110687255859,88.4137496948242,89.0316925048828,90.0688247680664,91.2958297729492,92.7890930175781,94.7568283081055,97.0571670532227,98.7410659790039,99.595947265625,100.144981384277,100.49388885498,101.19261932373,101.670745849609,101.574493408203,101.123413085938,100.517387390137,99.846435546875,99.2339324951172,98.8340606689453,98.2653045654297,97.5519561767578,96.7212295532227,95.8388519287109,95.2021865844727,94.5894393920898,93.5541152954102,92.0161514282227,90.1097869873047,87.7688903808594,84.4262542724609,80.8453674316406,77.4124069213867,73.2465591430664,69.2845230102539,64.7646789550781,60.5141716003418,57.5600509643555,55.5420074462891,55.1763534545898,54.9226989746094,51.3405914306641,48.5743064880371,45.5489120483398,44.7468032836914,62.0553779602051,62.5690574645996,61.9517097473145,61.1604690551758,60.7022972106934,59.8593902587891,58.5258712768555,57.8799934387207,57.7067108154297,57.6015777587891,57.8756713867188,57.4020118713379,54.1958312988281,46.2583923339844,46.6819496154785,45.9202346801758,46.1544494628906,47.6904411315918,51.6106567382812,51.149486541748,52.1569557189941,54.3913688659668,57.3660888671875,58.1902618408203,61.9295349121094,62.362964630127,69.2898406982422,76.27978515625,79.3723449707031,78.0727691650391,76.1830902099609,73.3862915039062,63.7438697814941,62.4574890136719,66.8342208862305,65.6789474487305,76.2567443847656,82.0245590209961,84.8777618408203,87.162727355957,89.6465148925781,93.7938385009766,100.166122436523,103.067535400391,104.742126464844,103.299919128418,107.508499145508,110.138938903809,106.007835388184,101.801422119141,100.741813659668,94.0614547729492,90.5809936523438,88.9809875488281,87.1793670654297,86.3072509765625,89.0768432617188,86.4902877807617,83.8733215332031,84.4555282592773,83.9698104858398,84.7400131225586,84.9941101074219,83.6505584716797,81.4665069580078,80.5560684204102,79.5420989990234,77.4854278564453,76.7607116699219,72.6064758300781,59.5683364868164,59.4996719360352,66.0483093261719,59.1644096374512,62.2153472900391,62.4441871643066,65.3011245727539,62.2246627807617,60.8975028991699,59.7982635498047,59.3182678222656,60.8409156799316,58.0299110412598,58.0685691833496,64.2056884765625,63.8717422485352,67.9171600341797,64.3588943481445,61.9435234069824,62.023063659668,62.3745460510254,62.4570770263672,61.275749206543,59.0549430847168,56.5941352844238,55.0407600402832,53.3402824401855,52.6899490356445
"106.25",46.7092018127441,49.312255859375,48.086742401123,46.236686706543,44.1283531188965,48.6523361206055,50.4882278442383,51.4809684753418,52.1500282287598,52.2004890441895,52.2680282592773,52.7095031738281,53.5101356506348,53.2863731384277,53.4583168029785,54.0294380187988,53.2444076538086,52.9117546081543,51.8872871398926,52.7774124145508,52.1543922424316,54.251091003418,60.8174667358398,67.5181884765625,74.2352600097656,80.8228302001953,83.736457824707,79.0325546264648,79.8671188354492,82.3638763427734,85.0242004394531,87.5742034912109,90.2043914794922,93.0361480712891,93.8848495483398,93.1735916137695,92.5431289672852,91.6888809204102,90.8907852172852,90.1978225708008,89.6541595458984,88.2862930297852,86.8994140625,86.3923492431641,86.6817245483398,87.3445358276367,87.8375625610352,88.1194381713867,88.2250442504883,88.4054870605469,88.7038421630859,89.363883972168,90.3936767578125,91.8134918212891,93.5333480834961,95.8625564575195,98.0989227294922,99.4848556518555,100.220848083496,100.764053344727,101.236442565918,102.263343811035,102.635330200195,102.3466796875,101.712173461914,101.021507263184,100.256301879883,99.5475006103516,99.0804824829102,98.5446319580078,97.886604309082,97.0762252807617,96.2727584838867,95.7111968994141,95.0056838989258,93.7880706787109,92.0674743652344,90.0796356201172,86.8151550292969,82.9990234375,79.629150390625,76.3604049682617,72.6897811889648,69.0573806762695,64.5754165649414,59.833324432373,56.6014213562012,55.5338020324707,57.7241363525391,61.1451988220215,58.4694328308105,55.6594696044922,54.2809600830078,53.9429168701172,61.3815460205078,61.6500358581543,61.3809394836426,60.540111541748,60.1435890197754,59.6038208007812,58.7265472412109,58.1333389282227,57.7692756652832,57.555305480957,57.8286514282227,57.2583694458008,52.952075958252,47.2663803100586,48.2510643005371,48.1383819580078,48.6827621459961,49.0959205627441,49.2817726135254,49.7065200805664,56.5257148742676,61.9453163146973,63.8187065124512,66.5493927001953,60.408317565918,63.720703125,64.1190643310547,69.8503494262695,72.9660186767578,74.8018951416016,74.5,73.0860748291016,69.9969635009766,64.4882278442383,64.9629058837891,65.6672439575195,70.7312393188477,76.3409042358398,79.9145660400391,83.3697204589844,87.427619934082,90.1508636474609,96.2546920776367,105.828475952148,104.005722045898,102.433883666992,101.953483581543,107.350082397461,104.595489501953,100.207710266113,100.553047180176,91.02099609375,90.0748977661133,88.0917282104492,87.438362121582,88.8551177978516,89.5484848022461,88.9807891845703,84.5746536254883,83.8338775634766,84.8326110839844,84.7136840820312,85.4112548828125,84.454719543457,81.9620056152344,81.3096694946289,80.0859985351562,77.3600158691406,75.8791275024414,71.7100677490234,59.4228591918945,68.1368408203125,67.2885894775391,60.4316673278809,61.9862442016602,62.3089981079102,67.7049026489258,63.2194480895996,60.4025382995605,60.8049087524414,59.7754173278809,60.0331230163574,57.3944206237793,65.9740371704102,80.3740692138672,75.01416015625,67.2631301879883,64.1960678100586,62.0223159790039,62.0805816650391,62.4485092163086,62.5115737915039,61.1120338439941,59.0917053222656,56.5501327514648,55.0260887145996,53.2837982177734,52.6997947692871
"107.5",46.3852157592773,49.1782112121582,48.2711982727051,46.2388381958008,43.7792739868164,48.307243347168,50.387279510498,51.4887657165527,51.8064231872559,51.808708190918,52.2172203063965,52.3414039611816,53.2058982849121,53.0675354003906,52.7042045593262,52.6432342529297,51.8502998352051,49.7773399353027,48.5458831787109,48.3845062255859,47.7700309753418,51.2027435302734,59.4039726257324,68.4253311157227,73.1957244873047,86.9868240356445,84.301513671875,79.4487991333008,80.0479965209961,82.5093994140625,85.2469711303711,87.6953506469727,90.8683547973633,94.0980758666992,94.2598114013672,93.352783203125,92.6797180175781,91.8507766723633,91.0741577148438,90.2965087890625,89.5316314697266,88.2426834106445,86.957649230957,86.3954086303711,86.7098007202148,87.3431091308594,87.7739944458008,88.107666015625,88.3320541381836,88.5558929443359,88.9394989013672,89.5525283813477,90.6716384887695,92.3200759887695,94.4881439208984,97.0786361694336,99.1714019775391,100.451210021973,101.112892150879,101.713752746582,102.47469329834,103.470420837402,103.641571044922,103.2099609375,102.44873046875,101.684959411621,101.132209777832,100.422019958496,99.9944458007812,99.3687362670898,98.6608810424805,98.0018844604492,97.1525421142578,96.177734375,95.2467575073242,93.8091659545898,91.9258422851562,89.0816345214844,85.1377182006836,81.579963684082,78.6868667602539,75.5822830200195,72.2248077392578,68.7833404541016,64.3975524902344,59.234203338623,55.7174263000488,54.7454071044922,53.3425598144531,61.4536514282227,60.0690994262695,60.6478805541992,60.2812767028809,59.6573104858398,60.675407409668,60.8606758117676,60.8003616333008,60.5735816955566,60.4065704345703,59.6849899291992,58.8047027587891,57.838020324707,57.3341865539551,57.3060493469238,57.3664169311523,57.4010429382324,57.1370010375977,51.4997215270996,49.5732574462891,50.7269325256348,50.8917427062988,50.4849472045898,50.1015014648438,59.5610771179199,59.9836540222168,62.8477401733398,64.7775955200195,67.8482055664062,69.0826416015625,61.0198249816895,61.5232925415039,64.4525909423828,68.7872695922852,71.8954772949219,72.9769668579102,72.9761276245117,70.8728485107422,69.1715393066406,68.4284133911133,66.3339614868164,70.3881378173828,73.0885314941406,75.9078979492188,79.8906784057617,85.0517349243164,89.6473236083984,94.0747756958008,99.5369338989258,101.488807678223,106.356224060059,101.302108764648,103.840576171875,103.207420349121,98.3467102050781,98.7033004760742,90.9084396362305,87.5497207641602,87.9401473999023,87.2810974121094,88.3960418701172,88.9552841186523,88.1691360473633,88.2591094970703,84.5589981079102,84.1179046630859,84.4256057739258,84.6979446411133,84.0776062011719,82.5409698486328,81.26611328125,79.7262268066406,76.3705596923828,75.5825424194336,71.8335342407227,61.6238327026367,69.3887329101562,69.6690826416016,61.5186080932617,60.2635459899902,60.6655349731445,64.5509567260742,63.4460258483887,61.6311111450195,60.2630271911621,60.0896606445312,60.1764106750488,56.7212791442871,75.7686614990234,80.3731689453125,74.6443328857422,67.1185684204102,63.9238777160645,62.0807151794434,62.2283935546875,62.4702453613281,62.3143692016602,61.0488700866699,59.0997886657715,56.4758758544922,54.9800720214844,53.2356414794922,52.7109107971191
"108.75",46.703067779541,48.6387786865234,48.0130233764648,46.1813812255859,44.0899200439453,47.9182472229004,50.3590888977051,51.3715362548828,51.4707565307617,51.4661674499512,51.7454147338867,52.3114929199219,53.0873489379883,52.6835708618164,51.6030464172363,51.4601135253906,49.2282066345215,46.0225563049316,43.511547088623,43.3272438049316,46.0137901306152,50.5655708312988,60.4427070617676,69.6242980957031,72.1856994628906,95.2821197509766,86.5467681884766,79.9456558227539,80.1789474487305,82.6345672607422,85.4997177124023,87.8008728027344,91.5875473022461,94.9843368530273,94.6284866333008,93.3906402587891,92.5712585449219,91.8403854370117,91.20068359375,90.4667892456055,89.52685546875,88.3407897949219,87.0837020874023,86.3584823608398,86.7305908203125,87.374382019043,87.8071670532227,88.1051025390625,88.3750152587891,88.7355575561523,89.1791076660156,89.8238906860352,91.1199951171875,93.1653594970703,95.8978424072266,98.5666122436523,100.38102722168,101.625946044922,102.459762573242,103.228424072266,104.00260925293,104.565582275391,104.278228759766,103.723213195801,102.983673095703,102.340675354004,101.912315368652,101.472511291504,101.061378479004,100.530082702637,99.8358001708984,99.1631011962891,97.9174499511719,96.2889938354492,94.7496032714844,93.0187072753906,91.0202941894531,87.7929916381836,84.0827941894531,80.7991256713867,78.1410522460938,75.2752151489258,72.0721588134766,68.5686645507812,64.0953369140625,58.7258834838867,55.29736328125,54.7892112731934,54.8653106689453,67.3044586181641,60.6570587158203,61.8325729370117,61.9254760742188,60.9161491394043,60.9228439331055,61.4114761352539,54.323657989502,58.0627861022949,61.2963447570801,59.8076705932617,58.7613792419434,57.5515213012695,56.9461822509766,57.0136604309082,56.8425941467285,56.3774223327637,56.1906280517578,55.6499214172363,51.1924438476562,48.8497276306152,49.8306007385254,57.3010215759277,58.900089263916,61.3805961608887,60.5092010498047,60.7444229125977,56.5850257873535,68.1915588378906,73.4257354736328,61.7789649963379,62.748477935791,63.6693077087402,68.4586791992188,70.3937530517578,71.4519882202148,71.5285949707031,71.914421081543,71.387809753418,72.2635192871094,70.6917495727539,71.7681503295898,72.4613952636719,74.8776779174805,76.8407287597656,82.3407745361328,87.6917877197266,92.7213897705078,97.073860168457,95.8295974731445,101.591835021973,99.5058364868164,102.193054199219,98.3544082641602,100.183891296387,96.8920440673828,91.2811050415039,88.3324432373047,88.1258239746094,87.8548889160156,89.1444473266602,87.8015670776367,87.4667739868164,87.7814025878906,87.0858917236328,83.7498779296875,84.0349807739258,83.6170883178711,84.0519714355469,82.6944580078125,81.2915725708008,79.2130584716797,76.1765975952148,75.0141296386719,72.5136642456055,69.1170883178711,70.24462890625,70.5507965087891,62.0038566589355,60.0051460266113,60.7424964904785,63.6233520507812,63.7778587341309,62.3105850219727,64.7082443237305,62.1248245239258,59.4149475097656,56.2645568847656,73.9614334106445,79.3281707763672,73.4814529418945,66.9341735839844,63.6226387023926,62.396656036377,62.6704788208008,62.5763931274414,62.2524147033691,61.005500793457,59.1421508789062,56.353328704834,54.8823318481445,53.2344017028809,52.7235298156738
"110",46.8037452697754,48.5500679016113,47.8790740966797,45.703483581543,44.1218719482422,47.5925178527832,49.9527015686035,51.1389770507812,51.034107208252,51.1491317749023,51.5166931152344,52.2267608642578,52.1533012390137,51.6971588134766,52.0497436523438,51.1756553649902,46.451602935791,42.2845878601074,39.72265625,42.6078681945801,47.3318519592285,53.7345161437988,62.0741500854492,71.0817794799805,71.8582382202148,81.1260299682617,89.5519561767578,80.6447830200195,80.3027954101562,82.6262435913086,85.6408309936523,87.8121490478516,92.2734298706055,95.7335052490234,95.1303863525391,93.5769882202148,92.4789962768555,91.7881622314453,91.1387176513672,90.4708862304688,89.5322799682617,88.3783874511719,87.2311172485352,86.5965270996094,87.0030899047852,87.631462097168,87.9396820068359,88.0734405517578,88.3355407714844,88.9308471679688,89.6053161621094,90.4254989624023,91.846435546875,94.2555236816406,97.2921142578125,99.8452529907227,101.582710266113,103.247108459473,104.208473205566,104.856773376465,105.306365966797,105.122291564941,104.574928283691,103.881332397461,103.269256591797,102.854751586914,102.743835449219,102.489555358887,102.293731689453,101.822227478027,101.01676940918,99.8864669799805,98.2629852294922,96.0550842285156,94.1191787719727,92.2101211547852,90.149055480957,86.7452239990234,83.2345428466797,80.4078750610352,77.8242950439453,74.9091339111328,71.9456329345703,68.1663055419922,63.733226776123,58.5572204589844,55.6947937011719,55.0423011779785,54.7285079956055,66.2258377075195,62.1845169067383,63.43359375,62.8289489746094,55.4966812133789,50.0769119262695,49.9624633789062,47.5786895751953,54.4756813049316,61.7346115112305,59.9601516723633,58.7661399841309,57.6391143798828,56.8888778686523,56.7735252380371,56.530158996582,56.1478500366211,56.1717338562012,56.4277114868164,58.1928863525391,58.2103271484375,58.182502746582,57.5345916748047,55.4425659179688,55.4379234313965,58.1657829284668,57.7167472839355,50.31591796875,56.8790283203125,60.4194183349609,63.4741058349609,60.8678283691406,64.7631072998047,69.2720260620117,71.5584259033203,71.4809951782227,70.919548034668,71.6949462890625,74.2646255493164,75.9585037231445,75.1289443969727,74.0889358520508,73.0924224853516,74.1110763549805,76.2759170532227,81.1754531860352,85.8441543579102,89.7119598388672,94.9433288574219,92.0500106811523,93.69384765625,96.9793395996094,98.3578033447266,94.9089813232422,98.1751937866211,97.2434539794922,91.8717422485352,90.1372756958008,88.7860107421875,88.7163619995117,90.5754699707031,89.537841796875,88.5223922729492,85.1740493774414,83.8630752563477,81.4350051879883,82.1929626464844,76.2883605957031,84.1848449707031,83.1682510375977,81.8071060180664,78.7605590820312,76.8100891113281,74.9122009277344,71.7926712036133,69.9146347045898,71.3839569091797,68.8000411987305,63.4562072753906,60.7452278137207,61.6719589233398,63.8265037536621,62.7351875305176,61.6034049987793,65.992073059082,62.4217758178711,59.4161605834961,56.6359672546387,71.846435546875,78.9887237548828,72.5396499633789,67.0643844604492,63.5175018310547,62.6441078186035,62.9906234741211,62.6350250244141,62.3526306152344,60.9017105102539,59.104061126709,56.2575645446777,54.8349342346191,53.2259750366211,52.7377243041992
"111.25",46.3920555114746,48.4317245483398,48.0876502990723,45.8342742919922,44.093132019043,47.3233489990234,49.8777389526367,50.8865776062012,50.8250503540039,51.3569183349609,51.0865936279297,51.9565048217773,52.7994804382324,51.560962677002,51.8329048156738,49.9096641540527,45.0651092529297,40.1768951416016,41.1830101013184,48.0219764709473,53.7572898864746,58.0231285095215,64.5606842041016,70.6567687988281,70.8196640014648,75.7988739013672,93.4320831298828,81.1843719482422,80.5130920410156,82.5400161743164,85.6251602172852,87.750129699707,92.8526382446289,96.1031646728516,95.6468811035156,94.1042633056641,92.7689819335938,91.9117813110352,91.1902847290039,90.4798965454102,89.6562805175781,88.5674057006836,87.4231948852539,87.0883865356445,87.5907669067383,88.0076904296875,87.9886169433594,88.0216369628906,88.2733459472656,89.0170745849609,89.9860153198242,91.1833114624023,92.8594436645508,95.6490020751953,98.744873046875,101.276733398438,103.309600830078,105.081741333008,105.794342041016,106.083511352539,106.11206817627,105.605613708496,104.897109985352,104.139915466309,103.672897338867,103.446250915527,103.572387695312,103.728355407715,103.547988891602,103.021835327148,102.176490783691,100.62703704834,98.3889389038086,96.0857849121094,93.8365783691406,91.5867156982422,88.9284286499023,85.7183685302734,82.7097473144531,80.0462341308594,77.2932281494141,74.457763671875,71.4948043823242,67.5584564208984,63.6062431335449,59.0982780456543,59.4435195922852,55.9316368103027,56.7564888000488,64.4188079833984,63.620246887207,64.3484115600586,62.1816673278809,46.8379592895508,45.6492462158203,46.2142448425293,46.5753784179688,47.6832695007324,54.5220336914062,60.8239440917969,59.1259841918945,57.9299926757812,57.1089019775391,56.7277069091797,56.4681129455566,56.17236328125,56.1386108398438,56.3990097045898,57.5468940734863,58.3935394287109,58.4787673950195,57.2072448730469,56.1797637939453,55.7020721435547,56.0200386047363,58.1248550415039,60.7698631286621,65.455696105957,70.7609558105469,61.3351974487305,62.4036979675293,66.8025665283203,70.9922027587891,71.7131652832031,72.3768463134766,71.9541397094727,71.536003112793,71.5940856933594,74.0507431030273,74.4917755126953,73.5036468505859,72.8431396484375,73.732307434082,76.785041809082,81.3351669311523,85.4673004150391,88.5680465698242,90.8258438110352,92.4093322753906,92.7858505249023,95.3833618164062,97.1002578735352,97.8062744140625,97.0749206542969,94.3714904785156,91.6227722167969,91.4073181152344,88.9831390380859,89.8791275024414,90.5508422851562,90.0126724243164,88.1278076171875,86.7741012573242,82.140754699707,77.8636627197266,78.7685241699219,79.5677871704102,84.2807235717773,83.4400177001953,81.2268142700195,78.6438369750977,76.6789703369141,75.3726501464844,71.5744781494141,71.3138198852539,73.3163833618164,69.3683090209961,66.1818618774414,61.3743743896484,61.0249176025391,62.7875595092773,62.2975425720215,61.328685760498,62.8117370605469,63.2925872802734,60.9592361450195,57.1140060424805,75.7378845214844,79.6763458251953,71.99169921875,67.0637588500977,63.4306297302246,62.9134063720703,63.1780662536621,62.664119720459,62.3418312072754,60.946403503418,59.0514183044434,56.1230545043945,54.7877769470215,53.2132911682129,52.7539710998535
"112.5",46.7343063354492,48.4455833435059,47.9163475036621,45.5517463684082,44.098087310791,46.9125633239746,48.9833221435547,50.6949882507324,50.4324073791504,50.7230415344238,51.1085205078125,51.9249114990234,52.978687286377,51.922290802002,51.0900802612305,49.2118949890137,43.1748580932617,41.2359161376953,45.7507247924805,51.3526268005371,56.3539199829102,59.5333938598633,64.6532974243164,69.2640609741211,69.7995071411133,65.9854736328125,82.8754730224609,80.422966003418,80.5858306884766,82.8593673706055,85.7450790405273,87.8533554077148,93.2134323120117,96.1533813476562,95.8529281616211,94.7410202026367,93.5256805419922,92.4885482788086,91.5816345214844,90.7638778686523,89.9450988769531,88.8039627075195,87.7888259887695,87.6316452026367,88.0414505004883,88.0563354492188,87.8365783691406,87.7960357666016,88.2270126342773,89.1630859375,90.4655151367188,91.9892501831055,94.0594635009766,97.0549163818359,100.04182434082,102.57942199707,104.58935546875,106.077972412109,106.311157226562,106.438697814941,106.216346740723,105.629806518555,104.85359954834,104.260101318359,103.999649047852,104.067909240723,104.461822509766,104.747375488281,104.526626586914,103.841346740723,104.101669311523,102.315933227539,99.9430694580078,97.5411071777344,94.7976303100586,91.7250595092773,88.6390609741211,85.551383972168,82.6830291748047,79.8918151855469,76.9163818359375,74.1557159423828,70.9064712524414,67.3295974731445,63.9936065673828,60.0946235656738,62.6532554626465,57.0090942382812,64.8270416259766,64.1702270507812,64.5880279541016,64.7842864990234,58.80029296875,45.7777252197266,45.9659156799316,46.7363471984863,47.1153450012207,47.879524230957,46.2239456176758,59.2073745727539,59.9861717224121,58.4814834594727,57.4213638305664,56.8562088012695,56.557430267334,56.3334579467773,56.1575813293457,56.1306533813477,56.5809783935547,57.5545806884766,57.8830299377441,57.2605094909668,56.4558181762695,55.9298667907715,55.8817291259766,56.8815498352051,59.3244705200195,63.6574401855469,70.0376510620117,71.5671997070312,64.8098754882812,68.4684906005859,72.1455078125,72.4874725341797,72.353630065918,72.2454452514648,71.3285217285156,72.1726760864258,72.0398406982422,71.899299621582,71.7477416992188,73.2630004882812,73.9533843994141,76.7954635620117,81.9591827392578,85.913444519043,88.3273239135742,90.2189865112305,92.4367828369141,92.1006317138672,93.00830078125,93.0733642578125,94.581428527832,94.9191207885742,91.7201309204102,91.7303314208984,94.8557357788086,93.4068908691406,91.5502624511719,91.2096939086914,90.6593399047852,88.6479263305664,87.2337417602539,84.5818481445312,79.3093948364258,77.5127868652344,79.2130508422852,83.6108856201172,83.4694366455078,81.6576309204102,80.5547409057617,77.3488998413086,75.4258041381836,71.3777542114258,68.0951690673828,74.5688858032227,69.7802810668945,66.2623596191406,65.2260131835938,62.1350021362305,62.8736381530762,62.1145286560059,60.7851982116699,63.5339279174805,63.5811424255371,63.7343673706055,62.0437545776367,85.8626403808594,80.4539794921875,71.5860214233398,67.036750793457,63.9820709228516,63.289665222168,63.3312110900879,62.6510276794434,62.3356285095215,60.8665008544922,59.0921096801758,55.9474830627441,54.7162818908691,53.1908340454102,52.7724838256836
"113.75",46.7435455322266,48.2826614379883,47.943790435791,45.6669540405273,43.577220916748,46.5790672302246,48.9421348571777,50.3403472900391,50.5125007629395,50.3592834472656,50.9687805175781,52.2797889709473,53.1815071105957,51.82177734375,50.9015045166016,48.8742904663086,44.3751831054688,44.8793830871582,49.7139892578125,54.3282470703125,57.3305816650391,59.9014511108398,64.1711730957031,69.1786270141602,69.6020889282227,65.9826126098633,81.1084289550781,79.7315292358398,81.0097274780273,83.09716796875,85.7712707519531,87.8889999389648,93.3753814697266,96.0682067871094,95.6307983398438,94.8838653564453,94.1040573120117,93.1599502563477,92.185791015625,91.3179626464844,90.3253479003906,89.0583877563477,87.9912414550781,87.9900512695312,88.1031341552734,87.8047332763672,87.5471572875977,87.6394119262695,88.2578964233398,89.4312896728516,90.9949798583984,92.7953643798828,95.1248779296875,98.0981063842773,100.975601196289,103.269599914551,104.970176696777,106.136947631836,106.415916442871,106.701805114746,106.493911743164,105.81022644043,105.342559814453,105.210067749023,104.916030883789,106.002937316895,107.95068359375,108.577491760254,107.936645507812,105.366523742676,113.109840393066,106.504096984863,103.667251586914,99.3662109375,95.7138900756836,91.9689865112305,88.2844009399414,85.1513290405273,82.581657409668,79.9068374633789,76.8107223510742,73.9368133544922,70.5947341918945,67.5194702148438,64.505485534668,60.7817573547363,61.5417633056641,60.3872375488281,62.3089981079102,64.1491317749023,64.9305038452148,65.3317794799805,58.3253974914551,46.0721473693848,45.8209533691406,46.6272964477539,50.4336776733398,52.7498092651367,52.5335350036621,51.2842254638672,62.0090827941895,60.0153846740723,58.1800079345703,57.0734481811523,56.7800941467285,56.6094970703125,56.3838729858398,56.4116592407227,56.7718162536621,57.3680191040039,57.3268547058105,56.9412155151367,56.2503547668457,55.8425483703613,56.1017074584961,57.2334594726562,59.5280075073242,63.2863922119141,68.7315673828125,76.3104248046875,67.7214965820312,69.4746475219727,72.7025375366211,73.0885162353516,72.4639511108398,73.3032150268555,74.037483215332,74.3947296142578,74.4275588989258,73.0636978149414,72.3216705322266,72.9367141723633,73.5804595947266,74.7414245605469,78.1450576782227,82.5676498413086,85.5640487670898,87.8889389038086,91.02685546875,91.9863815307617,92.1933975219727,91.6666030883789,93.2848205566406,92.3482818603516,91.2583312988281,91.5492095947266,96.5884094238281,97.900749206543,93.3926010131836,93.5840759277344,90.2222671508789,88.5460739135742,87.4272384643555,86.6440277099609,80.0334854125977,76.3865737915039,78.8267440795898,82.2222747802734,83.5164794921875,82.334342956543,82.5453796386719,77.9522476196289,75.462516784668,71.9426040649414,68.7297210693359,70.6506729125977,68.4443893432617,66.7056045532227,65.9657897949219,64.7902297973633,62.4100303649902,60.7045631408691,60.9133415222168,67.0781021118164,82.8519134521484,84.6465377807617,80.1721725463867,87.6189270019531,80.4742126464844,71.2116317749023,67.1650238037109,64.184944152832,63.5181159973145,63.4751472473145,62.5200538635254,62.1598014831543,60.8650054931641,59.0166053771973,55.8750915527344,54.6294784545898,53.1576843261719,52.793815612793
"115",46.3613471984863,48.1272048950195,47.2379684448242,45.7270164489746,43.5686492919922,46.2496376037598,48.4828414916992,49.992488861084,49.6987113952637,49.9993858337402,50.6956787109375,52.1240158081055,52.4140892028809,51.801326751709,50.5177459716797,47.9072570800781,45.7195091247559,47.9913330078125,52.3232955932617,56.0584297180176,58.0633735656738,59.7696800231934,63.1569290161133,69.0662994384766,68.6862106323242,69.8190612792969,79.8869934082031,79.2333831787109,81.4447174072266,83.3310928344727,85.855339050293,88.0360946655273,93.5412368774414,96.0436859130859,95.2523574829102,94.7055587768555,94.321647644043,93.6106109619141,92.7990341186523,92.035026550293,90.8836898803711,89.4323654174805,88.4116821289062,88.2982635498047,88.1209106445312,87.6163787841797,87.3718795776367,87.6588821411133,88.5032958984375,89.8583374023438,91.6211624145508,93.5667877197266,95.9708251953125,98.917366027832,101.424789428711,103.280265808105,104.561668395996,105.674201965332,106.239120483398,105.697929382324,106.625,108.222236633301,108.152816772461,108.319343566895,108.921867370605,112.67064666748,121.693801879883,124.298271179199,122.468978881836,124.82869720459,124.636451721191,118.769241333008,116.711883544922,102.500038146973,96.6580963134766,91.5990524291992,87.6985168457031,84.7759857177734,82.5242309570312,79.6869583129883,76.8572998046875,73.6092987060547,70.7706146240234,68.0751266479492,65.3208389282227,61.7840042114258,60.4034118652344,62.0884208679199,63.1834030151367,64.2332153320312,65.174560546875,65.538948059082,51.773006439209,47.5463447570801,45.3196449279785,46.4175338745117,51.9869613647461,54.7473373413086,55.7853088378906,56.1119155883789,52.9301071166992,59.5253753662109,60.4248733520508,57.7255668640137,57.0074577331543,56.6334457397461,56.4082565307617,56.6403160095215,57.0181884765625,57.2530899047852,57.3142013549805,57.299560546875,56.4579467773438,56.0401344299316,56.309986114502,57.3436317443848,59.7258911132812,63.1452751159668,67.7641525268555,73.8174438476562,70.1664123535156,68.681396484375,72.2959136962891,72.4475555419922,73.5329895019531,73.5496826171875,74.6044540405273,74.9529037475586,74.7894592285156,74.2727813720703,71.8971099853516,72.3872299194336,73.1270294189453,75.1323394775391,77.2937316894531,79.9124145507812,81.3025665283203,83.4696044921875,88.6788864135742,90.4234466552734,90.6003112792969,91.717170715332,91.8036346435547,91.2432479858398,90.4902877807617,91.5056686401367,94.8495864868164,94.9103393554688,93.6935958862305,93.309196472168,90.8674392700195,87.9398422241211,87.7732696533203,86.2833938598633,80.1166687011719,75.7985000610352,78.9924545288086,80.6627731323242,82.9660263061523,82.1502914428711,82.2774047851562,77.2063064575195,75.5342178344727,73.4207153320312,71.4551162719727,70.971809387207,69.5048599243164,68.2700653076172,66.2862854003906,64.5653381347656,64.1975708007812,61.0381011962891,61.4004859924316,67.1962051391602,86.7666473388672,93.7742767333984,92.9414215087891,87.7117385864258,80.2622833251953,71.1926193237305,67.1075973510742,64.3331832885742,63.8340530395508,63.7546920776367,62.3682479858398,62.0314140319824,60.6977958679199,58.8398818969727,55.9226531982422,54.5454597473145,53.1214599609375,52.8186531066895
"116.25",46.3525466918945,48.0070724487305,47.0600852966309,45.7345314025879,43.8599624633789,45.9226760864258,48.3223838806152,49.5375633239746,49.1969223022461,49.5104331970215,50.6495094299316,52.1279640197754,52.3985939025879,52.1626739501953,50.5668907165527,48.5483703613281,46.5727958679199,50.1515731811523,54.4594078063965,57.650806427002,58.5262908935547,59.3714408874512,63.2586059570312,69.4175109863281,67.2382431030273,72.9507369995117,79.6474151611328,79.2834625244141,81.8311538696289,83.5743789672852,86.1466217041016,88.3145751953125,93.8010864257812,95.9713745117188,94.9568786621094,94.423469543457,94.1976623535156,93.7778778076172,93.2319488525391,92.5065841674805,91.4829254150391,90.0175704956055,88.9763488769531,88.6643295288086,88.2565078735352,87.6255798339844,87.4060592651367,87.7627487182617,88.7843704223633,90.4557037353516,92.3157806396484,94.24072265625,96.5829544067383,99.2494812011719,101.384613037109,102.617797851562,103.38159942627,103.786041259766,103.74048614502,100.358703613281,107.909324645996,111.866928100586,115.781059265137,115.721908569336,113.078712463379,116.210380554199,120.403778076172,121.968925476074,123.76245880127,126.828788757324,126.835227966309,130.251571655273,126.454895019531,117.748054504395,95.6254425048828,90.1587142944336,86.4904251098633,84.0595245361328,81.9528198242188,79.6861038208008,76.8985061645508,73.9121398925781,71.2801284790039,68.4634628295898,66.1319427490234,63.9995155334473,63.6778030395508,65.2926864624023,63.9974708557129,65.7578735351562,66.7183532714844,66.6011047363281,58.7230186462402,56.5663146972656,53.235652923584,45.0302734375,49.5371932983398,51.9429168701172,53.2557411193848,53.9907112121582,53.0129661560059,51.1145133972168,57.4300308227539,58.3985290527344,57.3815803527832,56.5293273925781,56.2889060974121,56.6032371520996,57.0539512634277,57.3572425842285,57.5546073913574,57.3017578125,56.202808380127,55.7701873779297,56.2570152282715,57.5584945678711,59.6903686523438,63.121337890625,67.1134567260742,72.1100997924805,77.148307800293,68.2855911254883,73.0623474121094,73.8762817382812,75.6211395263672,75.7071762084961,74.6879196166992,75.7551574707031,75.2211380004883,74.9019470214844,72.4877624511719,73.3821258544922,75.3579025268555,76.257942199707,77.7276000976562,79.1574630737305,79.5607528686523,80.9183807373047,85.1360397338867,87.7864761352539,89.5920104980469,91.0996017456055,92.0517654418945,90.8135681152344,90.4313201904297,91.4782257080078,93.5537338256836,94.0886993408203,94.0452651977539,92.1931991577148,88.3232498168945,87.3161392211914,87.4557800292969,85.9693832397461,80.1562118530273,75.0605621337891,78.4446334838867,79.7633438110352,83.9122924804688,83.860969543457,82.2578811645508,78.2074737548828,75.4774551391602,74.458869934082,71.3124160766602,70.5677947998047,69.4967727661133,67.3743896484375,65.049690246582,64.1008148193359,63.2170295715332,60.7347526550293,62.1834487915039,64.1463241577148,85.0656967163086,93.6821060180664,92.6519241333008,87.8620986938477,79.8794631958008,70.8700485229492,66.9225845336914,64.6985321044922,63.9228096008301,63.5305976867676,62.3095817565918,61.9522933959961,60.5609474182129,58.8033294677734,55.8758964538574,54.5350685119629,53.0765914916992,52.8476409912109
"117.5",46.3620681762695,48.3119697570801,47.0839881896973,46.059741973877,43.7788276672363,45.0724639892578,48.0738945007324,49.1695823669434,48.7503623962402,49.0700225830078,50.797966003418,52.4180564880371,51.7988204956055,51.1028137207031,50.4433479309082,48.4836807250977,48.6071014404297,51.6576843261719,55.6600952148438,58.8164520263672,59.0632476806641,60.1246871948242,64.3299102783203,70.3867874145508,67.7701263427734,79.3285522460938,77.3213195800781,79.6958160400391,82.1558303833008,83.8298034667969,86.4123077392578,88.6692047119141,94.0663375854492,96.0040512084961,94.9315032958984,94.3024444580078,94.0033493041992,93.750846862793,93.3572692871094,92.7274780273438,91.7949295043945,90.4263000488281,89.4126052856445,88.9070816040039,88.5232009887695,87.8154449462891,87.5402908325195,87.9470062255859,89.2505798339844,91.0685424804688,92.8156890869141,94.6813430786133,96.6743087768555,99.0326538085938,100.682769775391,101.280319213867,101.415199279785,101.099906921387,99.8467864990234,99.9609909057617,105.87720489502,109.052703857422,112.788200378418,113.539741516113,117.300025939941,120.012214660645,124.313552856445,126.437103271484,124.325660705566,124.986549377441,134.032623291016,132.092834472656,122.017280578613,122.589126586914,94.2925415039062,88.6650772094727,85.141357421875,82.952392578125,81.186149597168,79.0404663085938,76.8332138061523,74.1289138793945,71.4818649291992,68.8664169311523,66.3166732788086,65.0058517456055,65.8505706787109,67.8740768432617,65.9733352661133,67.7697219848633,68.8809661865234,68.3518753051758,66.5453109741211,64.5250396728516,61.1846046447754,54.0063323974609,55.2930221557617,49.5641059875488,55.161979675293,56.1750755310059,58.8457450866699,52.0458221435547,55.1446189880371,59.0704154968262,57.9544448852539,56.5859565734863,56.2343482971191,56.5658798217773,56.8843154907227,57.4482765197754,57.7020263671875,56.835391998291,55.4510498046875,54.9468994140625,55.6330604553223,57.3702278137207,59.8203544616699,63.0800857543945,66.5771942138672,70.9159393310547,76.8117446899414,74.3640289306641,71.712272644043,74.1964492797852,76.3177642822266,77.2037887573242,76.3989334106445,75.9579010009766,74.9175567626953,73.9090270996094,72.6015548706055,73.5240325927734,75.6025085449219,77.8065719604492,78.8830795288086,79.6224594116211,80.6104965209961,81.9496917724609,81.932014465332,85.6161270141602,89.4212875366211,91.6219863891602,91.9860763549805,90.7842025756836,90.7176895141602,92.2328033447266,93.4508438110352,93.3818511962891,93.1013565063477,89.1111145019531,86.5993347167969,87.5964965820312,86.9040679931641,86.3065338134766,83.5676879882812,76.1876068115234,77.5283584594727,79.906494140625,81.8955154418945,83.0588302612305,81.501823425293,78.7598037719727,76.3942489624023,75.3705368041992,71.2121658325195,69.3692245483398,68.4990921020508,65.5798873901367,63.9714965820312,63.588981628418,62.6328010559082,60.2391090393066,62.3103218078613,71.6773376464844,86.2329177856445,94.1791152954102,92.6610107421875,88.0259475708008,78.9355697631836,70.4107131958008,66.2019577026367,64.4013977050781,63.775463104248,63.213924407959,62.3917770385742,61.8169212341309,60.6542434692383,58.6916999816895,55.8323554992676,54.4948806762695,53.0875053405762,52.8696441650391
"118.75",46.7220916748047,47.6407890319824,47.2393798828125,45.9551544189453,43.825080871582,45.2897796630859,47.7415008544922,48.7242813110352,48.2177314758301,48.9369506835938,50.5914649963379,52.0452842712402,51.6835136413574,51.1882286071777,50.1962509155273,47.8945770263672,48.4541435241699,52.5299682617188,56.2685279846191,59.3957176208496,59.8877029418945,61.2254829406738,66.1649932861328,72.0018997192383,67.2537994384766,81.5919952392578,77.1537170410156,79.6529693603516,82.3704528808594,84.0930633544922,86.7935791015625,89.0606842041016,94.2794494628906,96.0326385498047,95.0858764648438,94.3591995239258,93.9701538085938,93.6920471191406,93.3886032104492,92.7602005004883,91.8641967773438,90.6056289672852,89.6050491333008,89.0512084960938,88.6203231811523,87.9501037597656,87.6570892333984,88.193229675293,89.7286376953125,91.6259002685547,93.3686294555664,95.1250457763672,96.6848373413086,98.4257888793945,99.56201171875,99.7767791748047,99.7474136352539,99.2709426879883,98.7268295288086,103.202659606934,107.952705383301,110.662612915039,113.594024658203,115.143356323242,116.600936889648,127.714912414551,127.309700012207,125.928085327148,129.903793334961,128.602966308594,134.017944335938,132.116165161133,123.101783752441,116.85521697998,100.091758728027,87.9423904418945,83.7486267089844,81.652702331543,80.2494506835938,78.2867431640625,76.863883972168,74.455810546875,71.8055114746094,69.2247161865234,67.2624130249023,67.2298355102539,69.2487487792969,69.4056625366211,67.5267562866211,67.9107818603516,68.2925415039062,69.9704132080078,75.6738052368164,67.6506958007812,69.9826812744141,64.6233596801758,63.1716766357422,57.2227897644043,59.6785507202148,59.7278518676758,61.4953575134277,57.9399490356445,60.870532989502,59.5037384033203,57.6191139221191,56.6004981994629,56.3660163879395,56.6663131713867,56.8629302978516,57.1918487548828,57.4946174621582,56.658878326416,56.9821968078613,56.7856025695801,56.725887298584,57.4968070983887,59.3555221557617,62.7652702331543,66.3362045288086,70.5968551635742,76.8574066162109,79.5989837646484,80.2671737670898,71.64453125,74.8067626953125,76.6400451660156,76.8727798461914,75.640754699707,74.5441741943359,73.3309707641602,72.285530090332,75.272590637207,77.3177490234375,77.8869171142578,78.6040649414062,81.4179534912109,100.654457092285,102.542671203613,82.614875793457,84.314582824707,88.6289749145508,90.4967498779297,89.8545303344727,89.2134399414062,88.3001327514648,91.2001571655273,91.8361968994141,91.4497375488281,91.2262878417969,90.6638793945312,88.1828384399414,87.5434722900391,87.423225402832,87.0659866333008,84.1284637451172,77.2537841796875,78.9659652709961,79.6349334716797,82.6259155273438,82.4313354492188,81.3964920043945,79.3792724609375,78.6509246826172,77.2209167480469,69.6520233154297,69.0485305786133,68.2082748413086,65.5432357788086,65.6762008666992,65.1995239257812,63.344409942627,61.1130828857422,63.412540435791,78.4891586303711,96.7746200561523,95.0032501220703,93.0094833374023,88.2837066650391,77.8932647705078,69.294059753418,65.1737442016602,64.0675964355469,63.7060317993164,63.270751953125,62.4486236572266,61.6288452148438,60.6061515808105,58.5225143432617,55.8759078979492,54.4466590881348,53.0834312438965,52.8883094787598
"120",46.7219123840332,47.954704284668,46.6291961669922,46.5390205383301,43.5880355834961,45.0000114440918,47.4161033630371,48.2734909057617,47.6382675170898,47.9758720397949,50.527645111084,51.3633575439453,51.0604209899902,50.6689338684082,49.8125991821289,48.5622215270996,49.4976425170898,53.2400741577148,56.8200454711914,59.3565864562988,60.9471817016602,63.2716827392578,68.0111999511719,72.3437271118164,68.8787002563477,81.2079544067383,77.2129669189453,79.4642181396484,82.5963134765625,84.4598617553711,87.3667221069336,89.6025161743164,94.6358795166016,96.0565032958984,95.2913665771484,94.5756912231445,94.1925277709961,93.7899780273438,93.4016799926758,92.7597274780273,91.9647598266602,90.7860717773438,89.7875213623047,89.2224960327148,88.7980346679688,88.0747528076172,87.8635711669922,88.6130065917969,90.3106460571289,92.1120910644531,93.7251586914062,95.1807556152344,96.3785858154297,97.5758056640625,98.1956634521484,98.4778518676758,98.4411773681641,98.1771926879883,97.4062957763672,99.1215896606445,107.777587890625,112.904975891113,115.894630432129,118.311538696289,116.380317687988,122.480560302734,121.98942565918,124.173583984375,125.618743896484,129.304443359375,131.867034912109,122.925201416016,130.2724609375,136.660781860352,118.388595581055,88.0301055908203,83.8858871459961,80.3799057006836,78.5207061767578,77.644889831543,76.4057922363281,74.4002990722656,71.9591674804688,69.2109680175781,68.5790328979492,71.7613143920898,71.886360168457,70.4719696044922,68.375602722168,67.9246520996094,67.5778427124023,62.8718948364258,69.6742630004883,63.3805122375488,64.0494384765625,68.8160247802734,64.5892181396484,61.001880645752,59.8870697021484,59.9985961914062,60.3780097961426,60.3283805847168,59.7176704406738,58.3241844177246,57.0940589904785,56.5126647949219,56.3638572692871,56.5063209533691,56.7424507141113,57.0304298400879,57.4929275512695,55.3711776733398,51.5346717834473,59.1842460632324,60.3974151611328,59.356201171875,58.756664276123,61.8271713256836,65.1850967407227,70.5013198852539,66.6237487792969,78.8494338989258,76.272819519043,79.1433563232422,83.8604049682617,75.1313400268555,75.6970901489258,75.0313339233398,73.8755187988281,73.3093872070312,74.6319198608398,78.9102401733398,94.4226760864258,100.078567504883,81.5976333618164,85.1178512573242,103.984748840332,106.236549377441,101.821235656738,84.7494659423828,86.2435073852539,87.2871780395508,88.0163040161133,88.6002349853516,89.0341873168945,89.0648956298828,89.3349304199219,89.9633865356445,91.1984329223633,90.1232299804688,88.5561447143555,87.9707107543945,87.5282287597656,86.6922302246094,83.7898635864258,81.7775268554688,77.5835800170898,79.2562408447266,82.5117111206055,81.9004898071289,82.4720153808594,80.4204711914062,78.2730331420898,75.6865768432617,70.7618408203125,68.3307723999023,68.6015396118164,65.6153869628906,66.9833450317383,65.0781097412109,62.856315612793,61.5335159301758,65.2643661499023,90.6755981445312,97.7982940673828,95.9345855712891,93.2385025024414,88.3947525024414,76.9950180053711,67.9515533447266,64.2382431030273,63.5746383666992,63.5074043273926,63.2258720397949,62.6074142456055,61.3236236572266,60.4458160400391,58.3329162597656,55.8940963745117,54.3736686706543,53.0762557983398,52.8882675170898
"121.25",46.8519859313965,47.7552833557129,46.8411407470703,46.6477394104004,43.4243087768555,44.4193458557129,46.7390365600586,47.8015556335449,47.235954284668,47.6675224304199,49.9361839294434,50.6407165527344,50.2614707946777,50.3059921264648,50.2175216674805,48.8264350891113,49.3911018371582,53.2150192260742,56.4257431030273,59.9917526245117,62.1541404724121,64.7831497192383,69.1851806640625,72.8727035522461,69.6962051391602,81.9386138916016,77.5960235595703,79.5009613037109,82.7239685058594,84.9175720214844,87.8532791137695,90.2343673706055,95.2483673095703,96.1804656982422,95.3827667236328,94.7671051025391,94.5257797241211,94.1369171142578,93.4966354370117,92.82177734375,92.1805114746094,91.1068420410156,90.1100769042969,89.3867568969727,88.7284393310547,88.0688018798828,88.090202331543,89.0812149047852,90.8208847045898,92.5538330078125,94.0742263793945,95.3925552368164,96.2204055786133,96.9128799438477,97.2394943237305,97.2656097412109,97.2267150878906,97.0063247680664,96.6288375854492,97.2064743041992,105.139335632324,113.841598510742,114.999862670898,117.130104064941,114.914001464844,119.370185852051,120.515167236328,120.760292053223,126.27889251709,127.072715759277,126.058807373047,124.564498901367,137.274887084961,134.542129516602,127.114761352539,98.1157913208008,83.340934753418,79.0906982421875,76.4469223022461,75.0573654174805,75.0374755859375,74.1043243408203,72.2568740844727,69.3228759765625,68.6214904785156,69.7218475341797,70.308219909668,71.1762542724609,68.8418121337891,68.4501419067383,68.1267395019531,57.7956886291504,58.0218696594238,58.2130889892578,55.7558975219727,69.1554946899414,61.1410980224609,63.3891716003418,61.0983848571777,60.8971977233887,60.4205856323242,59.7728004455566,58.7677459716797,58.0537567138672,56.8017997741699,56.3905754089355,56.7244529724121,56.9478721618652,56.5792617797852,51.7593078613281,54.6708946228027,47.0224914550781,45.5953636169434,48.108528137207,49.5058174133301,53.6652641296387,57.9888648986816,60.0642356872559,62.0310401916504,66.3070907592773,66.8671798706055,60.4969444274902,63.4605445861816,72.5095825195312,80.9364852905273,82.9047698974609,73.4693222045898,74.0684356689453,74.2365417480469,75.9599761962891,90.88818359375,95.5556335449219,97.4886322021484,100.142234802246,100.446784973145,90.7454833984375,105.595085144043,108.406829833984,100.912841796875,85.2585678100586,84.8429946899414,85.1599044799805,86.0409317016602,87.6909103393555,88.7763442993164,89.0232696533203,89.1612930297852,88.9325408935547,89.5735168457031,89.8070602416992,89.1520462036133,88.4732894897461,87.9270248413086,86.6494445800781,84.8812866210938,82.5617294311523,76.5349197387695,78.258544921875,81.8500671386719,81.6717071533203,82.0224227905273,80.5588150024414,77.0747604370117,75.4447631835938,71.0155029296875,67.7062301635742,67.6576843261719,67.8479537963867,66.6391830444336,64.104248046875,61.1461906433105,60.8506355285645,65.5387802124023,96.1466751098633,98.7285919189453,97.1148147583008,93.4545135498047,88.4694595336914,75.9216003417969,66.7608795166016,63.08935546875,62.9782562255859,63.0566864013672,63.0598373413086,62.5672950744629,61.3094825744629,60.2810707092285,58.1339950561523,55.8194236755371,54.3571243286133,53.0598182678223,52.8883209228516
"122.5",46.8216018676758,47.3263778686523,46.7152061462402,46.435230255127,44.0023422241211,44.1220474243164,46.3655738830566,47.3776588439941,46.8148803710938,46.8750457763672,49.3646659851074,50.5212364196777,49.3948249816895,49.351734161377,49.9430999755859,49.6036987304688,50.153923034668,53.4978408813477,56.569507598877,60.739444732666,63.4212799072266,65.9593276977539,69.9662780761719,72.8176116943359,70.4197158813477,83.6270217895508,78.130012512207,79.5053787231445,82.8602828979492,85.4335708618164,88.3769836425781,91.0099716186523,96.0732116699219,96.4115600585938,95.3924026489258,94.841667175293,94.7365188598633,94.4171752929688,93.7465286254883,92.9441223144531,92.3950729370117,91.3360061645508,90.2692260742188,89.3993148803711,88.6890182495117,88.2511749267578,88.5201034545898,89.7255096435547,91.3639526367188,93.0327072143555,94.5026397705078,95.6505889892578,96.1082382202148,96.5365524291992,96.5746688842773,96.1278762817383,95.9403991699219,95.9091949462891,95.5999908447266,96.0118713378906,103.847999572754,109.93741607666,113.406921386719,116.231262207031,114.60213470459,116.926551818848,115.523963928223,123.441444396973,129.593505859375,125.517585754395,124.708717346191,127.26685333252,128.207870483398,122.456558227539,131.734237670898,107.320098876953,97.2139358520508,103.584869384766,77.9502410888672,72.4083023071289,72.3296966552734,73.0562362670898,72.2170715332031,69.5170745849609,67.8096237182617,67.3835296630859,69.4324569702148,70.7220306396484,69.3675689697266,69.6840286254883,69.8267974853516,60.7736663818359,64.5334243774414,63.0488815307617,58.7065658569336,65.5496520996094,59.917366027832,64.5289154052734,61.6736297607422,61.7778053283691,61.0549240112305,59.4622840881348,57.8647651672363,55.4923095703125,52.0685157775879,57.5098724365234,55.5569648742676,50.808219909668,55.8358955383301,57.0991287231445,54.6628379821777,56.2492294311523,58.7128601074219,57.9828872680664,57.9595565795898,58.7124252319336,57.0734481811523,58.0067024230957,58.728099822998,61.3131256103516,69.857666015625,71.2391967773438,67.1262817382812,67.4506530761719,71.8231353759766,76.4544067382812,80.6871109008789,84.6719665527344,88.2830657958984,92.2965240478516,95.4696578979492,97.6350326538086,98.9803771972656,100.514419555664,102.560470581055,105.056243896484,107.24560546875,111.208526611328,84.8365020751953,84.3282318115234,83.4686965942383,84.005989074707,85.4697799682617,86.2958526611328,87.487678527832,89.6310653686523,89.4179916381836,88.9390563964844,89.5860061645508,90.0828857421875,90.1622467041016,89.2306518554688,88.0565414428711,86.3591690063477,85.4360198974609,82.242561340332,80.5007400512695,79.7751312255859,81.8797073364258,80.7701873779297,81.822509765625,80.4856262207031,75.5666275024414,75.9063568115234,72.1808929443359,66.2021179199219,65.8599243164062,68.2867813110352,66.8944396972656,64.126594543457,59.0064010620117,58.5565223693848,63.8165054321289,89.2203750610352,99.7591857910156,98.243278503418,93.6133117675781,88.2990112304688,74.888671875,65.7083892822266,62.1645698547363,62.3772354125977,62.7159461975098,62.8687591552734,62.4064750671387,61.1284523010254,59.9372406005859,58.0160255432129,55.8775100708008,54.3043098449707,53.0315933227539,52.8882369995117
"123.75",46.8101692199707,47.4307289123535,46.7093238830566,46.6609039306641,43.9396858215332,43.7946701049805,45.8578147888184,46.7231369018555,46.2170944213867,46.3299827575684,48.5228424072266,49.4324989318848,49.4787712097168,49.2843284606934,50.6699066162109,50.318920135498,51.6134605407715,53.4965057373047,56.7927703857422,61.0116729736328,65.1252899169922,66.2151794433594,69.9640274047852,72.3381195068359,70.8245391845703,85.6658248901367,79.2532577514648,79.688117980957,82.8825988769531,85.809455871582,88.9743576049805,92.0720062255859,97.0150756835938,96.7517318725586,95.5013961791992,94.9145584106445,94.7006607055664,94.3389053344727,93.780403137207,93.07861328125,92.5191802978516,91.4230804443359,90.2801742553711,89.3718948364258,88.7301483154297,88.5506591796875,89.067626953125,90.4101104736328,91.9640045166016,93.5819854736328,94.9657440185547,95.9217147827148,96.1947555541992,96.4652633666992,96.0346908569336,95.3388595581055,95.2972640991211,95.3025360107422,95.0555801391602,94.8856887817383,98.0527725219727,107.817428588867,115.098976135254,115.041404724121,114.918167114258,124.595344543457,118.341186523438,122.623901367188,125.67781829834,128.054565429688,131.208282470703,124.60718536377,121.758071899414,120.626487731934,113.172256469727,105.920783996582,111.242652893066,104.90128326416,95.4772872924805,75.4083557128906,70.6647872924805,71.8053131103516,71.5979080200195,69.7918853759766,68.7199249267578,71.7994766235352,72.9382095336914,73.1316833496094,69.8072357177734,70.3945465087891,69.3375015258789,66.4454803466797,63.7560081481934,61.3819999694824,60.846565246582,61.8772583007812,57.5321578979492,65.5540161132812,61.5243492126465,61.549732208252,60.9887657165527,59.5709114074707,59.9532051086426,60.5540466308594,50.722053527832,62.6715850830078,56.9619064331055,55.0764427185059,55.1706886291504,56.7385597229004,53.6889038085938,56.9013023376465,56.3010406494141,55.4695854187012,55.5919036865234,56.5373229980469,55.7766342163086,56.1655158996582,56.5228538513184,57.4683151245117,61.3939399719238,63.1072120666504,62.4756202697754,63.8972320556641,67.6990585327148,72.9232635498047,77.4402389526367,81.5646896362305,86.3913345336914,91.2249374389648,95.369514465332,98.5676040649414,100.352401733398,101.604202270508,102.586791992188,104.564910888672,107.394393920898,112.22900390625,85.4371490478516,84.1687545776367,84.7692108154297,85.0291442871094,85.3168258666992,85.9026260375977,86.9687042236328,87.6891937255859,88.225700378418,89.1394348144531,89.2696685791016,90.0477905273438,90.4052200317383,89.2014694213867,87.5036773681641,86.0202941894531,85.4481811523438,82.2045211791992,80.9245910644531,79.9150085449219,81.4080963134766,81.2895584106445,81.5298080444336,79.9474105834961,77.9783096313477,76.3609390258789,72.263313293457,68.0876922607422,70.1213912963867,69.9334869384766,68.8440856933594,67.0835113525391,60.0699996948242,58.5725173950195,64.8831176757812,72.6428070068359,100.773475646973,99.1021957397461,93.533447265625,87.6915512084961,74.7168731689453,64.8967819213867,61.5806312561035,61.6018142700195,62.4361953735352,62.425724029541,61.9719009399414,61.0888175964355,59.5745964050293,57.6243209838867,55.9093704223633,54.2273178100586,52.9458694458008,52.888313293457
"125",46.759822845459,47.0481414794922,46.4576759338379,46.7446327209473,44.1820526123047,43.3985176086426,45.3044166564941,46.0933456420898,45.6339569091797,45.9206237792969,48.0669898986816,49.1147003173828,49.2177963256836,49.4632453918457,50.4768600463867,51.1817245483398,52.8733253479004,53.955680847168,56.9793128967285,61.3408622741699,64.4470443725586,66.2711410522461,69.9707870483398,72.666389465332,71.1834487915039,84.2487411499023,80.2372360229492,79.7862243652344,83.0225830078125,86.2968673706055,89.7044219970703,93.0022659301758,97.6771774291992,96.966796875,95.6879272460938,95.0724334716797,94.6233596801758,94.0782470703125,93.5761566162109,93.0371627807617,92.5234375,91.3162536621094,90.1737976074219,89.3612594604492,88.9515609741211,88.9326858520508,89.6599044799805,91.0546722412109,92.6237182617188,94.1328125,95.3900146484375,95.9092483520508,96.2417984008789,96.2932968139648,95.6430969238281,95.1078720092773,95.1401901245117,94.9404678344727,94.9448013305664,94.9611968994141,94.8278884887695,105.930572509766,114.036460876465,114.999610900879,116.622039794922,119.085906982422,119.942230224609,123.482025146484,122.926338195801,127.742225646973,133.209243774414,124.150238037109,119.186218261719,119.076965332031,111.526260375977,104.473594665527,105.549293518066,81.3801498413086,92.6630096435547,85.4154205322266,70.5850448608398,70.0416793823242,71.0214080810547,69.9511108398438,69.5812377929688,73.0645980834961,79.2308349609375,76.7416915893555,70.1300582885742,69.4985961914062,68.3634948730469,65.7807006835938,63.8057670593262,61.4995002746582,59.8676261901855,59.953426361084,62.1553993225098,62.923267364502,61.0324096679688,61.1389122009277,60.7396278381348,59.6103973388672,56.4433288574219,51.967960357666,50.302562713623,60.3052406311035,53.8693008422852,56.8464965820312,48.2548561096191,48.1427688598633,53.461311340332,55.991756439209,54.8394966125488,53.8746871948242,53.5608749389648,53.5324668884277,53.7078666687012,54.2199440002441,54.6889114379883,54.9668312072754,55.8374290466309,57.0908279418945,58.5936584472656,60.4870796203613,63.8127861022949,69.2015991210938,74.753662109375,79.4171905517578,84.3938827514648,89.9191741943359,95.2698059082031,98.6302032470703,98.9347305297852,100.021530151367,102.551658630371,105.460319519043,101.652244567871,104.278762817383,86.1634063720703,84.9319839477539,84.9488220214844,85.9550704956055,86.282356262207,85.6498718261719,86.4122009277344,87.6315307617188,87.0562515258789,87.5613861083984,88.629280090332,89.0707778930664,88.6754837036133,88.1440658569336,86.4777450561523,85.7810745239258,84.9050369262695,81.6638488769531,80.7416763305664,79.8936309814453,81.5007934570312,81.6970596313477,81.0982513427734,79.0005874633789,77.3901443481445,73.3598098754883,70.6333999633789,69.6221313476562,69.6736831665039,69.6538162231445,70.5926361083984,68.5782089233398,61.7407646179199,59.3738288879395,64.3380661010742,70.0087203979492,101.664947509766,99.7949295043945,93.4222946166992,86.8525466918945,74.44580078125,63.6394233703613,60.8311233520508,61.0726165771484,61.8702507019043,62.0406608581543,61.4799308776855,60.7853126525879,59.368350982666,57.4333763122559,55.8499794006348,54.0957260131836,52.8857460021973,52.8882598876953
"126.25",46.6281509399414,47.0797119140625,46.4022941589355,47.0259208679199,44.3843994140625,43.2024040222168,44.6399040222168,45.4752731323242,45.1137428283691,45.4649353027344,47.4176826477051,48.8895149230957,48.9182815551758,49.5489120483398,50.7460517883301,51.6326675415039,53.5135345458984,55.0947341918945,56.8379669189453,60.8668632507324,65.4909896850586,66.1951141357422,69.9786987304688,73.3698501586914,70.9205017089844,70.7255249023438,79.2492065429688,79.7509689331055,83.1775207519531,86.7287826538086,90.2765579223633,93.9126358032227,98.0929794311523,97.071533203125,95.894157409668,95.2767028808594,94.6313400268555,94.0134124755859,93.4381866455078,92.9228973388672,92.2635726928711,90.9103622436523,89.7786407470703,89.2811584472656,89.1574401855469,89.4541778564453,90.3463897705078,91.7807388305664,93.1893768310547,94.6128234863281,95.5883865356445,95.8208541870117,96.1653900146484,95.8652038574219,95.1910705566406,94.8794555664062,94.9742736816406,94.7710494995117,94.8539581298828,95.0493392944336,94.6733245849609,99.2927169799805,112.455261230469,113.629318237305,116.809562683105,118.766944885254,119.978256225586,122.549667358398,130.03254699707,131.304077148438,129.813430786133,119.240699768066,116.719711303711,112.84073638916,109.975379943848,105.288963317871,100.423278808594,97.2830200195312,79.8663635253906,71.2798461914062,69.2695999145508,68.6020736694336,69.7988815307617,69.8934097290039,69.7061538696289,72.1183013916016,75.6993865966797,75.5830001831055,70.0294799804688,67.8780899047852,65.2747650146484,63.3390846252441,62.2220878601074,62.8408889770508,60.771297454834,60.4707527160645,62.0729637145996,62.570198059082,60.974781036377,60.8800392150879,60.4594650268555,59.4656105041504,62.8208656311035,59.1603965759277,54.3899993896484,53.6037254333496,52.8647232055664,57.0706062316895,57.062557220459,56.8892860412598,56.1958465576172,55.5393104553223,54.6859741210938,53.8036575317383,53.2988891601562,53.3174133300781,53.2924766540527,53.2625961303711,53.5258750915527,53.9608917236328,54.5038681030273,55.3309020996094,56.4050712585449,58.2183952331543,61.2054443359375,65.767692565918,71.3549423217773,76.9865875244141,83.1086807250977,88.84814453125,94.3781433105469,97.0497055053711,97.8156204223633,94.6808319091797,98.20654296875,101.003463745117,86.1558990478516,84.5775604248047,87.401496887207,86.8390502929688,86.8722457885742,87.8131332397461,87.2839889526367,86.1432037353516,86.0542221069336,86.3995208740234,87.0790405273438,87.7627563476562,87.5886993408203,87.7390213012695,87.5477905273438,87.5114822387695,85.6511993408203,85.5255355834961,84.6152801513672,81.4721145629883,76.9633102416992,78.7345504760742,81.7897644042969,81.9140625,79.8280563354492,77.046875,76.6994934082031,72.950798034668,68.3109817504883,66.120361328125,65.4707870483398,62.104606628418,68.3930816650391,67.3952178955078,58.9553718566895,59.3780670166016,66.5356597900391,70.5896224975586,101.624633789062,100.345230102539,93.6181564331055,86.0378189086914,74.0404663085938,63.1242332458496,60.2554779052734,60.6094093322754,61.2183227539062,61.5863304138184,60.9093246459961,60.7140693664551,59.0213050842285,57.3926887512207,55.817798614502,54.0524749755859,52.8445625305176,52.8883018493652
"127.5",46.352970123291,47.2840156555176,46.956672668457,46.8677177429199,44.6512908935547,42.6237907409668,44.1083984375,44.7045402526855,44.7250747680664,45.0384979248047,47.1361503601074,48.7669563293457,49.5339279174805,49.8314208984375,51.0499038696289,52.4820785522461,54.7251243591309,55.4286422729492,56.9306488037109,60.6056671142578,64.3239135742188,66.06298828125,69.9271850585938,73.2927780151367,68.4160461425781,72.9181137084961,79.0192642211914,79.7903518676758,83.2347717285156,87.1133575439453,90.7601623535156,94.7952346801758,98.3601837158203,97.1388854980469,96.0609436035156,95.4551849365234,94.8495559692383,94.0815353393555,93.3731155395508,92.5865325927734,91.7249908447266,90.3493270874023,89.3282318115234,89.1297454833984,89.3798294067383,90.0226745605469,91.0441436767578,92.4280700683594,93.6325454711914,94.7928085327148,95.4975509643555,95.5565795898438,95.6926956176758,95.3706436157227,94.8352508544922,94.720100402832,94.8108444213867,94.6764373779297,94.6270751953125,94.7722778320312,94.6234664916992,96.787467956543,108.369560241699,112.730186462402,114.333694458008,117.270027160645,118.02229309082,119.684936523438,128.678756713867,130.497894287109,129.381408691406,115.170600891113,114.437591552734,115.18586730957,107.807945251465,100.495613098145,98.5176239013672,88.7428436279297,78.9636383056641,70.3255233764648,66.5683135986328,66.707763671875,67.7244644165039,69.156982421875,70.2907638549805,71.6828079223633,73.3823013305664,72.4848022460938,69.3822402954102,66.6791839599609,63.0107612609863,59.9370727539062,56.9681243896484,62.827465057373,60.937614440918,61.2550163269043,60.2440071105957,58.9477233886719,61.360668182373,60.9215202331543,60.0732765197754,59.1922187805176,59.117359161377,58.3775787353516,57.963680267334,57.4732704162598,56.9995155334473,56.7661666870117,56.4858283996582,56.1042404174805,55.6298561096191,55.0804672241211,54.3229522705078,53.6939582824707,53.2245254516602,52.9928321838379,52.8237838745117,52.4660491943359,52.3585624694824,52.7946739196777,53.3981666564941,54.1919593811035,54.9832000732422,56.4985694885254,58.9690361022949,62.8676300048828,68.0886917114258,73.9239120483398,81.4400787353516,88.1082611083984,93.5788116455078,95.9795074462891,97.0807723999023,79.8221054077148,82.3456802368164,84.4768142700195,84.5406036376953,96.8103637695312,108.19832611084,89.3573532104492,88.2721252441406,88.5793991088867,87.6122970581055,86.2321243286133,86.2350158691406,86.4105453491211,87.5189895629883,87.88623046875,87.4053039550781,87.2307968139648,86.8085403442383,85.5494995117188,84.302375793457,84.7076034545898,84.5947647094727,80.5932312011719,75.449462890625,76.654655456543,82.0173263549805,81.2624816894531,79.2001342773438,76.1543273925781,74.8578414916992,73.2905349731445,66.188362121582,61.9666404724121,63.5906181335449,63.1985092163086,66.1163482666016,65.5710296630859,58.9153861999512,59.0241622924805,66.016731262207,70.7813262939453,101.340927124023,100.953971862793,94.1587982177734,85.5719451904297,73.2631149291992,62.7780570983887,60.0711822509766,60.1697387695312,60.8570213317871,61.066291809082,60.6103782653809,60.3646430969238,59.1272926330566,57.6710510253906,55.7582168579102,53.9841384887695,52.7833633422852,52.8882904052734
"128.75",46.4853134155273,46.8107109069824,46.4034996032715,47.3528861999512,45.2266159057617,42.4460525512695,43.7062911987305,43.952392578125,44.4160804748535,44.8431129455566,47.1145820617676,48.950569152832,49.3222122192383,50.035572052002,51.4186668395996,52.8336944580078,54.9287223815918,55.7332954406738,56.5753173828125,60.5782661437988,63.8759918212891,65.7646408081055,69.5430908203125,71.3826522827148,67.3867721557617,81.0367584228516,79.791015625,79.8572769165039,83.2768630981445,87.5073852539062,91.3480834960938,95.8367156982422,98.6178131103516,97.1902770996094,96.1558227539062,95.6633529663086,95.0396957397461,94.1644134521484,93.2643508911133,92.1994171142578,91.1863784790039,89.890007019043,89.0086135864258,89.0404205322266,89.5596160888672,90.4686050415039,91.6743087768555,92.914436340332,93.8403625488281,94.5712203979492,95.0416030883789,95.0377731323242,95.1027603149414,94.9387588500977,94.5475997924805,94.6884994506836,94.8375625610352,94.710205078125,94.4695281982422,94.6966781616211,94.5796432495117,93.8936920166016,102.014091491699,113.321556091309,109.75252532959,114.440650939941,116.94718170166,116.466491699219,126.270690917969,129.581283569336,127.745529174805,126.459587097168,123.503227233887,122.696823120117,115.688804626465,107.199508666992,87.8470840454102,85.0200119018555,78.5279006958008,73.8921127319336,64.9398880004883,65.1468734741211,65.4253768920898,68.3660278320312,71.1086349487305,72.7808303833008,73.3888473510742,71.9697875976562,68.4997634887695,64.9971771240234,60.8025817871094,57.5216636657715,56.3286590576172,61.6101264953613,59.8003120422363,60.9824676513672,59.7480812072754,58.354923248291,62.0615425109863,61.2978172302246,60.1856346130371,59.1095085144043,58.2483558654785,57.3149566650391,56.7832450866699,56.462760925293,56.3610153198242,56.176830291748,55.7636222839355,55.3999786376953,55.1843643188477,54.6362648010254,53.9184188842773,53.342658996582,53.0373725891113,52.7461166381836,52.4294166564941,51.9988059997559,51.4514808654785,51.483154296875,52.0477523803711,53.0151329040527,54.1034164428711,55.3645324707031,57.7616539001465,61.0639572143555,65.8316497802734,71.522575378418,80.1946029663086,89.3960037231445,94.3814468383789,96.4369964599609,96.9562835693359,96.1628341674805,84.1022796630859,92.4653854370117,101.224868774414,107.261878967285,115.242538452148,89.8703689575195,89.4113998413086,89.1567459106445,88.3246612548828,88.2242965698242,87.2680892944336,87.1234817504883,88.554313659668,87.6022262573242,87.1289901733398,86.4717559814453,85.9340515136719,86.0006790161133,83.5502624511719,85.537483215332,82.8749694824219,80.0114517211914,78.5797500610352,77.7720336914062,81.1156616210938,80.4606475830078,77.8078536987305,75.2100601196289,75.6611709594727,74.5314178466797,72.2942428588867,68.9055023193359,73.7037582397461,70.01806640625,64.5095443725586,62.7127304077148,63.5211219787598,64.6090316772461,69.0159225463867,89.3522262573242,103.447647094727,101.671104431152,95.0405578613281,85.3014526367188,72.6863861083984,62.6119575500488,59.985294342041,59.9981155395508,60.4854621887207,60.7939262390137,60.3333892822266,60.2834663391113,59.3332481384277,57.7625160217285,55.6102409362793,53.8896331787109,52.6953926086426,52.8882789611816
"130",46.3405456542969,46.752124786377,46.509521484375,47.3503341674805,45.7320899963379,42.6253204345703,43.2040596008301,43.1998825073242,44.050350189209,44.8529472351074,47.168342590332,49.1595115661621,50.0107231140137,50.2914009094238,51.3813133239746,53.1538467407227,55.0171394348145,56.5734176635742,57.246452331543,60.5375022888184,63.2996673583984,65.4131164550781,68.3183212280273,69.0665054321289,69.7789001464844,79.0258560180664,81.0238265991211,79.6877517700195,83.4595947265625,88.0686416625977,92.1701889038086,97.0969619750977,98.8422927856445,97.2548599243164,96.3084487915039,95.8206939697266,95.1571197509766,94.133056640625,93.1262664794922,91.8636245727539,90.7541732788086,89.5972442626953,88.8297348022461,88.8838806152344,89.6093902587891,90.7968368530273,92.2259750366211,93.3263397216797,94.0011901855469,94.2910232543945,94.4442901611328,94.470573425293,94.5654144287109,94.5248870849609,94.363166809082,94.6961975097656,94.9289398193359,94.7712707519531,94.5474624633789,94.5554580688477,94.3184814453125,93.4725189208984,96.1333160400391,111.601593017578,109.155372619629,112.228134155273,113.80916595459,112.610649108887,123.060905456543,126.581932067871,126.565795898438,125.947235107422,120.71215057373,118.665000915527,115.924217224121,111.169761657715,101.532516479492,96.5902709960938,89.4548110961914,81.9972076416016,72.3648452758789,61.1589584350586,67.0881881713867,70.8663787841797,71.495475769043,73.7865142822266,73.8795166015625,71.4731826782227,67.3510284423828,62.9090042114258,58.1184310913086,55.3372077941895,55.5078086853027,60.228832244873,59.3046340942383,60.9458084106445,62.3117828369141,62.5604858398438,62.0708656311035,61.424690246582,60.4768409729004,59.4322204589844,58.2645950317383,57.2639312744141,56.5907783508301,56.2838973999023,56.0961074829102,55.8463821411133,55.4644660949707,55.0254173278809,54.8980178833008,54.6306533813477,53.8213996887207,53.0307350158691,52.5975151062012,52.4320411682129,52.2055969238281,51.8882179260254,51.3525199890137,51.1325721740723,51.5150604248047,52.3779678344727,53.5580253601074,54.677074432373,56.9855308532715,60.2867889404297,64.5125885009766,69.9384307861328,78.4256134033203,85.5962066650391,82.1535110473633,90.5899810791016,98.0479202270508,102.415473937988,101.672889709473,105.002449035645,106.183731079102,107.082855224609,109.756530761719,112.059837341309,112.313636779785,89.4190444946289,89.0594863891602,89.45458984375,88.4957275390625,88.4172439575195,88.9808044433594,88.3202896118164,86.0063781738281,84.7979354858398,84.4931793212891,82.2279968261719,82.9891052246094,84.5380554199219,81.8955917358398,79.7782516479492,79.255485534668,78.9670562744141,80.6559066772461,79.7415237426758,77.3414840698242,74.5493240356445,73.8634414672852,73.3018646240234,71.5335922241211,69.9113235473633,71.5422515869141,69.9543228149414,65.9653778076172,65.0069046020508,63.2876358032227,66.0547790527344,87.3591613769531,101.963920593262,104.739936828613,102.771629333496,96.3985366821289,85.1374664306641,72.2773361206055,62.4599609375,60.0766563415527,59.8417205810547,60.2631378173828,60.3674430847168,60.2200546264648,59.719310760498,59.3342666625977,56.9497566223145,55.6247329711914,53.7607154846191,52.560619354248,52.8883056640625
"131.25",46.7943000793457,46.684024810791,46.5658416748047,47.7465782165527,46.2130470275879,42.6450042724609,42.764030456543,42.5330619812012,43.6264572143555,44.8881492614746,47.1894950866699,49.155445098877,50.0078010559082,50.4656372070312,51.1849136352539,53.1324882507324,54.9499168395996,56.8530120849609,57.7298011779785,60.6477508544922,62.7321395874023,64.4517364501953,66.8938140869141,70.0508575439453,72.2486724853516,75.9152450561523,82.1714782714844,79.7457122802734,83.7684936523438,88.7947616577148,93.3591232299805,98.4457321166992,99.051155090332,97.3781509399414,96.4704055786133,95.856071472168,95.0794830322266,94.0727844238281,93.0340423583984,91.7107238769531,90.4630737304688,89.3821258544922,88.7056503295898,88.7041625976562,89.5765533447266,91.094352722168,92.6826934814453,93.7525329589844,94.1846008300781,94.2051696777344,94.034782409668,94.034423828125,94.192512512207,94.3793563842773,94.492317199707,94.804313659668,94.9022903442383,94.8801422119141,94.6463851928711,94.5477981567383,94.0338897705078,92.7931060791016,96.2816848754883,108.916496276855,107.69270324707,111.29541015625,112.209922790527,108.434196472168,123.452079772949,126.971199035645,128.233001708984,124.905632019043,122.524787902832,119.987350463867,116.028541564941,115.818733215332,98.2968444824219,94.8803482055664,80.0590362548828,92.4652786254883,90.470458984375,90.0978088378906,91.3821563720703,85.026123046875,72.6186218261719,74.7104263305664,73.6489944458008,70.3070220947266,65.5818023681641,60.3942832946777,55.6232376098633,53.9491653442383,56.210262298584,59.1064987182617,57.0770072937012,65.8801193237305,62.4492454528809,62.1918792724609,61.6807136535645,61.3712768554688,60.6698951721191,59.5757865905762,58.3446884155273,57.2175369262695,56.5421676635742,56.3879508972168,56.2341651916504,55.9481468200684,55.5936737060547,55.1303253173828,54.9610328674316,54.8371849060059,54.0765800476074,52.9282417297363,52.1527862548828,52.0317420959473,52.0396194458008,52.0094413757324,51.913013458252,51.5235595703125,51.5164527893066,52.3635711669922,53.6327514648438,54.7918815612793,56.4037246704102,59.3858795166016,63.1371192932129,68.3357009887695,76.1596069335938,80.8789138793945,68.3370895385742,77.1611328125,87.0359115600586,104.273452758789,106.482307434082,108.445098876953,108.314483642578,107.94709777832,108.703063964844,112.002563476562,117.18830871582,104.743606567383,88.4735107421875,88.5629196166992,88.1379318237305,88.0045623779297,87.939811706543,87.3833160400391,85.6750183105469,83.8781890869141,84.0980987548828,83.941650390625,82.7768859863281,83.3758239746094,81.9339752197266,80.3872604370117,80.7876815795898,79.9862899780273,80.0748138427734,79.0880432128906,76.7394714355469,73.6089859008789,73.6540985107422,73.2479019165039,72.3014755249023,71.5524673461914,67.2493591308594,70.3526382446289,67.4674987792969,65.0430374145508,62.9835510253906,66.6181106567383,108.193908691406,108.635368347168,105.534889221191,103.702079772949,98.1003646850586,85.0910568237305,71.9118041992188,62.2785110473633,60.0680885314941,59.7708930969238,60.0534477233887,60.2003974914551,59.969554901123,59.497875213623,58.2318344116211,56.1581001281738,54.9909782409668,53.7693710327148,52.380199432373,52.8882789611816
"132.5",46.3344802856445,46.6411361694336,46.8291816711426,47.9350929260254,46.7284889221191,42.8525810241699,42.253589630127,41.9090690612793,43.2055931091309,45.0534896850586,47.1270561218262,49.1765594482422,49.6939659118652,50.3164329528809,51.0881156921387,52.8742446899414,54.5664482116699,56.232234954834,57.9036483764648,60.7380409240723,61.9929161071777,62.8637847900391,66.5553512573242,70.4069137573242,72.493782043457,76.8482284545898,83.0729293823242,79.8315811157227,84.0406646728516,89.3998107910156,94.8049545288086,99.6864624023438,99.2347106933594,97.6046905517578,96.6117095947266,95.8445434570312,94.9697265625,93.9699478149414,92.9641723632812,91.5916900634766,90.2524795532227,89.3255157470703,88.8257064819336,88.8942794799805,89.8903656005859,91.5812377929688,93.1541366577148,94.1360702514648,94.4646835327148,94.3278350830078,93.8895721435547,93.7426071166992,93.9681701660156,94.4492111206055,94.6974639892578,94.7630233764648,94.8208160400391,94.7340316772461,94.6870803833008,94.4494094848633,93.5344314575195,91.9911193847656,103.091171264648,106.323722839355,107.468490600586,108.89949798584,108.992721557617,109.274269104004,125.365661621094,125.146347045898,130.560928344727,117.58854675293,118.564453125,119.356582641602,110.085876464844,104.20433807373,97.8144989013672,98.7062225341797,99.5415725708008,98.0582809448242,101.436599731445,109.155990600586,108.987564086914,85.3420867919922,74.6384658813477,75.0306396484375,72.6495895385742,68.2377319335938,63.4089508056641,57.9543190002441,54.0105361938477,53.2916641235352,51.9619674682617,56.8273124694824,52.7104339599609,66.4699859619141,62.3592643737793,62.2395439147949,61.3046951293945,61.0171432495117,60.5961990356445,59.6403274536133,58.2883338928223,57.0915336608887,56.3674621582031,56.515926361084,56.5107765197754,56.2317237854004,55.9101409912109,55.6151313781738,55.4263648986816,55.1632919311523,54.3815689086914,53.1965446472168,52.1314315795898,51.8786506652832,51.9800682067871,52.0503540039062,52.2610359191895,52.2136077880859,52.1230812072754,52.7568016052246,54.15673828125,55.3361740112305,56.2160911560059,58.1299438476562,61.2658767700195,66.4111709594727,73.513298034668,81.6314468383789,90.2603454589844,72.5982360839844,75.5095672607422,94.4728698730469,103.74494934082,106.774703979492,108.047775268555,108.82145690918,108.66862487793,110.832229614258,114.369651794434,104.618041992188,87.9415740966797,88.4455795288086,87.563362121582,86.7014694213867,87.3973388671875,86.5112533569336,85.7018737792969,84.3960266113281,83.6153335571289,83.1874465942383,82.6967239379883,81.3308792114258,80.7904891967773,80.7156677246094,81.4036026000977,80.6803283691406,79.0442504882812,78.2646408081055,75.0084228515625,72.8634948730469,73.6452560424805,73.2911834716797,73.3900451660156,72.1283721923828,67.3915252685547,70.5402221679688,66.0054702758789,62.6195297241211,62.9964370727539,65.2116546630859,107.467025756836,108.630912780762,106.191673278809,104.353950500488,98.6600570678711,84.7187118530273,71.1750411987305,62.0087509155273,59.9833335876465,59.5910682678223,59.8238143920898,59.8495292663574,59.8484802246094,58.7625007629395,57.3786277770996,56.0892105102539,54.2624053955078,53.7384719848633,52.2274742126465,52.8882675170898
"133.75",46.3542251586914,46.7170562744141,46.6163520812988,48.1834983825684,47.325511932373,43.164436340332,42.1172790527344,41.2990264892578,42.6486167907715,45.0343780517578,47.2528610229492,49.0697708129883,49.3251533508301,49.9334945678711,50.8264007568359,52.4418487548828,54.5606422424316,56.110034942627,57.7527885437012,60.3170051574707,61.1426391601562,61.4955902099609,65.7142791748047,70.3826522827148,72.5849304199219,77.3355484008789,83.8788681030273,80.1444702148438,83.8197631835938,89.7599182128906,95.9500274658203,100.521499633789,99.4121627807617,97.7795944213867,96.7327346801758,95.8208541870117,94.8026275634766,93.8729095458984,92.8456497192383,91.4065551757812,90.0551986694336,89.3501281738281,89.1298522949219,89.578498840332,90.6539688110352,92.1686859130859,93.5445327758789,94.2798156738281,94.390007019043,94.0907974243164,93.5621490478516,93.2854461669922,93.6229934692383,94.3742065429688,94.6144485473633,94.52392578125,94.5242080688477,94.6737823486328,94.5865249633789,94.133659362793,93.2892913818359,98.3711547851562,106.635147094727,113.810989379883,110.933052062988,112.492385864258,111.646591186523,110.043037414551,124.332542419434,125.468933105469,118.920509338379,114.318939208984,112.973663330078,115.935905456543,113.807090759277,106.762718200684,106.913604736328,92.0057601928711,100.892127990723,108.211769104004,105.169273376465,108.299453735352,111.311790466309,87.7075805664062,76.6557540893555,74.5768127441406,70.5181121826172,65.2964096069336,61.3488502502441,56.200984954834,53.1463623046875,53.1341361999512,45.9016571044922,48.3432426452637,50.8723678588867,67.9793014526367,62.0499572753906,62.390754699707,61.503791809082,60.9249877929688,60.8337097167969,60.0816802978516,58.714183807373,57.2458686828613,56.3897247314453,56.7017364501953,56.9227485656738,56.7484855651855,56.5110549926758,56.4058265686035,56.2324829101562,55.8124465942383,55.017406463623,53.8320465087891,52.8418159484863,52.4700927734375,52.4905052185059,52.3754272460938,52.3428077697754,52.3809509277344,52.69140625,53.5057678222656,54.8256759643555,56.1406288146973,56.8022346496582,57.5150604248047,59.7335357666016,63.8961219787598,70.8246383666992,79.6184005737305,90.8500595092773,88.8297500610352,74.3600997924805,90.5713195800781,101.320091247559,104.185302734375,106.822479248047,108.841812133789,109.754020690918,111.142677307129,113.55793762207,106.127822875977,88.9762191772461,87.0795669555664,86.7494506835938,86.8982925415039,87.2847442626953,86.330924987793,84.9690551757812,85.3848419189453,85.1813430786133,83.8729629516602,83.5999908447266,81.5556793212891,80.8794097900391,80.5873718261719,80.4450836181641,79.4818115234375,78.947509765625,77.2935028076172,73.7870941162109,72.6891326904297,73.8471450805664,74.7145004272461,73.252311706543,71.8146209716797,68.9588470458984,67.5610656738281,64.0017700195312,62.9915084838867,64.0674819946289,66.2047576904297,107.151473999023,108.789932250977,106.489128112793,104.560699462891,98.0638198852539,84.095458984375,70.3960266113281,61.7160110473633,59.8218231201172,59.4120903015137,59.638355255127,59.5689086914062,59.153881072998,58.4878883361816,57.3212013244629,55.7960548400879,54.2461929321289,53.531566619873,52.2404365539551,52.8882942199707
"135",46.642993927002,46.5986976623535,46.7217750549316,48.2966613769531,47.896915435791,43.546272277832,41.8764114379883,40.9656372070312,42.0474090576172,44.9617805480957,47.2874717712402,49.217960357666,48.6803588867188,49.3680191040039,50.2890586853027,51.9195938110352,54.4425239562988,55.7812690734863,57.7444458007812,59.9333381652832,59.7625274658203,63.1018028259277,64.8624725341797,70.0002136230469,72.77294921875,77.8879852294922,84.3356628417969,80.4017028808594,83.4745101928711,89.7353286743164,96.3299255371094,100.744232177734,99.4566268920898,97.9266662597656,96.8733062744141,95.7973709106445,94.648567199707,93.724983215332,92.6172637939453,91.0649642944336,89.8306274414062,89.3763122558594,89.6049270629883,90.3924102783203,91.3481216430664,92.6810684204102,93.8013000488281,94.0668716430664,93.9394302368164,93.5223922729492,93.1506805419922,93.0841445922852,93.3992767333984,94.2876052856445,94.4799880981445,94.2574005126953,94.1687240600586,94.1689834594727,93.7479019165039,93.6200256347656,98.3804550170898,104.729217529297,106.348854064941,110.469673156738,110.217819213867,115.554122924805,117.174003601074,119.737937927246,124.757514953613,126.44132232666,129.787231445312,129.11701965332,123.661415100098,126.963882446289,115.752365112305,114.199867248535,116.653991699219,107.540946960449,103.246635437012,99.0983581542969,95.9735260009766,101.336753845215,106.429275512695,81.6971893310547,76.8622894287109,72.3462829589844,67.4958190917969,62.8591461181641,60.1379051208496,55.9051246643066,53.5256729125977,49.5937995910645,46.4130973815918,63.2849502563477,66.4585494995117,64.2263793945312,62.1086730957031,62.4286575317383,62.4133415222168,61.9154014587402,61.7109603881836,60.9530639648438,59.6059341430664,57.9406700134277,56.8425102233887,56.8830490112305,57.1189498901367,57.3153953552246,57.2200469970703,57.4659729003906,57.3761367797852,56.9625549316406,56.3392906188965,55.1938705444336,53.7389907836914,53.0371055603027,53.1256408691406,52.9806594848633,52.786075592041,52.5474281311035,52.7944221496582,53.6357383728027,55.0377655029297,56.3881340026855,57.4872894287109,57.8295211791992,58.989990234375,62.086483001709,68.226203918457,77.3311462402344,86.9410934448242,87.4090805053711,74.2618942260742,88.2445068359375,101.079292297363,103.104225158691,105.855979919434,108.635391235352,110.294960021973,111.479507446289,112.713958740234,116.016815185547,102.28360748291,93.3064956665039,87.8398590087891,87.6036224365234,86.7643203735352,85.7073135375977,84.0911407470703,87.0413665771484,85.9660263061523,84.4947662353516,83.5789108276367,82.409065246582,81.2136993408203,80.064323425293,79.8308181762695,78.4127960205078,76.9757385253906,75.1448516845703,73.8167343139648,73.0939788818359,74.8279800415039,76.1492538452148,74.4048538208008,72.630256652832,70.5781478881836,67.6946105957031,64.1499328613281,62.9208755493164,63.7939071655273,67.6221313476562,107.976028442383,109.12174987793,106.532829284668,104.234992980957,96.6994018554688,83.0248184204102,69.6555480957031,61.6184692382812,59.5790061950684,58.8991584777832,59.2319068908691,59.3915252685547,58.9624481201172,57.9533805847168,56.6394309997559,55.8444709777832,54.2838020324707,53.1789817810059,52.2506637573242,52.8882827758789
"136.25",46.400276184082,46.5397262573242,46.8226165771484,48.9511260986328,48.3681945800781,44.2302055358887,41.9162826538086,40.4281845092773,41.3729019165039,44.8256759643555,47.215217590332,48.4179229736328,48.1908073425293,48.5779495239258,49.8327827453613,51.5668907165527,53.8458251953125,55.5640602111816,57.1073951721191,58.8090553283691,59.1912689208984,60.3343620300293,64.1961059570312,69.9657821655273,73.5612258911133,78.2960815429688,84.2657012939453,80.7178497314453,83.3083801269531,89.1379776000977,95.8767547607422,100.429092407227,99.3826599121094,98.0410919189453,96.9754257202148,95.7579650878906,94.4897537231445,93.4716110229492,92.2839889526367,90.6714553833008,89.4811477661133,89.3494110107422,90.0434265136719,90.9537658691406,91.9349899291992,93.1764602661133,93.9011001586914,93.7607345581055,93.4115676879883,92.9688720703125,92.8242874145508,93.0191116333008,93.4041900634766,94.1310272216797,94.337890625,94.0686569213867,93.6397323608398,93.6616516113281,93.1344299316406,98.8164596557617,104.091217041016,104.19896697998,111.162322998047,112.900833129883,114.609397888184,110.72924041748,113.776977539062,116.543487548828,121.583061218262,126.166023254395,127.346893310547,127.738845825195,127.90202331543,123.778602600098,114.158958435059,122.309791564941,117.576690673828,111.604606628418,104.674652099609,93.0850219726562,84.2070236206055,84.5449600219727,91.6667556762695,79.6602401733398,75.1151504516602,70.4676132202148,65.7814712524414,61.9235877990723,59.4785919189453,53.9705390930176,62.1309700012207,53.6583976745605,53.2635154724121,70.6244964599609,62.9337921142578,62.4125366210938,62.0425758361816,62.1038208007812,62.3846435546875,62.6433372497559,62.4618339538574,61.5197219848633,60.1018447875977,58.5542488098145,57.2355117797852,56.912296295166,57.1069526672363,57.4103965759277,57.5844535827637,57.8121185302734,57.6186180114746,57.4641799926758,57.524097442627,56.9907417297363,55.0234375,53.5900840759277,53.3700408935547,53.6377906799316,53.6317405700684,53.2774047851562,53.3946647644043,53.8466758728027,54.7707633972168,56.0584106445312,57.3345909118652,58.1819877624512,59.169994354248,61.6037368774414,66.6251678466797,75.3954467773438,84.6797943115234,86.9737854003906,82.2631454467773,76.5476150512695,98.5697555541992,107.686416625977,105.58260345459,108.097038269043,110.400146484375,111.913604736328,112.052795410156,112.671234130859,117.500762939453,110.975494384766,89.7682495117188,87.2300109863281,87.6567230224609,86.6885299682617,87.6073226928711,87.6662292480469,86.6768493652344,84.0832595825195,82.5343170166016,89.1151123046875,101.691024780273,81.1046600341797,80.3433685302734,78.1775512695312,77.4173202514648,75.690299987793,74.25048828125,73.9416198730469,71.5119323730469,76.7272644042969,76.9603729248047,74.8080749511719,77.1838684082031,72.8602142333984,68.7755279541016,64.5046463012695,65.2903060913086,62.5060386657715,107.577026367188,109.395652770996,106.187530517578,103.068519592285,95.1295700073242,81.5287017822266,68.8440780639648,61.6540794372559,59.5815467834473,58.6391868591309,58.8076133728027,58.7836380004883,58.1657867431641,57.6421546936035,56.6944198608398,55.7165222167969,54.3560028076172,53.1384124755859,52.2599792480469,52.8882865905762
"137.5",46.357250213623,47.0505714416504,46.9805183410645,49.0954360961914,49.0244750976562,45.1495513916016,41.9609413146973,40.0325393676758,40.677677154541,44.5393257141113,47.5355644226074,47.9042510986328,47.5482940673828,47.767879486084,49.3896141052246,51.3384857177734,53.5729522705078,55.1449356079102,56.0475387573242,57.3534965515137,58.3176918029785,60.1597938537598,64.3619766235352,70.2245559692383,73.5515060424805,81.139762878418,83.4631271362305,81.1739501953125,83.6158065795898,88.8758926391602,95.4886856079102,99.946159362793,99.2004852294922,98.0126571655273,96.873649597168,95.5909271240234,94.1235198974609,92.9550552368164,91.7024688720703,90.0390167236328,89.0038757324219,89.3484725952148,90.6158981323242,91.8381652832031,92.985481262207,93.8965530395508,94.1440811157227,93.8612747192383,93.3232345581055,92.8289184570312,92.7699432373047,92.9922866821289,93.4302215576172,93.9877853393555,94.1013336181641,93.6618576049805,92.9927444458008,93.0208282470703,93.3668746948242,97.7448196411133,103.926277160645,104.278381347656,105.576522827148,111.300155639648,104.176193237305,105.628707885742,108.439743041992,111.131019592285,121.11767578125,126.320404052734,128.731307983398,131.294326782227,124.635070800781,125.693946838379,125.881675720215,124.761222839355,115.479522705078,108.978698730469,93.5942993164062,83.7322311401367,84.5,83.3849411010742,81.0030670166016,78.3525238037109,73.9794387817383,69.0346145629883,65.1464767456055,63.0979766845703,59.5704727172852,53.2187004089355,69.9820556640625,57.3261032104492,55.3814468383789,60.6445350646973,60.3506011962891,62.1211395263672,62.3753471374512,62.2912101745605,62.3954162597656,62.9583282470703,62.8947067260742,61.9650764465332,60.5530967712402,58.9358863830566,57.4723587036133,56.7746086120605,56.7803039550781,57.0157585144043,57.2470169067383,57.2946739196777,57.3666687011719,57.2815399169922,57.6341361999512,57.9367866516113,55.9933204650879,53.8339004516602,53.2433052062988,53.7241668701172,54.1241989135742,54.0556907653809,54.0219345092773,54.253303527832,54.7661972045898,55.8498420715332,57.0838470458984,58.5222969055176,59.8859519958496,62.0703392028809,66.5788497924805,74.0681076049805,82.4994659423828,88.7587356567383,102.764556884766,78.8184814453125,84.1528015136719,111.573890686035,107.328155517578,107.412284851074,109.773147583008,111.577156066895,111.314338684082,110.615905761719,110.573440551758,112.236343383789,105.643905639648,96.8061676025391,88.7467422485352,87.6489868164062,88.2186584472656,86.9518966674805,84.7935409545898,82.8749618530273,81.873046875,97.9663314819336,119.857551574707,102.582931518555,90.4406433105469,79.6085739135742,72.9145050048828,71.5606231689453,70.9050216674805,71.6348190307617,73.8921203613281,80.2601089477539,80.2570648193359,78.6653137207031,77.7445297241211,74.910285949707,68.075813293457,64.3681793212891,63.7893829345703,62.3674697875977,107.530349731445,109.611061096191,105.159072875977,88.8352661132812,83.0862274169922,78.7224655151367,67.8196792602539,61.669303894043,59.6117706298828,58.5205955505371,58.6730651855469,58.6343650817871,57.9837341308594,57.2847137451172,56.1361274719238,55.0445938110352,54.3608741760254,53.1415672302246,52.2666282653809,52.8882865905762
"138.75",46.7297554016113,46.6135025024414,47.1552772521973,49.3863830566406,49.2105293273926,45.9770812988281,42.3781661987305,39.7808151245117,39.7806968688965,43.9099502563477,46.6332588195801,47.2429847717285,46.8034210205078,47.5260963439941,49.1031265258789,51.1986198425293,53.280445098877,54.7192344665527,54.8617057800293,56.0976791381836,57.6762351989746,60.133228302002,64.2388687133789,70.7725143432617,72.9855117797852,89.4767761230469,82.328369140625,81.6521835327148,84.4564895629883,89.1244506835938,95.3910980224609,99.6626892089844,98.9493865966797,97.6996994018555,96.4809188842773,95.082878112793,93.4208679199219,92.0574035644531,90.7714614868164,89.1163787841797,88.3828964233398,89.5538558959961,91.6978378295898,93.4065017700195,94.3913879394531,94.6953277587891,94.5907440185547,94.2217102050781,93.5836486816406,92.9316864013672,92.6420211791992,92.7023468017578,93.1228256225586,93.6040496826172,93.7794570922852,93.4240646362305,92.6206283569336,92.254638671875,93.9044494628906,99.131965637207,105.157638549805,108.553886413574,110.807899475098,114.954986572266,112.792701721191,110.566940307617,116.543525695801,116.840560913086,121.301345825195,127.205383300781,126.025131225586,131.921798706055,130.549911499023,127.318984985352,118.547584533691,104.776344299316,110.865631103516,103.220726013184,85.3131790161133,84.274040222168,84.2042922973633,83.2668304443359,81.3818817138672,78.3477554321289,73.6823577880859,68.4708404541016,65.4918899536133,61.1407623291016,56.3257713317871,51.165943145752,60.7615966796875,59.3395080566406,54.1759300231934,54.7221641540527,59.2539520263672,61.802433013916,62.4462928771973,62.4133644104004,62.6062545776367,63.1570205688477,63.2388343811035,62.2398223876953,60.8599472045898,59.2240562438965,57.7333755493164,56.6754379272461,56.3678245544434,56.2955093383789,56.6108169555664,56.6990699768066,56.9405860900879,56.9036140441895,56.9048614501953,57.5196266174316,56.2901039123535,53.9407043457031,53.2604141235352,53.7098503112793,54.3157348632812,54.453441619873,54.6222457885742,54.7146606445312,55.1043853759766,55.9952926635742,57.0170745849609,58.6350555419922,60.2564086914062,62.6197242736816,67.1832504272461,73.2643585205078,81.0368499755859,88.1461791992188,99.5403137207031,87.7756042480469,80.3040313720703,93.0153274536133,103.358543395996,109.042068481445,110.704818725586,111.524360656738,109.719657897949,108.649879455566,108.334678649902,108.586654663086,111.373252868652,111.171417236328,103.377861022949,87.2857437133789,87.8538055419922,87.3369293212891,86.2648773193359,82.6137466430664,81.9311218261719,97.4046020507812,113.719886779785,117.572387695312,114.477973937988,81.2985305786133,75.6621475219727,75.238899230957,73.4576644897461,73.1092376708984,72.8351516723633,73.0608901977539,72.88525390625,72.1801376342773,75.8535461425781,72.9619445800781,69.0374374389648,64.8963317871094,64.9346771240234,64.2060852050781,108.059669494629,109.801300048828,102.263961791992,83.8504104614258,65.8463973999023,75.362060546875,67.1957473754883,62.0619659423828,59.7911643981934,58.3724555969238,58.2612190246582,58.1170501708984,57.5048027038574,57.0160179138184,56.0896034240723,55.0661087036133,54.3706321716309,53.1426620483398,52.273983001709,52.8882789611816
"140",46.7824821472168,46.9777488708496,47.6610946655273,49.300724029541,49.9133644104004,47.0806083679199,43.3019905090332,39.7524375915527,38.9152870178223,42.9870300292969,46.0559349060059,47.4622268676758,46.5811614990234,47.0612258911133,48.8378448486328,50.8179473876953,52.8574180603027,54.1836013793945,54.3173904418945,55.5008697509766,57.2519302368164,60.0756683349609,65.0008239746094,71.8489608764648,72.8317337036133,93.6515197753906,82.4538650512695,81.9881744384766,85.4238510131836,89.5791473388672,95.8152313232422,99.7223968505859,98.6615829467773,97.2338485717773,95.8513641357422,94.3472442626953,92.4418792724609,90.8830261230469,89.511116027832,88.0304412841797,87.9313888549805,90.5041961669922,93.620231628418,94.9910583496094,95.4927673339844,95.1925659179688,94.9356842041016,94.558349609375,93.8731307983398,93.0846099853516,92.4944229125977,92.1861114501953,92.624870300293,92.9477767944336,93.1655960083008,92.740852355957,91.958251953125,92.7234725952148,97.3140335083008,100.776664733887,105.065887451172,108.045135498047,109.877830505371,106.918190002441,107.399864196777,109.241661071777,116.558044433594,112.138084411621,123.944389343262,127.101936340332,133.194412231445,131.466949462891,131.95361328125,117.542602539062,112.000045776367,110.980888366699,100.875640869141,94.8311767578125,84.7432479858398,84.9740524291992,85.9481735229492,85.0273132324219,82.2389984130859,79.085563659668,74.0159912109375,69.0603866577148,66.9432754516602,59.8920516967773,49.1135520935059,46.8179359436035,61.0916366577148,60.7648658752441,51.3144264221191,53.9235305786133,60.1770439147949,61.4496955871582,61.9990425109863,62.2049522399902,62.4934844970703,63.203125,63.4567070007324,62.4794692993164,61.2100715637207,59.6155242919922,58.002986907959,57.0883674621582,56.6147232055664,56.250316619873,56.0654716491699,56.0043067932129,56.1914520263672,56.084041595459,56.0605163574219,56.9201240539551,56.4370956420898,54.3591499328613,53.7971725463867,54.073055267334,54.4618644714355,54.9280014038086,55.2794036865234,55.3998527526855,55.8227882385254,56.5716171264648,57.2864646911621,58.5140151977539,60.160228729248,62.8390884399414,67.5314483642578,72.5298919677734,79.3483581542969,86.9702682495117,94.6160583496094,97.7214050292969,86.9875564575195,82.173454284668,86.563835144043,99.2802581787109,100.609817504883,106.98316192627,107.908622741699,104.140968322754,106.143455505371,105.779815673828,105.743507385254,106.973289489746,110.632713317871,105.503982543945,106.785110473633,107.412925720215,92.3773040771484,83.4867477416992,82.8691101074219,104.530487060547,110.129058837891,112.160957336426,119.062599182129,101.084983825684,76.4844589233398,76.186149597168,76.8314666748047,73.0691986083984,70.556884765625,70.2191619873047,71.0630416870117,66.2566528320312,64.9111404418945,64.786491394043,64.0188827514648,65.8454895019531,67.2960662841797,66.7860870361328,94.93408203125,110.191864013672,98.3759765625,79.527099609375,64.4233932495117,72.9242401123047,66.7118911743164,62.2241821289062,59.9016380310059,58.3159523010254,58.0687713623047,57.8900032043457,57.3382148742676,56.7337532043457,55.8358955383301,54.8075180053711,54.1519165039062,53.0500831604004,52.1743469238281,51.6821250915527
"141.25",46.7975540161133,46.6634979248047,47.5055198669434,49.8666458129883,50.1233825683594,48.0998420715332,44.1260223388672,40.0893859863281,38.1997680664062,41.8424873352051,45.3064956665039,46.2793121337891,46.3240966796875,47.3148002624512,48.9033050537109,50.4989814758301,51.9953651428223,53.5611457824707,54.1294250488281,55.2862586975098,57.1956596374512,60.7222061157227,65.8572692871094,72.8095016479492,72.2351226806641,94.4893417358398,82.4798965454102,82.3323211669922,86.1375350952148,90.3434829711914,96.6242065429688,99.9189834594727,98.4274673461914,96.6895065307617,95.053352355957,93.3755187988281,91.3370742797852,89.722541809082,88.4886093139648,87.7239151000977,88.8779907226562,92.3895950317383,95.1189041137695,95.6080780029297,95.6732482910156,95.1404037475586,94.9800262451172,94.7445983886719,94.2468643188477,93.2996520996094,92.1874618530273,91.5234680175781,91.7794494628906,92.1970062255859,92.4078903198242,91.4068222045898,92.4548492431641,94.6585922241211,97.3905944824219,100.269081115723,106.323913574219,106.46216583252,113.55810546875,108.671417236328,109.26042175293,111.56135559082,113.350784301758,125.363288879395,126.679679870605,130.971801757812,130.508911132812,130.88069152832,130.302368164062,114.169731140137,123.288787841797,101.318267822266,102.567718505859,102.747222900391,98.0403747558594,94.3154525756836,97.0754928588867,99.7987060546875,86.9341812133789,80.082763671875,74.4046630859375,70.2784805297852,68.7413330078125,53.2533569335938,49.9950218200684,49.6037406921387,59.9695091247559,60.544849395752,51.6897392272949,58.429817199707,59.7245674133301,61.1669883728027,61.6996231079102,61.9598770141602,62.3346252441406,63.2950668334961,63.5089416503906,62.6350975036621,61.4369316101074,60.0161247253418,58.386604309082,57.6177711486816,57.2796249389648,56.7423896789551,56.1486625671387,55.8747100830078,55.7150802612305,55.6182975769043,55.6384544372559,56.1982078552246,55.7237586975098,54.1763954162598,54.1119918823242,54.4615287780762,54.6404075622559,55.0697402954102,55.548038482666,55.9067687988281,56.6955032348633,57.5404968261719,58.1271476745605,58.7000350952148,60.126220703125,62.8353538513184,67.1870727539062,71.9985427856445,78.1201324462891,85.5062561035156,93.7914428710938,98.1687088012695,99.3406448364258,101.094535827637,104.703262329102,95.4122619628906,87.9422378540039,104.731781005859,107.178779602051,93.2943649291992,97.3978652954102,98.7199249267578,102.716529846191,103.08585357666,106.681755065918,111.528770446777,115.681091308594,118.891014099121,96.5771636962891,84.7048721313477,87.4922866821289,108.804000854492,107.922256469727,109.335731506348,113.080055236816,115.995040893555,92.0646667480469,77.0271759033203,76.351318359375,70.8660354614258,69.7453384399414,70.9560699462891,68.0483474731445,62.5434112548828,68.2488098144531,66.9834594726562,59.3151054382324,65.4219436645508,67.5713500976562,61.9184188842773,69.1386566162109,98.3245010375977,90.28955078125,74.7517395019531,70.2153472900391,71.2525100708008,66.3669281005859,62.315731048584,60.0067901611328,58.2290916442871,57.8726577758789,57.6565971374512,57.1245079040527,56.4843864440918,55.6014175415039,54.5665588378906,53.9555892944336,52.9795875549316,52.0948181152344,51.2955627441406
"142.5",46.3620910644531,46.7258033752441,47.6987228393555,50.5604591369629,50.4859848022461,49.0431709289551,45.305233001709,40.7362861633301,37.6500434875488,40.6211738586426,44.6582679748535,45.5932312011719,46.1143569946289,47.3345222473145,48.925651550293,50.2822608947754,51.3865547180176,53.0051116943359,53.9673347473145,55.036865234375,56.9743995666504,60.7370338439941,67.2413787841797,73.3149795532227,71.0599212646484,94.5550765991211,82.304069519043,82.6517028808594,86.8383255004883,91.6568832397461,97.4501190185547,99.7564926147461,97.9725799560547,95.9459762573242,94.025749206543,92.2325820922852,90.2802963256836,88.9614028930664,88.488899230957,88.9865493774414,91.2995529174805,94.0482788085938,95.3021545410156,95.2512893676758,94.8454055786133,94.6572952270508,94.8935928344727,94.9453811645508,94.5338516235352,93.3706817626953,91.8443069458008,91.1128921508789,91.0751571655273,91.5593948364258,92.125602722168,91.05712890625,89.635368347168,92.6916427612305,96.5094223022461,100.525360107422,103.069915771484,106.386344909668,111.893417358398,116.35920715332,112.767333984375,123.263938903809,123.973159790039,121.540191650391,128.254013061523,131.331497192383,127.748046875,123.739433288574,125.96907043457,114.476539611816,118.121292114258,112.756652832031,110.999534606934,107.218955993652,105.188232421875,98.2866592407227,99.318733215332,99.4667205810547,91.0974044799805,89.5004043579102,82.2360610961914,76.6697082519531,62.0666885375977,52.536750793457,54.9970054626465,57.1100845336914,57.6907653808594,58.3697204589844,54.6529922485352,60.4561004638672,59.7034530639648,60.8950729370117,61.6859130859375,61.971435546875,62.496639251709,63.3034896850586,63.6827278137207,63.001049041748,61.8589744567871,60.5446701049805,58.9403266906738,58.0990943908691,57.677906036377,57.145092010498,56.3564453125,55.9648551940918,55.5341415405273,55.3273391723633,55.2866249084473,55.7565460205078,55.0862884521484,53.8973846435547,53.7565422058105,54.0798416137695,54.329719543457,54.9096412658691,55.5367469787598,56.1987266540527,57.0808563232422,58.302318572998,58.9725227355957,59.380615234375,60.7945709228516,63.0131225585938,66.6571655273438,71.3630447387695,77.3232803344727,83.9884033203125,92.2317886352539,97.7799377441406,103.248405456543,107.681396484375,112.046195983887,111.668327331543,108.128158569336,108.455810546875,107.445137023926,86.5237274169922,86.6532974243164,95.6716156005859,101.402160644531,98.364128112793,94.5531768798828,96.7705764770508,98.9940338134766,100.817878723145,91.3165512084961,86.8523254394531,89.5258941650391,106.146087646484,105.910850524902,107.217727661133,109.751991271973,114.179664611816,111.62744140625,81.4904708862305,75.0292053222656,69.913459777832,70.2634963989258,70.4061660766602,70.6574325561523,66.0075454711914,61.5485496520996,64.5778884887695,64.2535781860352,66.8381881713867,65.3268661499023,61.0891304016113,60.9254837036133,63.2269706726074,77.4186019897461,70.2874221801758,71.3271179199219,70.5237884521484,65.9764175415039,62.0884552001953,59.7367210388184,57.5918197631836,57.0439834594727,56.9974632263184,56.8185195922852,56.2916793823242,55.4874000549316,54.5804824829102,53.9560775756836,52.9769058227539,52.0975952148438,51.2955627441406
"143.75",46.5614852905273,46.6050453186035,48.0142402648926,51.0674781799316,50.8716659545898,49.8624954223633,46.4518203735352,41.8564071655273,37.3210754394531,39.6446228027344,43.9146919250488,45.1411514282227,45.9129867553711,47.573902130127,48.9868965148926,50.0827941894531,50.8885078430176,52.5104179382324,53.8161582946777,54.5957260131836,56.2424049377441,60.6501770019531,67.8936767578125,73.125602722168,69.8545684814453,93.3952407836914,81.7178344726562,82.9699172973633,87.5957183837891,93.2108993530273,98.2575378417969,99.3726196289062,97.2739562988281,94.9512023925781,92.8289413452148,91.0495147705078,89.3276519775391,88.6523818969727,89.0293731689453,90.2577056884766,92.7023010253906,94.3422622680664,94.5923385620117,94.1556015014648,94.0489959716797,94.3460998535156,94.8404541015625,94.9964752197266,94.5296478271484,93.6030807495117,92.8251266479492,92.0157775878906,91.0157012939453,90.7510147094727,91.5766448974609,89.6367263793945,89.8391571044922,91.0185317993164,94.6783599853516,98.4384078979492,101.650550842285,101.657707214355,107.716163635254,110.524528503418,114.954315185547,118.271995544434,120.816375732422,119.411926269531,119.563674926758,118.610282897949,121.456878662109,118.918304443359,111.872215270996,114.656257629395,110.219711303711,110.470123291016,116.652046203613,104.668342590332,103.36368560791,104.085639953613,95.1793670654297,82.6770401000977,78.5580978393555,74.8105163574219,69.9781799316406,65.233642578125,62.1531562805176,58.499698638916,64.4152374267578,64.6103744506836,57.0265045166016,52.9403343200684,59.4114990234375,59.760009765625,59.9999198913574,60.9100914001465,61.6924362182617,62.1550178527832,62.8932800292969,63.5762252807617,63.826976776123,63.3560600280762,62.3169975280762,61.1767578125,59.7261047363281,58.5333023071289,57.8464851379395,57.3602981567383,56.7029075622559,56.2174873352051,55.5781707763672,55.223217010498,55.3170051574707,56.0288467407227,55.0797882080078,53.8914031982422,53.4305381774902,53.7808380126953,54.2701797485352,54.9442405700684,55.6457290649414,56.3240623474121,57.3310089111328,58.7878761291504,59.8740730285645,60.3768081665039,61.627067565918,63.5595855712891,66.4709396362305,70.9035339355469,76.7191390991211,82.4876251220703,89.3580932617188,95.3112564086914,100.734489440918,105.697341918945,109.917068481445,113.32243347168,113.097183227539,109.74437713623,110.382781982422,98.7526397705078,90.5031814575195,101.348724365234,98.5246658325195,96.0294876098633,94.2628860473633,95.6826477050781,98.2125473022461,101.327178955078,102.664604187012,102.746879577637,101.944732666016,104.477210998535,104.019584655762,104.970809936523,107.314811706543,111.318023681641,118.253486633301,83.7423400878906,75.8615951538086,68.6206436157227,60.8398780822754,60.2170639038086,58.2497444152832,56.2647323608398,64.4360580444336,63.6174774169922,63.3389778137207,66.3454360961914,63.9103698730469,60.4322891235352,59.8186721801758,74.0725021362305,73.9212265014648,66.5602188110352,71.3842697143555,69.7019729614258,65.3313064575195,61.768684387207,59.4632263183594,57.3762435913086,56.8108940124512,56.8385887145996,56.637264251709,56.075439453125,55.0289649963379,54.580451965332,53.854076385498,52.9724273681641,52.1003265380859,51.2955627441406
"145",46.7199058532715,47.0038146972656,48.1045989990234,51.563907623291,51.1744613647461,50.6853179931641,47.5160598754883,43.1991920471191,37.6509590148926,38.9718284606934,43.3499145507812,44.9347915649414,45.9963340759277,47.7308082580566,49.2991600036621,50.0457496643066,50.6525688171387,52.3274955749512,53.3559913635254,53.7704315185547,55.1790771484375,60.467945098877,68.5095672607422,72.7707672119141,68.434440612793,89.330436706543,80.5698089599609,83.3192825317383,88.4739151000977,94.9666442871094,98.9040908813477,98.8839416503906,96.3680877685547,93.8348388671875,91.5894775390625,89.9436798095703,88.56884765625,88.2449951171875,89.1002502441406,90.9164505004883,93.2479248046875,94.2309112548828,94.0273513793945,93.5718688964844,93.9426574707031,94.5527420043945,95.105339050293,95.1506652832031,94.5656356811523,94.2678451538086,95.5764465332031,93.9063262939453,91.4523468017578,91.8925399780273,91.2434768676758,90.7666625976562,86.9638748168945,90.7538528442383,91.0245971679688,93.9873046875,98.1681289672852,100.954231262207,106.873474121094,113.542236328125,115.23078918457,117.839561462402,118.612144470215,119.705795288086,118.762763977051,120.40803527832,118.320274353027,119.563095092773,109.169204711914,105.704429626465,110.509811401367,108.309921264648,99.615348815918,98.1872024536133,92.8523712158203,98.3472595214844,92.1928787231445,79.2370529174805,75.6219787597656,71.8049240112305,67.3621292114258,64.2962265014648,62.1234359741211,60.5842819213867,68.0988235473633,67.8709869384766,56.7915306091309,56.6998062133789,59.716625213623,59.7874298095703,60.4869995117188,61.3272590637207,62.2659645080566,62.5463066101074,63.0034790039062,63.4523429870605,63.7558670043945,63.1474151611328,62.423885345459,61.2753639221191,60.0026969909668,58.8053283691406,57.8347816467285,57.3247756958008,56.9400787353516,56.6875801086426,56.2619552612305,55.8368682861328,56.0782585144043,56.7017478942871,55.3126220703125,54.1360740661621,53.6140785217285,53.8475303649902,54.3932991027832,55.0596694946289,55.7481575012207,56.6160049438477,57.6972770690918,59.3652534484863,60.968189239502,61.9643974304199,62.7894897460938,64.1044006347656,66.9147033691406,71.1752548217773,76.5144805908203,81.1489334106445,85.8651580810547,90.8885116577148,96.1070022583008,101.760353088379,106.017036437988,109.314674377441,109.863220214844,108.956970214844,108.29997253418,107.530624389648,93.3698654174805,97.9953765869141,95.6641464233398,95.3731002807617,96.0848007202148,97.5492172241211,99.9904861450195,102.839904785156,104.961669921875,105.751808166504,104.828979492188,102.956748962402,102.483001708984,102.930145263672,105.363868713379,109.330993652344,116.251899719238,81.9772109985352,74.063850402832,69.397834777832,61.5510749816895,61.4556083679199,58.2033462524414,56.5020637512207,58.7969398498535,63.0814971923828,63.4834403991699,65.3689422607422,63.7165031433105,60.2957153320312,65.9624786376953,76.2516860961914,72.6769866943359,64.5895690917969,71.8936767578125,69.5253067016602,64.9657287597656,61.4421844482422,59.1990165710449,57.1400985717773,56.2585144042969,56.161678314209,56.1809349060059,55.7860374450684,55.0315933227539,54.532169342041,53.2921524047852,52.9771347045898,52.1034507751465,51.2955627441406
"146.25",46.7221031188965,46.7034645080566,48.2339172363281,52.0680503845215,51.3272323608398,51.2348289489746,48.6371688842773,44.7054405212402,38.4136352539062,38.3609428405762,42.8151512145996,44.9223442077637,46.2723922729492,48.3277320861816,49.6389274597168,49.9136543273926,50.8704032897949,52.8986511230469,53.4776191711426,53.7085151672363,53.9877815246582,58.4721870422363,67.3302688598633,70.9528884887695,74.0943374633789,81.319580078125,79.5669403076172,83.7255477905273,89.4176788330078,96.3547058105469,99.2883224487305,98.0085601806641,94.9782257080078,92.496208190918,90.3645324707031,88.9956588745117,88.4031219482422,88.8510665893555,90.8114547729492,93.3144683837891,94.7448654174805,94.6861038208008,94.0244750976562,93.5249938964844,94.2812728881836,95.1019439697266,95.633903503418,95.5818252563477,94.9666213989258,94.8478851318359,90.9912796020508,87.0530090332031,91.5197372436523,91.9485702514648,90.570556640625,88.9051513671875,87.1113586425781,87.6073989868164,91.8955535888672,90.8460311889648,97.4413452148438,100.218040466309,105.973503112793,109.225257873535,115.814895629883,120.102752685547,111.259124755859,115.211250305176,114.406799316406,116.276527404785,113.622421264648,104.672714233398,102.642845153809,103.834533691406,97.401008605957,90.4932174682617,85.3642654418945,90.2939224243164,86.8645935058594,83.6086044311523,80.5064926147461,78.2799911499023,74.9564590454102,70.8890914916992,66.6662216186523,65.4411087036133,69.7372894287109,60.3852958679199,67.2394027709961,64.1870651245117,67.9435424804688,60.4361724853516,59.7785339355469,59.9800338745117,60.9589309692383,62.1280059814453,63.0680198669434,63.2413558959961,63.4122047424316,63.4322967529297,63.5220375061035,62.9975814819336,62.3448867797852,61.3686981201172,60.1701431274414,59.0111770629883,57.9748954772949,57.3658065795898,57.3631172180176,57.4766044616699,57.273796081543,56.7574462890625,56.7394218444824,57.1926536560059,55.8706741333008,54.7051773071289,54.1746978759766,54.2501983642578,54.7526512145996,55.4411697387695,56.084644317627,57.1032638549805,58.3737869262695,60.0548324584961,62.0832595825195,63.3335914611816,64.0679550170898,65.2306289672852,67.6543579101562,71.6845932006836,76.7193145751953,80.9171752929688,84.7780685424805,88.9083862304688,93.1547470092773,98.2475204467773,102.40657043457,105.556694030762,106.651351928711,106.784080505371,105.473785400391,103.151786804199,96.3442459106445,94.8895721435547,94.0360870361328,94.8435211181641,95.8379898071289,97.0261917114258,98.4953842163086,100.659019470215,102.953498840332,103.831230163574,103.007637023926,101.633888244629,101.52857208252,101.75910949707,103.675094604492,107.131340026855,114.526901245117,80.8622817993164,74.8133010864258,64.5534362792969,63.3614883422852,61.1349105834961,58.6345443725586,58.9533805847168,59.0599098205566,60.2368507385254,62.5443954467773,64.9341430664062,63.1544876098633,60.8438301086426,64.7810134887695,75.339973449707,71.1479263305664,63.3468818664551,72.0927124023438,69.2185363769531,64.5836181640625,61.0565376281738,58.6379203796387,56.4069175720215,55.8074951171875,55.9895248413086,56.0667762756348,55.3738594055176,54.6164627075195,54.3895988464355,53.2195281982422,53.1362228393555,52.1069984436035,51.2955627441406
"147.5",46.8660888671875,46.5623016357422,48.721492767334,52.5067329406738,51.3004684448242,51.5833358764648,49.4133262634277,46.2619819641113,39.4902992248535,38.5349540710449,42.4113235473633,45.0148849487305,46.83837890625,48.7886772155762,50.2107467651367,50.669506072998,51.9685173034668,54.1369247436523,54.9744148254395,54.2277679443359,54.7716827392578,55.7843055725098,63.2352294921875,64.2432174682617,83.4138031005859,79.7530364990234,79.3281860351562,84.3570709228516,90.1419906616211,96.8743896484375,99.0589447021484,96.9691314697266,93.6824264526367,91.4074172973633,89.6983795166016,89.0753402709961,90.4928207397461,93.1658630371094,95.2472076416016,96.2732238769531,95.9373931884766,94.9641036987305,93.9902648925781,93.6028366088867,94.5535507202148,95.313117980957,95.8744583129883,96.1744079589844,96.038948059082,96.5591278076172,94.6340713500977,91.9264221191406,94.1623306274414,92.8301620483398,90.5396194458008,91.4889221191406,88.8088760375977,87.5760803222656,87.0324325561523,90.9742660522461,89.9328536987305,96.244873046875,96.1670455932617,104.106163024902,109.955039978027,111.199905395508,108.945053100586,106.507713317871,106.765747070312,101.676048278809,106.674926757812,105.284088134766,103.981216430664,101.59366607666,97.5981750488281,89.7027435302734,85.2059020996094,84.7698822021484,83.9203720092773,82.6744842529297,80.8628997802734,78.2301864624023,74.6264114379883,69.9423065185547,66.4870300292969,64.722038269043,63.5249290466309,63.9799156188965,70.0615386962891,56.1898231506348,61.3981971740723,59.6926727294922,59.8083457946777,60.3460426330566,61.3845481872559,62.8286514282227,63.7988586425781,63.9416007995605,63.8377876281738,63.4487648010254,63.1268501281738,62.5608177185059,62.2432479858398,61.773136138916,60.7151870727539,59.5967254638672,58.6439247131348,57.8989791870117,57.796085357666,58.1569671630859,57.8732376098633,57.1552276611328,56.9014167785645,57.2158432006836,56.2876586914062,55.3986854553223,54.996036529541,55.0282669067383,55.2690467834473,56.044132232666,56.6734580993652,57.7839279174805,59.0941772460938,61.0250129699707,62.8884735107422,64.4066009521484,65.2727127075195,66.7592468261719,68.8403930664062,72.0342330932617,76.9498977661133,81.1349639892578,84.6455001831055,88.7728271484375,92.4150314331055,96.6375274658203,100.619384765625,103.479469299316,104.741859436035,104.781272888184,102.405136108398,98.8323211669922,92.0097732543945,89.7525634765625,92.3005218505859,93.8863143920898,95.1042175292969,96.401725769043,97.7619781494141,99.6125869750977,101.732040405273,102.44864654541,101.895980834961,100.68204498291,100.773445129395,100.963676452637,102.422737121582,104.865356445312,112.379890441895,80.161018371582,73.6298065185547,64.1988754272461,62.8823661804199,61.1302680969238,59.4687614440918,60.4242210388184,59.315544128418,62.5032348632812,65.7409515380859,66.5152969360352,63.8689765930176,60.8112945556641,61.8044738769531,74.2993927001953,70.3795318603516,62.7750854492188,71.6830749511719,68.6388320922852,63.9101524353027,60.0636672973633,58.0672149658203,56.2238960266113,55.6389465332031,55.6177558898926,55.5782012939453,55.2305145263672,54.5297966003418,54.020694732666,53.2104301452637,53.242847442627,52.1027450561523,51.2955627441406
"148.75",46.7217445373535,46.8937835693359,49.0468673706055,52.5167770385742,51.4814186096191,51.778636932373,50.1040534973145,47.8428115844727,41.3019142150879,38.278938293457,41.8777694702148,45.258472442627,47.6565818786621,49.5774116516113,50.6311950683594,51.4154357910156,53.2306900024414,55.85009765625,56.8131713867188,56.3227233886719,57.2787742614746,56.2689437866211,60.1838302612305,65.2749176025391,84.4776382446289,78.4659576416016,79.7307510375977,85.1078720092773,90.4638442993164,96.7773742675781,98.5195999145508,96.1271362304688,92.9378967285156,90.8049087524414,89.9479751586914,91.2520217895508,95.1058807373047,98.2232513427734,98.669792175293,97.7027282714844,96.2273101806641,94.7605743408203,93.8584442138672,93.6822357177734,94.7799987792969,95.4435195922852,95.8656158447266,96.4918518066406,97.079948425293,97.8671493530273,100.216995239258,99.9490585327148,96.9745025634766,94.5971374511719,93.398063659668,94.9303359985352,87.3568801879883,86.3394546508789,84.5081253051758,86.1481857299805,86.8965301513672,88.2640686035156,96.1856155395508,101.527778625488,102.096412658691,102.970443725586,100.885841369629,105.54515838623,109.136291503906,97.3836288452148,103.879173278809,101.243965148926,100.886199951172,101.317176818848,90.8602447509766,85.309455871582,85.2178649902344,84.8088836669922,84.0911331176758,82.9114837646484,80.9086532592773,78.0647354125977,73.9481506347656,68.9828720092773,67.9957046508789,59.8228073120117,64.8528366088867,67.918571472168,61.3459053039551,54.4145469665527,60.7092437744141,60.2354965209961,60.0475692749023,60.56591796875,62.0250015258789,63.380916595459,64.2622604370117,64.4503707885742,64.3423461914062,63.7500305175781,63.0707130432129,62.5769309997559,62.5758934020996,62.4190368652344,61.4885749816895,60.3428230285645,59.3569374084473,58.6771354675293,58.5966300964355,58.4296264648438,58.0565223693848,57.1888236999512,56.6852264404297,56.7844924926758,56.1133918762207,55.5183944702148,55.2760696411133,55.2089920043945,55.4554862976074,56.2994537353516,57.1609230041504,58.3601837158203,59.8804244995117,61.7518424987793,63.814037322998,65.6343765258789,66.9730072021484,68.4752197265625,70.030647277832,72.5136795043945,77.0099868774414,81.5133285522461,84.6158294677734,88.4122619628906,92.2409515380859,95.7978820800781,99.1640014648438,101.796722412109,103.138381958008,103.197761535645,100.059234619141,96.5429077148438,91.2368316650391,87.8339462280273,89.9063873291016,92.7980422973633,94.2063140869141,95.7252578735352,97.1951217651367,98.8878707885742,100.611061096191,101.293510437012,100.72981262207,99.8584671020508,100.304176330566,100.592384338379,101.325294494629,103.242240905762,110.844772338867,78.1800384521484,72.240966796875,64.3228530883789,62.1743507385254,62.1241989135742,61.330509185791,64.5866012573242,60.0223731994629,65.1735153198242,67.7658233642578,67.3268737792969,64.4099502563477,61.9994659423828,63.9363136291504,73.1438980102539,70.348518371582,63.6792259216309,70.7216110229492,67.4659194946289,62.5222625732422,59.3089179992676,57.7006416320801,56.0088920593262,55.010124206543,55.272087097168,55.4808692932129,55.0702285766602,54.7476692199707,54.0609588623047,53.6552696228027,53.2600555419922,52.1956748962402,51.2955627441406
"150",46.7822341918945,46.754451751709,49.1568069458008,53.3302726745605,51.6547889709473,51.9103889465332,50.5917549133301,49.0818061828613,43.5553970336914,38.2668228149414,41.6259536743164,45.5753936767578,48.7237205505371,50.1609687805176,51.2830352783203,52.3629989624023,54.8776626586914,57.0570907592773,58.6276817321777,59.6599159240723,60.3733329772949,58.9587135314941,60.1159019470215,76.8272933959961,79.9050750732422,78.4420318603516,80.7563858032227,85.7594604492188,90.7937850952148,96.3993301391602,97.9480590820312,95.7608261108398,92.954948425293,91.0823059082031,91.1953659057617,93.9662475585938,97.9666061401367,99.9097595214844,99.1656875610352,97.4184265136719,95.7421417236328,94.357177734375,93.8366622924805,93.9291381835938,94.8859176635742,95.3686828613281,95.4619216918945,95.9145431518555,96.8583984375,97.3972549438477,97.5502090454102,97.5938034057617,97.1950759887695,96.4597549438477,95.8816909790039,95.2583084106445,92.8530120849609,93.3602676391602,91.0119247436523,84.5231628417969,85.3656539916992,88.1347885131836,87.2451705932617,87.8162155151367,93.4306945800781,93.8566665649414,93.9283752441406,100.768447875977,104.123275756836,94.8688735961914,94.2048416137695,96.6675491333008,91.9609603881836,101.315536499023,85.5321578979492,86.1754608154297,86.1020126342773,85.7900314331055,84.8160400390625,83.3847808837891,80.9124984741211,77.73291015625,73.0638732910156,68.3406524658203,68.4461364746094,61.8318138122559,60.1755142211914,56.5074005126953,54.6630439758301,50.6332893371582,59.479621887207,61.4380149841309,60.6629104614258,61.2079887390137,62.1660194396973,63.5032043457031,64.2040405273438,64.2465515136719,64.3905639648438,64.3490905761719,63.9137916564941,63.5892906188965,63.4801445007324,63.0053672790527,62.0249404907227,61.0102424621582,60.1383514404297,59.5485305786133,59.1486434936523,58.4875106811523,57.7802352905273,56.8581008911133,56.4092559814453,56.393367767334,55.7164268493652,55.4612503051758,55.4639205932617,55.4429473876953,55.5254898071289,56.1084747314453,57.2460403442383,58.6953163146973,60.472526550293,62.5286560058594,64.7578582763672,66.9648361206055,68.5381927490234,69.771598815918,71.0773086547852,73.1838912963867,76.7666244506836,81.3944244384766,84.4686584472656,87.8417663574219,91.8442916870117,95.1001052856445,97.6457443237305,99.9136276245117,101.11457824707,101.084358215332,98.1971969604492,95.0269622802734,90.8176193237305,88.4098892211914,87.6499099731445,91.7369995117188,93.080940246582,94.7271881103516,96.3822402954102,98.1978912353516,99.6320724487305,100.206047058105,99.9369125366211,99.3936614990234,100.065269470215,100.195625305176,100.373176574707,102.089332580566,109.636558532715,77.3236236572266,72.515739440918,67.9393844604492,67.2351531982422,66.9694976806641,68.0768203735352,68.4367065429688,60.928596496582,66.8348236083984,67.6220703125,65.9114303588867,62.9622917175293,64.8254241943359,64.3603897094727,72.1310653686523,70.9024353027344,67.9878311157227,69.3502426147461,66.0481719970703,61.4966850280762,58.5990867614746,57.2146644592285,55.4097709655762,54.8085136413574,55.0983810424805,54.9178314208984,55.0225639343262,55.2762641906738,54.6175003051758,54.1406059265137,53.2390937805176,52.2951126098633,51.2955627441406
"151.25",46.7645263671875,46.7460899353027,49.4774513244629,53.3030738830566,52.230770111084,51.9713287353516,51.3929672241211,50.4427490234375,45.99365234375,38.9741630554199,41.1430282592773,46.0376586914062,50.1664581298828,51.2388572692871,51.851806640625,53.2553482055664,55.6707153320312,58.0687408447266,59.5972175598145,62.2143592834473,63.3262100219727,63.171257019043,60.4883346557617,80.2753829956055,79.9335632324219,79.3404998779297,81.9546661376953,86.3120269775391,91.0936737060547,96.0264587402344,97.5913314819336,95.8773803710938,93.4929275512695,92.0276107788086,92.4512252807617,95.0060958862305,98.1020736694336,98.8550338745117,97.7612075805664,96.2328720092773,94.9261932373047,94.092887878418,94.0422134399414,94.2362365722656,94.8887100219727,95.1633987426758,95.0133361816406,95.2278900146484,95.9500885009766,96.5095672607422,96.7984924316406,97.0987167358398,96.9914321899414,96.4665679931641,96.2619247436523,96.0666351318359,96.3884582519531,96.7851333618164,95.8576049804688,92.4580688476562,92.7284088134766,83.9428176879883,85.1117095947266,86.7651062011719,87.6005172729492,86.4687042236328,88.8689422607422,90.157356262207,90.3717269897461,90.8509826660156,89.362190246582,89.5086288452148,86.4569549560547,94.9860916137695,87.146598815918,87.2876052856445,86.9614868164062,86.2734756469727,84.9093475341797,83.3251495361328,80.5224685668945,76.7636108398438,71.5964889526367,67.6731338500977,66.1614761352539,61.9971694946289,57.7261505126953,55.5295372009277,53.830680847168,51.8360404968262,54.9023513793945,60.2334175109863,61.264575958252,61.8575325012207,62.4834175109863,63.2763862609863,63.7826118469238,64.2500686645508,64.4576416015625,64.7917098999023,64.7829666137695,64.3046340942383,63.7511177062988,63.2782974243164,62.5598526000977,61.684700012207,60.6728477478027,59.895133972168,59.5081443786621,58.7665061950684,57.8047943115234,56.9797058105469,56.5662231445312,56.1197052001953,55.423698425293,55.3911972045898,55.7911033630371,55.6614799499512,55.5940704345703,56.2288856506348,57.3865509033203,59.0841903686523,60.9405059814453,63.1258583068848,65.1235275268555,67.5206146240234,69.4208221435547,70.5693664550781,71.8986587524414,73.6898727416992,76.5354919433594,80.5735626220703,84.0559387207031,87.2712173461914,91.291618347168,94.5746231079102,96.3873901367188,97.954948425293,98.4276885986328,98.7611236572266,96.6905364990234,94.647346496582,90.9109725952148,89.3980407714844,89.3234634399414,90.8093032836914,91.7661514282227,93.4784851074219,95.4477386474609,97.4521713256836,98.8342208862305,99.4029312133789,99.2902145385742,99.2375869750977,100.012763977051,99.907470703125,99.6797561645508,101.455665588379,109.368675231934,77.8324813842773,71.4708404541016,66.5327301025391,65.1488037109375,66.4119262695312,66.2108001708984,59.0658569335938,61.7834930419922,65.8086242675781,68.0808639526367,64.8080596923828,61.8034820556641,64.9197082519531,68.1361312866211,72.3078155517578,71.9905853271484,69.4335250854492,67.9080123901367,64.8832244873047,60.5131874084473,57.6301040649414,55.856372833252,55.1230506896973,54.6114883422852,54.5104217529297,54.7639083862305,54.9372138977051,55.0978584289551,55.0398178100586,54.1241340637207,53.2465667724609,52.3673896789551,51.2955627441406
"152.5",46.7994499206543,46.850471496582,49.5587959289551,53.761043548584,52.5657196044922,51.9857063293457,51.6715126037598,51.1545906066895,48.512622833252,40.1582908630371,41.0876541137695,46.528694152832,52.0330505371094,52.106689453125,52.5845794677734,53.6980895996094,56.2781448364258,58.4540405273438,59.954662322998,63.992374420166,66.8390274047852,67.6304092407227,63.3845329284668,78.548957824707,79.6766357421875,80.3069458007812,82.8565673828125,86.745979309082,91.150749206543,95.6213455200195,97.4318695068359,96.2219390869141,94.0977554321289,93.0647354125977,93.4066772460938,95.0647277832031,96.9427108764648,97.0506057739258,96.0816650390625,95.0841522216797,94.4958114624023,94.209587097168,94.3400039672852,94.4560241699219,94.9680480957031,94.9459609985352,94.5624084472656,94.5295562744141,94.9209213256836,95.1202621459961,95.3044052124023,95.6616058349609,95.7236175537109,95.2275161743164,94.9476165771484,94.9824371337891,95.3267440795898,95.9741439819336,95.1498413085938,94.3877182006836,93.6645126342773,91.0247955322266,92.2622451782227,84.9580154418945,84.9318923950195,84.4003829956055,82.3832778930664,79.3382415771484,80.9716567993164,86.943717956543,88.0933074951172,88.1228942871094,87.2479782104492,86.0235443115234,88.9927139282227,88.5216064453125,87.7391204833984,86.4880752563477,84.8701858520508,82.9407958984375,80.0718460083008,75.814208984375,70.3706436157227,66.5015182495117,63.1219863891602,60.0227508544922,57.5126914978027,55.8252754211426,54.4741516113281,53.9353523254395,57.0591278076172,61.1871147155762,61.5703163146973,62.146125793457,63.0449676513672,63.7884254455566,64.0340576171875,64.3716278076172,64.4557342529297,64.9520416259766,65.0452575683594,64.6646118164062,64.0918273925781,63.5330543518066,62.8790588378906,61.751838684082,60.5582046508789,59.5497856140137,59.1659317016602,58.8937683105469,58.0281257629395,57.0488891601562,56.4565658569336,55.9648780822754,55.1399383544922,55.1733436584473,55.8281517028809,56.2053031921387,56.5147438049316,57.1605110168457,57.9536056518555,59.4413948059082,61.2086753845215,63.2258262634277,65.3125915527344,67.7903823852539,69.7517852783203,71.0389556884766,72.5089645385742,74.0932388305664,76.4510650634766,79.9847106933594,83.4569931030273,86.9126510620117,90.7496948242188,94.2954940795898,95.5466384887695,96.417594909668,96.1684722900391,96.4747772216797,95.3462219238281,94.5501556396484,91.5980834960938,90.2851867675781,89.5355911254883,89.6392288208008,89.1381988525391,91.9577331542969,94.35693359375,96.4220809936523,97.8478851318359,98.5949478149414,98.8814926147461,99.2822952270508,100.07600402832,100.055786132812,99.8719100952148,101.307640075684,108.717208862305,78.3955307006836,69.228385925293,64.372673034668,62.1734352111816,64.483772277832,65.5711441040039,65.0655136108398,63.7124824523926,64.356575012207,66.0389785766602,63.6870384216309,60.2706336975098,66.0855712890625,71.3222961425781,73.9505462646484,73.6553192138672,71.1933517456055,67.6496124267578,63.927604675293,59.3948516845703,56.4411163330078,55.419361114502,54.8380661010742,54.0914688110352,54.362850189209,54.3283500671387,54.8746147155762,54.2935943603516,54.9063110351562,54.053897857666,53.2401885986328,52.4204750061035,51.2955627441406
"153.75",46.5410194396973,46.862190246582,49.7865867614746,54.0651245117188,52.7547225952148,52.0446472167969,51.8752136230469,52.5193367004395,50.8414878845215,41.753173828125,40.8045921325684,47.4918441772461,53.8614540100098,53.5030288696289,53.4425659179688,55.0378837585449,56.2585334777832,57.7502021789551,60.6489143371582,64.6139984130859,69.7045516967773,70.3194122314453,66.1078109741211,77.1854400634766,79.2794799804688,80.9455337524414,83.4431076049805,87.0896224975586,90.952880859375,94.962158203125,97.2407608032227,96.695671081543,94.7463989257812,94.0414733886719,94.4525985717773,95.4730682373047,96.2783660888672,96.1432571411133,95.5563201904297,94.8848876953125,94.6721267700195,94.6216506958008,94.6377639770508,94.5536575317383,94.7943878173828,94.6974029541016,94.2222137451172,94.0266571044922,94.06591796875,94.0047378540039,94.1634292602539,94.4422836303711,94.64111328125,94.3899154663086,93.8508224487305,93.720329284668,94.5011596679688,96.0042190551758,96.4444732666016,96.3214569091797,95.6203155517578,94.2941513061523,94.794921875,93.5788269042969,94.0949172973633,92.584716796875,88.6323089599609,86.1658172607422,86.4703521728516,88.9879302978516,90.1135177612305,91.0769577026367,91.4287719726562,91.1060943603516,90.4388961791992,89.3715438842773,88.0523147583008,86.4988861083984,84.7006454467773,82.5803146362305,79.3745880126953,74.8787460327148,69.5601501464844,65.5842895507812,62.2383079528809,59.5714149475098,57.8006210327148,56.193042755127,55.796257019043,55.3384590148926,58.9617309570312,61.873104095459,61.6833343505859,62.4345855712891,63.4006996154785,64.4782104492188,64.6543426513672,64.5483703613281,64.3329467773438,64.7911834716797,64.9738845825195,64.700080871582,64.1171875,63.5127830505371,62.8510475158691,61.5309753417969,60.0978088378906,59.1507835388184,58.8083000183105,58.7835388183594,58.0488471984863,56.8900909423828,56.2715034484863,55.9665718078613,55.3454551696777,55.2633743286133,55.8276443481445,56.7103385925293,57.6220550537109,58.1832237243652,58.6139297485352,59.7526473999023,61.2949256896973,63.3654670715332,65.5506134033203,67.8363723754883,69.8804550170898,71.3183364868164,72.5865173339844,74.1336898803711,76.4461898803711,79.6071090698242,82.7221908569336,86.6448516845703,90.4703598022461,93.8529739379883,94.8869400024414,95.332389831543,94.5968780517578,94.783073425293,93.9107360839844,93.895751953125,92.0817947387695,91.2365036010742,89.8706665039062,88.9655151367188,86.0673675537109,89.9958572387695,93.2413787841797,95.3412017822266,96.700569152832,97.6331481933594,98.6916198730469,100.002159118652,100.812797546387,100.828819274902,100.274589538574,100.950256347656,105.750160217285,81.586799621582,71.3575210571289,67.4461212158203,63.7663879394531,62.1405410766602,64.7224655151367,67.5119400024414,64.9209899902344,64.2318267822266,64.8200912475586,63.0510101318359,59.3461418151855,67.2463455200195,74.1721420288086,75.933708190918,74.7168884277344,72.0238800048828,67.5546112060547,63.3265762329102,58.1154403686523,56.0446548461914,55.020580291748,54.1139793395996,53.8905220031738,53.908390045166,54.2119140625,54.8212776184082,54.0849990844727,54.2309951782227,53.9190635681152,53.2417068481445,52.4563827514648,51.2955627441406
"155",46.7411041259766,47.1940383911133,50.1087074279785,54.503719329834,52.7905731201172,52.66162109375,52.0521507263184,53.0975608825684,53.2274780273438,43.9899291992188,41.0716667175293,49.5542297363281,56.0103187561035,55.1977691650391,55.1318054199219,54.9062232971191,55.9810829162598,57.4984588623047,59.2518692016602,64.4977569580078,69.8461074829102,71.6037826538086,68.2189788818359,76.8536987304688,78.3400268554688,81.4045944213867,83.6184768676758,87.3465270996094,90.5359268188477,94.0232696533203,96.9313430786133,97.1274032592773,95.3327331542969,94.7574234008789,95.4988555908203,96.3898773193359,96.4867935180664,96.1224822998047,95.697998046875,95.0846328735352,95.0001525878906,94.9403076171875,94.7954940795898,94.5934600830078,94.7204437255859,94.5448684692383,94.1155166625977,93.7891998291016,93.5876083374023,93.3618850708008,93.4757919311523,93.776237487793,94.0246047973633,94.0913619995117,93.6164474487305,93.4540100097656,93.9799652099609,95.3006973266602,96.2665405273438,96.5455169677734,96.1241760253906,95.0648956298828,93.7449493408203,92.2225112915039,90.8422393798828,89.6376647949219,88.5165023803711,88.200927734375,89.1803741455078,90.5669403076172,91.9001693725586,92.4446563720703,92.4133682250977,91.9049911499023,91.1960144042969,89.8812789916992,88.2775726318359,86.6729507446289,84.5526351928711,82.1202774047852,78.7027587890625,74.1066207885742,69.0343704223633,64.8598709106445,61.665454864502,59.3024482727051,57.7052192687988,56.323787689209,57.0015258789062,57.3260765075684,58.2731170654297,60.3588562011719,61.7790794372559,62.7615356445312,63.8635177612305,65.0346755981445,65.1794281005859,64.7544555664062,64.2683944702148,64.5550231933594,65.00927734375,64.8919525146484,64.1323547363281,63.3389587402344,62.6076812744141,61.4529304504395,59.7637977600098,58.7877159118652,58.3805122375488,58.3188133239746,57.6451683044434,56.3639907836914,56.0117301940918,56.4330902099609,56.1763305664062,55.8496055603027,56.2021980285645,57.0104331970215,58.016544342041,58.9812049865723,59.4789543151855,60.0662422180176,61.3288383483887,63.2116508483887,65.3228302001953,67.754280090332,69.9510040283203,71.6958694458008,72.9677200317383,74.0150680541992,76.3322830200195,79.5704956054688,82.3918762207031,86.432746887207,90.2282333374023,93.7698287963867,94.8633575439453,94.9776306152344,93.683479309082,94.015983581543,93.0070114135742,93.0935516357422,92.0466003417969,91.7561187744141,90.1659317016602,89.2490463256836,87.2892456054688,89.1797180175781,91.8154067993164,93.3403472900391,95.5846633911133,97.4910507202148,99.0482330322266,99.6062469482422,100.814186096191,101.524063110352,100.12085723877,100.521110534668,103.21012878418,103.939445495605,85.7634811401367,69.3232421875,66.8691635131836,65.9306411743164,67.9364624023438,67.9952545166016,64.4234161376953,63.3129386901855,64.0432052612305,62.1799163818359,58.5808563232422,70.9360733032227,76.2110290527344,76.9694290161133,74.8488616943359,72.286979675293,67.2751159667969,62.4963150024414,57.7040023803711,55.768913269043,54.0807952880859,53.7168846130371,53.5676536560059,53.5992088317871,54.1423568725586,54.7337265014648,54.0192756652832,53.9759712219238,53.8315048217773,53.2189521789551,52.4800834655762,51.2955627441406
"156.25",46.409065246582,47.0034713745117,49.9595489501953,55.1251411437988,53.3849143981934,52.2371635437012,52.4236106872559,54.1166114807129,55.46044921875,46.6600303649902,42.174919128418,52.822151184082,58.6706619262695,57.3182334899902,56.2497787475586,56.0851936340332,55.724609375,57.2824058532715,59.0709609985352,63.8498077392578,69.1386413574219,71.1271667480469,69.3698959350586,78.1473007202148,77.3570327758789,81.0263442993164,83.9561157226562,87.4909820556641,90.1241073608398,93.2353515625,96.7622756958008,97.3713455200195,95.8451919555664,95.424560546875,96.4624557495117,97.1287155151367,96.5942535400391,95.9992599487305,95.3601837158203,94.863395690918,95.0687713623047,95.186767578125,94.9248809814453,94.5559844970703,94.6649780273438,94.5012435913086,94.1196517944336,93.7162628173828,93.3482131958008,93.0545654296875,93.1464462280273,93.4032135009766,93.7259979248047,93.9849395751953,93.5539703369141,93.4493179321289,93.7890243530273,94.8340225219727,95.7071151733398,96.0828552246094,95.7889251708984,94.2203750610352,92.2466278076172,90.4015426635742,88.9481582641602,88.1102752685547,88.1344757080078,88.8674011230469,89.9608306884766,91.0452194213867,91.9502563476562,92.4417495727539,92.536994934082,92.3960571289062,91.728141784668,90.4255676269531,88.5245895385742,86.4943542480469,84.3011169433594,81.7105255126953,78.177978515625,73.3561553955078,68.4291610717773,64.4674377441406,61.4154319763184,59.0248527526855,57.6452827453613,56.8279762268066,57.7602806091309,59.0306968688965,59.6310424804688,60.9208297729492,62.4556159973145,63.7418212890625,64.9977340698242,66.0405426025391,66.0904083251953,65.2785263061523,64.6272583007812,64.3602828979492,64.9469680786133,65.0965805053711,64.2045288085938,63.238597869873,62.4404525756836,61.3610305786133,59.697265625,58.558837890625,58.1248016357422,58.0172653198242,57.3205490112305,56.057689666748,56.0476913452148,56.7282066345215,57.157657623291,56.8355941772461,56.6779251098633,57.1984214782715,57.9209938049316,59.0678977966309,60.1262130737305,60.6580467224121,61.3379440307617,62.9848594665527,64.9601821899414,67.6461868286133,70.1966094970703,72.0774536132812,73.3311614990234,74.2104721069336,76.2704315185547,79.5885772705078,82.5563125610352,86.1437911987305,90.0683517456055,93.7248840332031,95.1061325073242,95.0324554443359,93.2477874755859,93.4900360107422,92.6061401367188,92.4485092163086,91.5165634155273,91.5209350585938,90.1403961181641,89.3754653930664,89.0765533447266,90.454460144043,91.1068572998047,92.2079010009766,95.1719589233398,97.3030548095703,98.5835418701172,88.4450149536133,88.0227203369141,86.3579483032227,99.6493530273438,101.198806762695,101.413841247559,104.799133300781,108.060981750488,72.3680572509766,68.5607452392578,64.7651062011719,66.7494583129883,69.0210647583008,65.4284820556641,63.5664138793945,64.1405563354492,62.7667922973633,58.4649696350098,72.513557434082,77.3092041015625,77.2728805541992,74.4684829711914,71.8976287841797,66.30224609375,61.7170066833496,57.3561172485352,55.3593864440918,53.9256629943848,53.2381973266602,53.1071586608887,53.3133850097656,54.1441040039062,54.5593872070312,54.0278282165527,53.967945098877,53.6939582824707,53.206974029541,52.4931488037109,51.2955627441406
"157.5",46.7660140991211,47.3344764709473,50.4214248657227,55.1603469848633,53.5983047485352,52.3112564086914,53.5163803100586,55.2839889526367,57.6112098693848,49.2702217102051,43.9921875,55.0104827880859,61.169246673584,59.3929443359375,58.2429389953613,57.7947959899902,55.9243240356445,57.1847686767578,58.9971237182617,64.0245590209961,68.2871856689453,71.3236312866211,70.4677047729492,78.518196105957,76.8287200927734,80.7108840942383,84.5127182006836,87.6373825073242,89.6970825195312,92.7198944091797,96.7045288085938,97.5942230224609,96.4659576416016,96.2071304321289,96.8923645019531,96.9000930786133,96.1883697509766,95.5199584960938,94.8586959838867,94.6006011962891,95.2294235229492,95.4535293579102,95.1457366943359,94.688232421875,94.6599884033203,94.5495223999023,94.2503814697266,93.7976989746094,93.3077774047852,92.9220199584961,92.8709487915039,93.0647811889648,93.5499725341797,93.9526290893555,93.6660461425781,93.6072158813477,93.9705581665039,94.7368927001953,95.5242767333984,95.7206268310547,95.1248092651367,93.1315994262695,91.1782379150391,89.5051040649414,87.7657852172852,87.1058120727539,87.6633605957031,88.877685546875,90.3290405273438,91.3307647705078,92.1320495605469,92.6920852661133,92.8108062744141,92.7675476074219,92.0737686157227,90.5108871459961,88.3836212158203,86.399543762207,84.1233596801758,81.4535598754883,77.6663360595703,72.8020324707031,67.9597320556641,63.9231224060059,60.8714752197266,58.5278739929199,57.7599563598633,57.4759178161621,57.8863563537598,59.2345085144043,60.0203056335449,61.2076683044434,63.3408813476562,65.3258361816406,66.6086654663086,67.6400604248047,67.5924682617188,66.5006408691406,65.5875701904297,65.1478576660156,65.1474380493164,64.8564376831055,64.1677856445312,63.22314453125,62.1020317077637,60.9244117736816,59.4403419494629,58.6199989318848,58.0918121337891,57.9748229980469,57.5255432128906,56.3313865661621,56.1226539611816,56.7705688476562,57.3641967773438,57.5132827758789,57.2585258483887,57.3169898986816,57.8860015869141,58.8550872802734,59.7785568237305,60.5120086669922,61.3377494812012,62.8045883178711,64.744010925293,67.4381790161133,70.3125457763672,72.5051193237305,73.6934585571289,74.4595031738281,76.1681518554688,79.55810546875,82.6380767822266,85.9830017089844,89.8800659179688,93.760612487793,95.5084762573242,95.483772277832,93.3529052734375,93.0090713500977,92.0619125366211,91.8335723876953,90.7481842041016,90.820182800293,90.0687255859375,89.7070617675781,89.8493881225586,90.8441772460938,91.5102157592773,93.1445846557617,95.5727920532227,92.1296081542969,88.3113021850586,87.3589324951172,85.1778182983398,83.8735046386719,84.4771194458008,94.6684188842773,101.138572692871,103.154945373535,110.51220703125,94.6674423217773,62.9244346618652,65.0775680541992,67.2567672729492,69.1238555908203,65.9235305786133,64.4489364624023,63.9380073547363,62.0965614318848,58.3460350036621,73.8436737060547,78.0266799926758,77.2301788330078,73.8204345703125,70.8868103027344,64.9514770507812,60.9798736572266,56.8362846374512,54.9790534973145,53.8889350891113,52.4939117431641,52.861686706543,52.9743194580078,54.1861190795898,54.4332733154297,54.1355018615723,54.0395164489746,53.540454864502,53.1773567199707,52.5098152160645,51.2955627441406
"158.75",46.7083969116211,47.2960166931152,50.5993270874023,55.5659370422363,53.8479766845703,52.7500686645508,53.8784713745117,56.302074432373,59.3190040588379,51.4206695556641,45.2545547485352,57.0176277160645,62.900203704834,62.2011375427246,61.2414054870605,60.1586418151855,57.0301780700684,57.5662689208984,59.4372634887695,65.2722702026367,70.1345520019531,72.2328109741211,74.8010635375977,76.2062377929688,76.5205993652344,80.0384216308594,84.2895278930664,87.9452438354492,89.6855621337891,92.3825073242188,96.703742980957,98.0042114257812,97.0389099121094,96.5295028686523,96.4517440795898,95.9276123046875,95.5482635498047,95.3609008789062,94.9695816040039,95.0568695068359,95.8273696899414,95.8432998657227,95.3663330078125,94.861930847168,94.8135070800781,94.8002624511719,94.6038360595703,94.2350845336914,93.7594680786133,93.2634963989258,92.950065612793,93.0671691894531,93.6098098754883,94.2199401855469,94.0756530761719,94.1327896118164,94.5232925415039,95.2291870117188,95.9185485839844,95.5601272583008,94.2218017578125,92.3972015380859,91.1594543457031,89.7699508666992,88.3962478637695,87.9715423583984,88.6944732666016,90.2447662353516,91.4672241210938,92.2332153320312,92.8862762451172,93.3352508544922,93.2318267822266,92.7830581665039,91.7916030883789,89.819709777832,87.9158782958984,86.2964019775391,83.9988021850586,81.0380096435547,77.0657958984375,72.2794876098633,67.4412689208984,63.7191314697266,61.1486701965332,58.8307800292969,58.3368949890137,58.0051231384277,58.0203056335449,59.1803855895996,59.9555892944336,61.6590766906738,64.6715621948242,67.2464752197266,68.7136688232422,69.5846710205078,69.2997360229492,68.0190048217773,66.6055221557617,65.9755783081055,65.5094375610352,64.6480178833008,63.5647850036621,62.743968963623,61.752498626709,60.7053031921387,59.715389251709,58.9236755371094,58.3766632080078,57.9388847351074,57.6705284118652,56.5578155517578,56.1590423583984,56.60302734375,57.0793380737305,57.1660041809082,57.3096656799316,57.731388092041,58.1136894226074,58.8222465515137,59.5848045349121,60.2310981750488,61.1890869140625,62.7971305847168,64.6433868408203,67.1284484863281,69.9457473754883,72.3210220336914,73.5271911621094,74.1797637939453,76.0009155273438,79.6959609985352,82.7468490600586,85.9822006225586,89.6814193725586,93.7598419189453,95.7407684326172,95.9280242919922,94.0546493530273,93.1907043457031,91.6855392456055,91.2578811645508,90.1320495605469,90.1527557373047,90.1208877563477,90.2251892089844,90.3222732543945,91.1855697631836,91.9711074829102,93.5834197998047,96.9059524536133,98.3333129882812,97.7720565795898,84.453483581543,84.4359283447266,85.3432769775391,84.0979156494141,83.9411849975586,101.463394165039,103.95645904541,111.073524475098,102.414985656738,63.0556030273438,59.93359375,65.5502014160156,68.5342178344727,68.3169479370117,63.7101593017578,63.4231262207031,61.5308303833008,63.7353401184082,75.1014862060547,78.5303039550781,76.9653472900391,73.0948028564453,69.2987442016602,64.0857391357422,60.1737365722656,56.1409530639648,54.882625579834,53.7596664428711,52.1536560058594,52.4241065979004,52.9505729675293,53.9078063964844,54.2126579284668,54.2652854919434,53.945198059082,53.4065704345703,53.1575012207031,52.5101318359375,51.2955627441406
"160",46.3695831298828,47.4918479919434,50.7559204101562,55.5024223327637,54.7570457458496,53.1793899536133,54.9234733581543,57.4446792602539,60.9593276977539,53.0040321350098,46.094970703125,57.8093910217285,62.9506645202637,64.5807189941406,63.5418968200684,63.0387802124023,57.8919525146484,58.2362403869629,59.5106353759766,66.1833877563477,71.7526168823242,71.9592132568359,75.5716934204102,75.6082000732422,76.4299926757812,80.12158203125,84.5634689331055,88.1154937744141,89.6884994506836,92.2722091674805,96.876350402832,98.6225662231445,97.6821136474609,96.8347549438477,96.1805114746094,95.63818359375,95.9769287109375,96.2397537231445,95.7773971557617,95.7681503295898,96.4706726074219,96.2395706176758,95.6430358886719,95.0520553588867,94.9945220947266,95.1175994873047,95.0853576660156,94.7804412841797,94.4497528076172,93.8866958618164,93.4262771606445,93.3258209228516,93.8861083984375,94.5333251953125,94.4877700805664,94.743896484375,95.2651138305664,95.943733215332,96.0224151611328,94.8667297363281,93.1104278564453,91.7905883789062,91.2137603759766,90.3733062744141,89.8071136474609,89.702522277832,90.3011169433594,91.348503112793,92.2628021240234,92.9486770629883,93.4517593383789,93.3813781738281,93.025993347168,92.2018508911133,90.9764556884766,89.0823516845703,87.4625244140625,85.6986618041992,83.3080291748047,80.3605499267578,76.3852005004883,71.7882232666016,67.3875198364258,63.8119277954102,61.7727279663086,59.7361946105957,58.8746337890625,58.2478218078613,57.9872627258301,58.8795776367188,60.092887878418,62.5065879821777,65.8076934814453,69.0535583496094,71.2429122924805,71.7417297363281,71.2170257568359,69.6945266723633,67.8117828369141,66.6798858642578,66.2318725585938,65.2234725952148,63.9271583557129,62.8169555664062,61.8878593444824,60.9427680969238,60.1888122558594,59.3250999450684,58.6679649353027,58.105899810791,57.555835723877,56.5001411437988,56.1541328430176,56.1786117553711,56.6623992919922,56.9492721557617,57.1252136230469,57.6318702697754,58.2840995788574,59.1419677734375,59.8532829284668,60.4611396789551,61.3107795715332,62.7578659057617,64.576789855957,66.7125854492188,69.3816680908203,71.8279800415039,73.4677352905273,73.9715042114258,76.1238784790039,79.7695770263672,82.9950103759766,85.9702529907227,89.3492431640625,93.3772659301758,95.6053924560547,96.3050155639648,94.9153060913086,93.9019012451172,92.2036209106445,90.9085464477539,89.7438354492188,89.6275177001953,89.8702774047852,90.3784332275391,90.5654144287109,91.3888931274414,92.4752807617188,94.0398635864258,96.518196105957,99.8105316162109,102.05305480957,100.027488708496,82.7364044189453,81.516845703125,77.3763809204102,80.2913436889648,90.2995452880859,107.725387573242,109.92716217041,82.6106414794922,62.0892944335938,58.2618637084961,60.2649040222168,69.6425552368164,68.2106399536133,62.9765205383301,63.5503921508789,65.2818374633789,65.2029724121094,75.8026580810547,78.9275817871094,76.6227416992188,72.3528060913086,68.0334167480469,63.2709007263184,59.2763595581055,55.8173217773438,54.7605171203613,53.2823104858398,51.8635177612305,52.2735824584961,52.7226104736328,53.7082901000977,54.0208206176758,54.1743049621582,53.8508529663086,53.2966728210449,53.1247596740723,52.5044746398926,51.2955627441406
"161.25",46.5432243347168,47.1924476623535,50.9188461303711,55.6719169616699,54.5143852233887,53.3842697143555,56.0247077941895,58.9995079040527,61.7658004760742,53.8946800231934,45.8309440612793,57.476261138916,62.2950820922852,64.8767013549805,64.2959747314453,64.0696792602539,59.7119483947754,58.9273681640625,59.2370491027832,66.2421035766602,69.8661422729492,69.7890777587891,74.3505706787109,75.8677597045898,76.8053741455078,80.2974548339844,84.5840072631836,88.0568084716797,89.5524368286133,92.2892837524414,97.1248016357422,99.2336578369141,98.4254379272461,97.7489318847656,97.4101943969727,97.1672592163086,97.9951934814453,98.2605056762695,97.2277069091797,96.7003021240234,97.0108795166016,96.6186599731445,95.9648361206055,95.3174209594727,95.2917022705078,95.4719696044922,95.5678863525391,95.4294738769531,95.2977447509766,94.8245620727539,94.1539764404297,93.9004974365234,94.2480163574219,94.7583923339844,94.9933166503906,95.3912506103516,96.0403060913086,96.4901809692383,95.8836212158203,93.9049301147461,92.2411651611328,91.604850769043,91.2211151123047,91.3141098022461,91.4679870605469,91.6027679443359,92.0657272338867,92.5852508544922,92.9704360961914,93.5564041137695,93.5026168823242,93.2287063598633,92.4770889282227,91.5466613769531,90.2824401855469,88.6806869506836,86.8931198120117,84.8226013183594,82.4211578369141,79.5712280273438,75.9184036254883,71.5501098632812,67.5153427124023,63.7696723937988,61.7136993408203,60.0290756225586,59.0271873474121,58.1825904846191,57.8375396728516,58.7720832824707,60.6457633972168,63.5289115905762,66.7787780761719,70.2795715332031,73.5611114501953,74.5361175537109,73.8000640869141,71.706672668457,69.2417297363281,67.0645370483398,66.3589706420898,65.3037033081055,64.3090972900391,63.064136505127,62.2402420043945,61.3774528503418,60.502368927002,59.6086082458496,59.008846282959,58.2580146789551,57.270206451416,56.709041595459,56.3837471008301,56.1544952392578,56.4171295166016,56.7503318786621,56.9034996032715,57.1702919006348,58.1026000976562,59.3429718017578,60.3608245849609,60.9882621765137,61.775505065918,63.0135345458984,64.5629348754883,66.4888153076172,69.0624160766602,71.518669128418,73.5420608520508,74.5310974121094,76.3832397460938,80.0294647216797,83.4082641601562,86.2677841186523,88.9855575561523,92.7811965942383,95.1492538452148,96.530647277832,95.8292541503906,94.9566345214844,93.3042144775391,91.3744354248047,89.3802642822266,88.9359741210938,89.1636276245117,90.1189041137695,90.5231628417969,91.1558532714844,92.2460098266602,93.9885635375977,96.2658309936523,98.8721618652344,101.556976318359,106.193923950195,94.52294921875,81.9476013183594,76.0908660888672,79.2261505126953,80.1130752563477,102.514213562012,109.420486450195,71.2295303344727,61.0228691101074,58.5923156738281,59.5352821350098,62.9189300537109,65.4880218505859,62.8171081542969,63.0427894592285,67.9048461914062,72.3610382080078,77.5649490356445,79.3103942871094,76.1568984985352,71.506965637207,66.7405624389648,62.3982772827148,58.2036399841309,55.5075759887695,54.2228736877441,53.1930198669434,51.3077125549316,51.9940643310547,52.4034423828125,53.1709518432617,53.9395027160645,54.0624542236328,53.8349075317383,53.1915473937988,53.0737266540527,52.4959526062012,51.2955627441406
"162.5",46.7959671020508,47.292781829834,51.1542625427246,55.7317810058594,54.9072036743164,54.1924667358398,57.5232429504395,60.141471862793,62.3519325256348,53.6392936706543,44.3853492736816,56.387020111084,60.8048896789551,63.3258171081543,63.0526542663574,62.868953704834,59.6454734802246,61.43505859375,58.4678268432617,66.2229766845703,66.8762741088867,68.672248840332,74.4502563476562,75.9697723388672,77.0551834106445,80.3021545410156,84.3618927001953,87.8491744995117,89.4315338134766,92.3455657958984,97.1517486572266,99.5576782226562,99.3177642822266,99.3713226318359,99.7110061645508,99.6474990844727,100.232063293457,100.202117919922,98.9115295410156,97.7986373901367,97.5750045776367,97.0071258544922,96.2058715820312,95.597785949707,95.6497344970703,95.9439697265625,96.1424942016602,96.2319107055664,96.3207855224609,95.9068603515625,95.20361328125,94.7055816650391,94.8424758911133,95.0623626708984,95.3584976196289,95.7669296264648,96.3535385131836,96.5339965820312,95.2531051635742,93.1498870849609,91.9037170410156,91.5929260253906,91.5488891601562,92.4048080444336,92.9781646728516,93.3345260620117,93.5586471557617,93.691276550293,93.8873062133789,94.1971588134766,93.936637878418,93.3230285644531,92.4267578125,91.2364273071289,90.0555648803711,88.2953948974609,86.1326599121094,84.0245513916016,81.5992736816406,78.9047698974609,75.4497604370117,71.4187469482422,67.4690933227539,63.6244506835938,61.1624946594238,59.6936798095703,58.6502113342285,58.093204498291,58.2953453063965,59.3345642089844,61.5539169311523,64.4160690307617,67.5931167602539,70.9472351074219,74.7615280151367,77.0261993408203,76.7144088745117,74.7990875244141,71.0833358764648,67.646484375,66.2859115600586,65.5972061157227,64.2300415039062,62.9724502563477,62.1404647827148,61.4642562866211,60.6610260009766,59.6089515686035,59.0639572143555,58.3222198486328,57.4044380187988,56.9742088317871,56.598445892334,56.3019409179688,56.5019836425781,56.7167015075684,56.6754188537598,56.8307876586914,57.7518539428711,59.2368812561035,60.6981964111328,61.7105140686035,62.501335144043,63.5756492614746,64.9548873901367,66.66943359375,69.0739669799805,71.3635635375977,73.5787124633789,75.203971862793,77.0802383422852,80.3741455078125,83.9623870849609,86.9456176757812,88.9570159912109,92.1166610717773,94.6042098999023,96.3801651000977,96.4278717041016,95.4680328369141,93.8130950927734,91.8344497680664,89.604118347168,88.5425796508789,88.7347106933594,89.4200820922852,89.9377136230469,90.4755020141602,91.9265594482422,93.7135314941406,95.6357345581055,97.7781982421875,99.8829803466797,102.477241516113,107.069885253906,99.7396392822266,89.0505065917969,85.4148025512695,80.3481674194336,79.9099655151367,82.0544891357422,70.5650939941406,59.2166557312012,58.338062286377,58.3749542236328,59.6922950744629,64.3798370361328,62.2113189697266,61.4241256713867,63.8781471252441,76.2870941162109,79.2310180664062,79.6330718994141,75.6213607788086,70.9172592163086,65.4246978759766,61.2933959960938,57.2762908935547,55.1345405578613,54.0884704589844,52.9468040466309,51.214485168457,51.3599510192871,51.9038276672363,52.7864189147949,53.8180084228516,53.830753326416,53.7538642883301,53.1266899108887,53.0026588439941,52.4855880737305,51.3052673339844
"163.75",46.7126693725586,47.4176635742188,51.2651710510254,55.7862129211426,55.6027717590332,54.424747467041,59.144100189209,61.7694320678711,62.7381858825684,52.6748542785645,42.19287109375,54.7610206604004,58.7174758911133,62.5384101867676,86.3554916381836,87.8701171875,75.4799575805664,62.5371475219727,58.2832145690918,66.9431533813477,66.6233520507812,72.5112380981445,74.5810012817383,76.4194946289062,77.3461303710938,80.3434371948242,84.1986465454102,87.5303955078125,89.2533264160156,92.4005813598633,96.9805755615234,99.5368041992188,99.9876174926758,100.505668640137,101.167633056641,101.234375,101.444778442383,101.08992767334,99.9013214111328,98.5724487304688,97.9963760375977,97.2538146972656,96.4281997680664,95.8790130615234,96.0651245117188,96.4942474365234,96.8079376220703,97.1423187255859,97.3806686401367,97.0635452270508,96.326171875,95.7516632080078,95.5020599365234,95.6252670288086,95.640007019043,95.9487609863281,96.1878356933594,95.9559860229492,94.4212112426758,92.5947799682617,91.9034652709961,91.7067413330078,91.8346633911133,93.0067596435547,93.8944549560547,94.5001525878906,94.847770690918,94.9318618774414,95.0672836303711,95.0087280273438,94.4666137695312,93.6632537841797,93.8493804931641,92.3598098754883,90.3751678466797,87.9873275756836,85.6552352905273,83.5168533325195,80.9415588378906,78.0105819702148,74.5319137573242,70.6492614746094,66.6269683837891,63.1672782897949,60.8095169067383,59.5457496643066,58.5055084228516,58.3351097106934,58.9609642028809,60.1898460388184,62.312671661377,65.0650863647461,68.0867691040039,71.5069351196289,75.5272521972656,78.7600250244141,79.8832244873047,78.6462097167969,73.9368743896484,69.1026763916016,66.3226089477539,65.5785369873047,64.6332473754883,63.3981819152832,62.4281272888184,61.516242980957,60.4894638061523,59.6448707580566,59.1758079528809,58.402946472168,57.5663948059082,56.939208984375,56.5192527770996,56.5160827636719,56.7467575073242,56.7840957641602,56.5435905456543,56.6992988586426,57.5610427856445,59.1194038391113,60.7993202209473,62.1638603210449,63.2115364074707,64.2206878662109,65.6077423095703,67.0891952514648,69.365478515625,71.4809417724609,73.40478515625,75.6212463378906,77.5670623779297,80.9992370605469,84.6460037231445,87.650520324707,89.199836730957,91.461555480957,93.7821502685547,95.5802383422852,95.8946075439453,94.8870010375977,93.294563293457,91.7788772583008,90.0346298217773,88.6982955932617,88.2198257446289,88.339729309082,89.0210723876953,89.8332138061523,91.4432983398438,93.4436721801758,95.1384887695312,96.7067260742188,98.5841369628906,100.55086517334,102.77725982666,104.57787322998,105.814804077148,107.310791015625,111.48363494873,90.4594497680664,73.1474075317383,70.0910263061523,57.7312431335449,57.8134117126465,57.6936187744141,57.9470329284668,62.1899719238281,63.4430122375488,59.590446472168,55.2441711425781,74.7354202270508,79.9574508666992,79.8266754150391,75.2229843139648,70.3316040039062,64.0452423095703,59.9433631896973,56.3546676635742,54.5862503051758,53.9718894958496,52.6481704711914,51.2336578369141,51.182933807373,51.6453590393066,52.2252426147461,53.6064147949219,53.564208984375,53.5434646606445,53.0572242736816,52.9503173828125,52.4511451721191,51.3864707946777
"165",46.3791007995605,47.1779594421387,51.3466491699219,55.9902877807617,55.8665199279785,54.8579254150391,60.7792205810547,62.5795860290527,62.186351776123,50.6649017333984,39.4137420654297,52.3405609130859,55.616382598877,59.9021682739258,96.6242141723633,93.7512512207031,84.8955078125,71.0884552001953,59.6275024414062,65.9507751464844,66.5468826293945,75.9084014892578,75.7238693237305,76.9480285644531,77.9294891357422,80.7663955688477,84.4457397460938,87.3853225708008,89.1412963867188,92.5759735107422,96.9330062866211,99.4746475219727,100.028900146484,100.446311950684,100.74584197998,100.957138061523,101.315490722656,100.977294921875,100.124649047852,98.852409362793,98.0906143188477,97.2834167480469,96.4400177001953,96.0748825073242,96.4735336303711,96.92919921875,97.4867095947266,97.826416015625,98.0344772338867,97.8082275390625,97.0781173706055,96.4478759765625,96.0355834960938,95.923210144043,95.9353179931641,96.2359924316406,96.1691360473633,95.587890625,93.7902450561523,92.5930557250977,92.1683502197266,92.0544662475586,92.3309097290039,93.5440826416016,94.6863708496094,95.4237899780273,95.920295715332,96.2613906860352,96.3362121582031,95.8987579345703,94.9441604614258,93.7331085205078,94.2631301879883,95.0676345825195,90.3335494995117,87.5006561279297,85.290641784668,83.1310348510742,80.5721282958984,76.9620513916016,73.1170043945312,69.1968688964844,65.3939361572266,62.6272430419922,60.6003684997559,59.5823211669922,58.7661170959473,58.8229064941406,59.569694519043,60.8790435791016,62.934009552002,65.6144866943359,68.5409393310547,71.8991317749023,75.8339538574219,79.6156616210938,81.7498550415039,81.1622009277344,76.6610794067383,71.3025436401367,67.5200119018555,65.6641159057617,64.6996383666992,63.6783218383789,62.705753326416,61.5646286010742,60.3679161071777,59.6342887878418,59.1895942687988,58.3760108947754,57.4034843444824,56.6503982543945,56.5109825134277,56.7784614562988,57.1507225036621,57.0425643920898,56.7048988342285,56.9058723449707,57.6489143371582,59.1842155456543,60.9311065673828,62.3373374938965,63.6262168884277,64.7284851074219,66.220100402832,67.6314468383789,69.4365463256836,71.2163467407227,73.294807434082,75.8001861572266,78.4045181274414,81.8434753417969,85.4580307006836,88.2877960205078,89.1776962280273,90.6904830932617,92.6132583618164,94.2156372070312,94.5932922363281,93.7391738891602,92.4984893798828,91.2761840820312,90.1509552001953,88.7306900024414,87.9202270507812,87.3833923339844,87.9997253417969,89.0251846313477,90.7550048828125,92.8982391357422,94.7018585205078,96.1601181030273,97.8415298461914,99.5376281738281,100.989486694336,102.287528991699,103.39754486084,104.388336181641,107.33031463623,110.040939331055,73.6970443725586,64.0476303100586,57.5201835632324,56.8656883239746,57.1995124816895,57.4803924560547,60.4952125549316,64.7783203125,60.8704490661621,56.076099395752,77.0246887207031,80.6846313476562,79.8422241210938,74.6016082763672,69.3385009765625,62.7164535522461,58.868839263916,55.4433975219727,54.1293983459473,53.7994117736816,52.5151290893555,51.0505142211914,50.6710166931152,51.4333457946777,51.8636894226074,53.2756156921387,53.4431991577148,53.4166831970215,52.9724235534668,52.8919410705566,52.4316368103027,51.4511756896973
"166.25",46.8822441101074,47.5923309326172,51.4895858764648,55.9132347106934,56.6563377380371,55.3739700317383,62.2386131286621,63.3489265441895,60.6130485534668,48.5168380737305,37.2316207885742,49.5845985412598,52.8694458007812,56.5714111328125,94.9507141113281,89.6559829711914,84.6644058227539,78.5353622436523,61.7825202941895,64.9946746826172,65.2855911254883,80.0682907104492,77.0582580566406,77.6133728027344,78.6911773681641,81.3418045043945,84.6802291870117,87.3125152587891,89.3555526733398,92.9541854858398,97.2170028686523,99.331657409668,99.4184494018555,99.1761703491211,98.767951965332,99.0980911254883,100.118774414062,100.37760925293,99.8384170532227,98.6333847045898,97.6513290405273,96.6858978271484,95.7622299194336,95.74169921875,96.3667449951172,97.1077041625977,99.7092666625977,100.052909851074,99.9766082763672,99.0018844604492,97.4829940795898,96.8718185424805,96.4556121826172,96.0897445678711,95.9359512329102,96.1322402954102,95.896354675293,94.9755859375,93.6427841186523,93.0547637939453,92.8123245239258,92.7648086547852,92.9057464599609,94.1588134765625,95.6470947265625,96.5742492675781,97.1086578369141,97.3379898071289,97.2851028442383,96.6398391723633,95.1794662475586,93.6981048583984,93.4830093383789,92.4174575805664,89.3853530883789,87.0274276733398,85.1100006103516,83.1285552978516,80.2299957275391,76.1361083984375,71.5787734985352,67.6000289916992,64.3296813964844,62.2223091125488,60.564624786377,59.7383728027344,59.1767845153809,59.2981300354004,59.8532867431641,60.9999465942383,63.0428352355957,65.7568054199219,68.9328689575195,72.0960998535156,76.4907684326172,80.0938873291016,81.7632522583008,81.2137069702148,77.6224822998047,73.3130798339844,69.5260925292969,66.6227340698242,65.046875,63.7426834106445,62.8419799804688,61.9340553283691,60.7105293273926,59.648193359375,59.0305061340332,58.0692138671875,56.9535865783691,56.4118766784668,56.532600402832,57.0945434570312,57.7815818786621,57.7308807373047,57.4199981689453,57.6664733886719,58.1426162719727,59.5697860717773,61.3185691833496,62.5521850585938,63.5636253356934,64.8091201782227,66.5085372924805,68.126579284668,69.5054931640625,70.842658996582,73.009521484375,76.0097579956055,79.1640930175781,82.7327117919922,86.0067749023438,88.6778182983398,89.2345275878906,90.0976409912109,91.3749237060547,93.0545883178711,93.5416946411133,93.005859375,92.2602233886719,90.7172546386719,89.8647308349609,88.3775024414062,87.7627334594727,86.9715728759766,87.1642990112305,88.0901870727539,89.8859024047852,92.0566558837891,94.2065811157227,95.8684463500977,97.4589767456055,99.0102157592773,100.375503540039,101.546745300293,102.584762573242,103.526557922363,106.06436920166,108.379898071289,79.1740646362305,66.9453277587891,58.0508689880371,56.2186584472656,57.1907958984375,56.8794593811035,59.8929023742676,58.026195526123,58.3693618774414,58.85205078125,79.0514907836914,81.7231292724609,79.7984848022461,73.9978713989258,67.906982421875,61.6747207641602,58.0589942932129,54.8905754089355,53.9470329284668,53.3239326477051,52.32080078125,51.3550758361816,50.2173118591309,50.7986373901367,51.5931854248047,53.0137329101562,53.3145446777344,53.2844047546387,52.8898429870605,52.8468246459961,52.3970031738281,51.5065269470215
"167.5",46.7367706298828,47.6244812011719,51.6137237548828,55.4695739746094,57.9749145507812,55.6249542236328,63.481502532959,63.5637741088867,61.3176193237305,46.3090286254883,34.6582565307617,47.0938568115234,50.8435134887695,53.9888114929199,93.6930770874023,88.0449066162109,84.948860168457,79.1970596313477,63.3560371398926,64.6820907592773,65.0110473632812,81.8994293212891,77.8049011230469,78.504524230957,79.6908493041992,81.7650527954102,84.7546463012695,87.4142990112305,89.5850372314453,93.286247253418,97.5453872680664,98.9330062866211,98.3506240844727,97.5086975097656,96.6852264404297,96.8953475952148,98.5569305419922,99.4450302124023,99.1986923217773,98.2080688476562,97.1482925415039,96.0864791870117,94.9194030761719,94.8247909545898,95.7151412963867,96.7763671875,99.2884979248047,92.4371566772461,99.7194595336914,103.465599060059,97.830192565918,97.4563446044922,97.0092163085938,96.4656600952148,96.2824859619141,96.1196975708008,95.5390930175781,94.3915252685547,93.6903839111328,93.5706329345703,93.6014785766602,93.5229721069336,93.6052856445312,94.8875427246094,96.6208877563477,97.6151962280273,97.7732009887695,97.5324172973633,97.4812240600586,96.7487335205078,95.2396087646484,93.5897369384766,92.7712783813477,91.2569046020508,88.9834976196289,87.1910629272461,85.278678894043,82.4795303344727,79.0664825439453,74.7694473266602,69.8923873901367,66.1665496826172,63.4809303283691,61.8285179138184,60.6591911315918,59.9037055969238,59.3787651062012,59.4714126586914,59.8746147155762,60.8442840576172,62.9829635620117,65.7862930297852,68.6569519042969,72.2559661865234,77.1111145019531,79.9763793945312,81.0043258666992,80.0733032226562,76.8038330078125,73.2913589477539,70.5332412719727,67.7714996337891,65.5080947875977,63.9864349365234,62.9662628173828,62.3414688110352,61.2013702392578,60.0164108276367,58.9098968505859,57.9074325561523,57.0949020385742,56.5406723022461,56.5865058898926,57.0589561462402,58.0998153686523,58.3815422058105,58.2833786010742,58.6086769104004,58.935115814209,60.2444915771484,61.9090805053711,62.9595336914062,63.6278610229492,64.4785232543945,66.3090744018555,68.5156555175781,70.1129531860352,71.0529937744141,73.0310821533203,76.3501358032227,79.6288757324219,83.2779922485352,86.2195281982422,88.7778549194336,89.5075607299805,89.810417175293,90.7156066894531,92.3536605834961,93.128044128418,92.9192886352539,92.5678634643555,90.6630859375,89.5147094726562,88.0144882202148,87.4352416992188,86.8412017822266,86.9468994140625,87.6297378540039,89.3197479248047,91.2452087402344,93.4763717651367,95.4671936035156,97.0997772216797,98.6557998657227,100.001457214355,101.017547607422,102.003211975098,102.963943481445,105.225227355957,109.205444335938,99.7568969726562,75.6901626586914,57.0420570373535,54.8551940917969,57.4176025390625,57.1108665466309,59.5243949890137,63.3540802001953,59.8647804260254,60.2303466796875,81.2097930908203,82.8644104003906,79.5994567871094,73.3061141967773,66.3060913085938,60.901725769043,57.4265213012695,54.6622772216797,53.8475151062012,53.0894966125488,52.106372833252,51.6549873352051,50.0868492126465,50.4549446105957,51.3066139221191,52.7666511535645,53.1525573730469,53.1274490356445,52.8531036376953,52.7942352294922,52.3615684509277,51.5542449951172
"168.75",46.3718757629395,47.6235771179199,51.8157196044922,55.8856811523438,59.1083984375,56.4760513305664,64.3328247070312,63.5596046447754,58.6900291442871,45.050106048584,32.9496955871582,44.3071556091309,49.8684577941895,52.5005416870117,91.4943923950195,88.6840667724609,86.7758941650391,80.6464385986328,65.6530609130859,64.7313232421875,74.1145553588867,79.6930389404297,78.2151107788086,79.3131637573242,80.2304534912109,81.9591827392578,84.7667617797852,87.8044967651367,89.8954544067383,93.6951293945312,97.8257293701172,98.2385177612305,97.4637756347656,96.8468017578125,96.1470031738281,95.6499252319336,96.8955001831055,98.0970077514648,98.3695297241211,97.7527008056641,96.4781875610352,95.3961486816406,94.2643814086914,94.3246231079102,95.0919036865234,96.2319641113281,97.9002990722656,91.1694869995117,92.2663345336914,110.648094177246,99.4973220825195,98.06591796875,97.5897369384766,96.9619598388672,96.6659774780273,96.0908355712891,95.1918792724609,94.166633605957,93.9319763183594,94.2833099365234,94.4432678222656,94.1512680053711,94.0133438110352,94.9576568603516,96.4139251708984,97.0668258666992,96.9683074951172,97.0472946166992,97.1197891235352,96.5063018798828,94.9394760131836,93.5073471069336,92.3521041870117,91.0405197143555,89.3301162719727,87.2869720458984,84.6914978027344,80.7550888061523,76.4525299072266,72.1103134155273,68.2065582275391,65.312385559082,63.1471519470215,61.8028678894043,60.945182800293,60.1437721252441,59.2335624694824,59.2495384216309,59.9220962524414,61.0960998535156,63.6088523864746,66.0820159912109,68.9471969604492,72.8511047363281,76.7903900146484,79.0538711547852,80.0257034301758,78.8180389404297,75.3226470947266,71.9465026855469,70.16845703125,68.0992050170898,65.5700988769531,63.8700828552246,63.0046424865723,62.4472351074219,61.7448768615723,60.7928848266602,59.7126884460449,58.5688819885254,57.5408782958984,57.2873649597168,57.0742568969727,57.1433067321777,57.874210357666,58.3181114196777,58.7078056335449,59.218620300293,59.6359176635742,60.810417175293,62.4111404418945,63.5637130737305,64.1647262573242,64.5764617919922,65.8719711303711,68.2637176513672,70.7188491821289,71.8827590942383,73.351318359375,76.4290161132812,79.6627883911133,83.1107864379883,86.0035171508789,88.4506072998047,89.4323120117188,89.8767929077148,90.5060272216797,92.0112152099609,93.1278076171875,92.9739532470703,92.8362503051758,91.0380477905273,89.6509552001953,88.1724624633789,87.3999633789062,86.8144912719727,87.0452270507812,87.6598434448242,89.0061264038086,90.7208938598633,92.7888793945312,94.7690963745117,96.5692672729492,98.2146835327148,99.6109161376953,100.559547424316,101.37410736084,102.449729919434,104.806343078613,108.575370788574,101.363594055176,70.7502365112305,58.1450881958008,53.4786338806152,57.7145500183105,58.7768363952637,59.0206527709961,63.0590057373047,62.6130676269531,74.7670364379883,83.5000762939453,83.9366073608398,78.9918365478516,72.486328125,64.8080291748047,60.5240211486816,57.1070594787598,54.5557060241699,53.3676719665527,52.9137535095215,52.0957412719727,51.2605361938477,49.8472633361816,50.142765045166,51.0670585632324,52.5409278869629,52.8966941833496,53.0122299194336,52.7719192504883,52.7532081604004,52.3296279907227,51.5956611633301
"170",46.6677360534668,47.7025871276855,52.0038795471191,55.7449951171875,59.7424926757812,57.0639839172363,65.1715621948242,63.1635246276855,56.6752395629883,45.2984390258789,31.7531623840332,41.2595062255859,48.7450904846191,49.994987487793,85.1512985229492,88.238525390625,86.4622421264648,83.5786590576172,74.2533798217773,67.6288909912109,84.1582183837891,79.7691650390625,78.1673812866211,79.8115005493164,80.34326171875,81.9613876342773,84.8409042358398,88.1568603515625,90.1938095092773,94.2320709228516,98.0051803588867,97.8124923706055,97.2381591796875,97.1195526123047,96.6280975341797,95.6316299438477,95.6810760498047,96.7731475830078,97.5890121459961,97.2115020751953,95.9672012329102,94.7523422241211,93.9441528320312,94.0373764038086,94.231315612793,94.5951614379883,95.9836959838867,95.2087783813477,94.2726058959961,100.925102233887,101.967666625977,99.0481262207031,97.8530120849609,97.3115386962891,96.7710494995117,95.9941177368164,94.8884582519531,94.1357650756836,94.155387878418,94.7563934326172,94.9745788574219,94.5481567382812,94.2354125976562,94.6641159057617,95.6254730224609,95.9576568603516,96.2136688232422,96.5019607543945,96.6589126586914,95.9275207519531,94.7268981933594,93.1962127685547,92.2398452758789,91.1234359741211,89.5423583984375,86.7393951416016,82.8767471313477,78.205192565918,73.7841415405273,69.8395843505859,66.8481063842773,64.7144470214844,62.7304039001465,61.7336235046387,60.8587684631348,59.9922409057617,58.9280700683594,59.1047973632812,60.110050201416,61.8101348876953,64.4263916015625,66.6598358154297,69.679817199707,73.3808288574219,76.5566558837891,78.5694961547852,78.9294357299805,77.5684204101562,74.0832443237305,71.2279663085938,70.0357360839844,68.5958633422852,66.1111755371094,63.9435882568359,63.1758117675781,62.8282165527344,62.426342010498,61.802677154541,60.7330665588379,59.845272064209,59.0824203491211,58.2612380981445,57.5087280273438,57.1525344848633,57.4781532287598,57.8314018249512,58.3335075378418,59.137378692627,60.0109024047852,61.2544059753418,62.7014389038086,64.0376358032227,64.9522705078125,65.3940353393555,66.2260894775391,68.0142517089844,70.8712387084961,72.9354782104492,74.2709197998047,76.6666107177734,79.6191558837891,82.8346862792969,85.4126663208008,87.7486953735352,88.9324111938477,89.5857162475586,90.5128479003906,91.6435012817383,92.9056777954102,92.5906829833984,92.5929565429688,91.203239440918,89.8368301391602,88.2078247070312,87.4182586669922,86.6029968261719,86.9256286621094,87.6158447265625,88.9960479736328,90.34130859375,92.0700073242188,93.9953918457031,95.8682861328125,97.6978530883789,99.2198638916016,100.257743835449,101.160530090332,102.130561828613,104.39640045166,102.940139770508,81.2014846801758,69.9051666259766,59.2444152832031,55.0474891662598,58.3980903625488,59.3100204467773,60.4423217773438,61.5251693725586,62.2373466491699,78.5272903442383,84.8476943969727,84.5332794189453,78.2322387695312,71.5191192626953,63.6000061035156,60.3843269348145,56.8133087158203,54.4226112365723,53.0165367126465,52.6776390075684,52.1052894592285,51.2216377258301,49.7990112304688,50.0085372924805,50.7444877624512,52.2483291625977,52.705249786377,52.8228378295898,52.6975402832031,52.7144432067871,52.2961349487305,51.6318359375
"171.25",46.3791580200195,47.7150688171387,52.0838088989258,55.3766555786133,59.800952911377,57.7252082824707,65.3822937011719,62.565315246582,54.1370315551758,45.2491607666016,32.1872863769531,38.8773574829102,47.2509498596191,48.0316925048828,87.5703277587891,90.4771041870117,85.9528045654297,84.4798889160156,81.7475204467773,78.3661956787109,80.0952301025391,79.1121520996094,78.6701278686523,80.5688858032227,81.02001953125,82.3432388305664,84.9909896850586,88.4400253295898,90.4856262207031,94.6858367919922,98.1677551269531,97.6983947753906,97.2712097167969,97.276481628418,96.9402313232422,96.1121139526367,95.2016067504883,95.5961380004883,96.6801376342773,96.6358032226562,95.4310150146484,94.286003112793,93.8676147460938,93.9457397460938,94.0008773803711,94.2135772705078,94.9443740844727,98.1828231811523,98.6259994506836,96.4894943237305,95.2445297241211,102.493690490723,100.632164001465,97.2434616088867,96.5355987548828,95.6835327148438,94.6211853027344,93.9896545410156,94.3652267456055,95.1003646850586,95.3533325195312,95.0347061157227,94.4654922485352,94.5268249511719,95.095085144043,95.4681015014648,95.6970291137695,95.8994522094727,95.8289489746094,95.2486801147461,94.1908416748047,93.1357192993164,92.262825012207,90.9720458984375,88.863151550293,85.1233062744141,80.2191848754883,75.4960632324219,71.7321090698242,68.3446960449219,66.0097045898438,64.0082931518555,62.1502418518066,61.136531829834,60.3526153564453,59.2494239807129,58.7902717590332,59.7043762207031,61.1052398681641,62.925464630127,65.2729949951172,67.3765106201172,70.1789474487305,73.5732269287109,76.5993347167969,78.2508239746094,78.2340545654297,76.5665740966797,73.4298629760742,70.853157043457,69.8193130493164,68.6001052856445,66.0641708374023,63.7753791809082,62.7629280090332,62.6174850463867,62.6217155456543,62.2032623291016,61.4850845336914,60.790885925293,60.0290031433105,58.795711517334,57.9915809631348,57.3577156066895,57.3295440673828,57.7383003234863,58.4278259277344,59.387939453125,60.4382667541504,61.6443290710449,62.8973579406738,64.3200302124023,65.7346343994141,66.4520797729492,67.2277908325195,68.5718002319336,71.0291061401367,73.5706253051758,75.2803573608398,77.1948394775391,79.6628494262695,82.6530075073242,85.1713027954102,87.3035278320312,88.5849990844727,89.3613815307617,90.3528213500977,91.2113876342773,92.2505340576172,91.9460754394531,91.8633499145508,90.7625503540039,89.731819152832,88.1231307983398,87.0657577514648,86.3162231445312,86.4076766967773,87.4464492797852,89.0487060546875,90.3428726196289,91.542350769043,93.2723693847656,95.1243362426758,97.1394348144531,98.7888259887695,100.056137084961,101.051803588867,101.982063293457,103.74543762207,106.919151306152,92.8822784423828,66.8741073608398,63.2574462890625,62.1845321655273,60.8131408691406,62.3941268920898,62.6709976196289,61.0926094055176,56.3351783752441,63.3445663452148,81.3284378051758,84.3261032104492,77.4819183349609,70.2665634155273,63.2570152282715,60.5007057189941,56.5972938537598,54.1849899291992,52.6788940429688,52.5586700439453,51.7036170959473,51.0782470703125,49.8940505981445,49.7056770324707,50.5620880126953,51.9743957519531,52.4430732727051,52.6633796691895,52.6096229553223,52.6501426696777,52.2647323608398,51.6636161804199
"172.5",46.3995246887207,48.3258590698242,52.064338684082,55.4215507507324,59.6260375976562,58.9435958862305,65.956657409668,62.1316375732422,50.974494934082,44.8154640197754,33.2865409851074,36.8636627197266,44.7332572937012,50.6436805725098,98.0344619750977,91.0830154418945,86.7785110473633,84.8464584350586,82.6075744628906,79.8994140625,78.7235870361328,78.9833221435547,79.5982360839844,81.4597244262695,81.824821472168,82.7510757446289,85.1563491821289,88.71337890625,90.7417144775391,95.0303192138672,98.1979522705078,97.5324249267578,97.2019653320312,97.174674987793,96.9607009887695,96.5583267211914,95.4068222045898,94.957145690918,95.6654434204102,95.7709503173828,94.6985397338867,93.7383804321289,93.4511566162109,93.4675445556641,93.7486343383789,94.4212036132812,94.6053009033203,95.0364227294922,95.5834732055664,97.8613357543945,95.1654205322266,93.4259338378906,101.046829223633,97.8300933837891,96.3201141357422,95.58447265625,94.6284255981445,94.2555541992188,94.5823745727539,95.419075012207,95.6531372070312,95.4446640014648,94.6613464355469,94.4593124389648,94.873046875,95.120849609375,95.0441970825195,94.9528961181641,94.832160949707,94.6344833374023,94.0315093994141,93.2523880004883,92.28466796875,90.3768463134766,87.462776184082,82.5930557250977,77.561408996582,73.2643051147461,70.063850402832,67.460693359375,65.3619384765625,63.1637535095215,61.6095848083496,60.3874206542969,59.2271537780762,58.5359725952148,58.7962989807129,60.0036354064941,61.5384941101074,63.240306854248,65.4248428344727,67.5219345092773,70.4375534057617,73.6195602416992,76.4885406494141,78.0775604248047,77.9488143920898,76.1460037231445,73.3151016235352,70.8613510131836,69.5568466186523,67.9840087890625,65.6782684326172,63.7843475341797,62.4318504333496,61.907787322998,62.2702827453613,61.6337814331055,60.9126014709473,60.655574798584,59.9117965698242,58.8966598510742,58.5285758972168,57.9272499084473,57.6938514709473,58.2067337036133,59.096076965332,60.1809921264648,61.4190864562988,62.4004096984863,63.3322715759277,64.6036148071289,66.4413452148438,67.633918762207,68.5149765014648,69.4368591308594,71.2186431884766,73.7894592285156,76.0119247436523,77.9112930297852,79.6205902099609,81.9281463623047,84.3862762451172,86.4072036743164,88.0413513183594,88.8704147338867,90.1007843017578,90.6814498901367,91.4411849975586,91.2385406494141,90.9821014404297,90.0625686645508,89.2029113769531,87.847541809082,86.4736328125,85.8113403320312,86.0723876953125,87.2984161376953,89.0153121948242,90.4422836303711,91.2144012451172,92.6280364990234,94.400520324707,96.4925003051758,98.2826156616211,99.7878723144531,100.976089477539,102.085876464844,103.559631347656,105.69856262207,111.469032287598,72.6642150878906,68.3395233154297,65.583740234375,62.9397163391113,64.2895965576172,63.3429069519043,60.804515838623,56.4004249572754,55.166202545166,77.0421676635742,83.6460113525391,76.5638885498047,69.204704284668,63.393970489502,60.4648666381836,56.4255867004395,53.8051223754883,52.4005546569824,52.4936485290527,51.6005744934082,50.9802742004395,49.9112815856934,49.3537521362305,50.2126693725586,51.7619400024414,52.2020797729492,52.487003326416,52.4909934997559,52.5875205993652,52.2167282104492,51.6916770935059
"173.75",46.3753051757812,47.6558952331543,52.0755653381348,55.2008361816406,59.3803939819336,59.2863578796387,66.1592712402344,61.5919570922852,49.1142883300781,44.2783088684082,35.1680107116699,36.1273498535156,42.4799995422363,50.4817008972168,100.280326843262,90.8347015380859,87.7418670654297,85.5818710327148,83.6101913452148,80.4326858520508,78.986213684082,79.6382141113281,80.5011672973633,82.3461837768555,82.5876846313477,83.1332015991211,85.4538116455078,88.9376831054688,90.7197113037109,95.0528182983398,98.1739196777344,97.4694213867188,97.1147232055664,96.9913558959961,96.8356475830078,96.7906265258789,95.7308502197266,94.6305084228516,94.7337036132812,94.67822265625,93.8847351074219,93.1839828491211,92.8504028320312,92.818115234375,93.6264114379883,94.7507171630859,95.0625839233398,95.1395645141602,95.1962738037109,95.4132461547852,98.7179336547852,96.4746551513672,96.3044509887695,100.119247436523,96.0707702636719,97.8579864501953,95.2278900146484,93.2893218994141,92.6325912475586,96.1416397094727,95.8656921386719,95.4192276000977,94.7918319702148,94.6212692260742,94.7249069213867,94.7522201538086,94.4538421630859,94.3217544555664,94.4893341064453,94.5308532714844,94.2334365844727,93.3666381835938,91.8867416381836,89.2434005737305,85.0706558227539,79.7677917480469,75.23193359375,71.4043121337891,68.8521957397461,66.4308776855469,64.1689300537109,62.0105247497559,60.8913459777832,59.3282852172852,58.4082527160645,58.2425804138184,58.8158073425293,59.9292411804199,60.9910087585449,62.6002464294434,64.9217147827148,67.2569732666016,70.1608428955078,73.1333541870117,76.3919906616211,78.1976318359375,77.8185882568359,75.7644958496094,72.8835525512695,70.3918380737305,68.9686965942383,67.2748260498047,65.3301773071289,63.8792991638184,62.7704010009766,62.2516746520996,62.0210876464844,61.2326889038086,60.4513206481934,59.9643440246582,59.1608467102051,58.865291595459,58.7968101501465,58.4024429321289,58.2334747314453,58.919807434082,59.8297920227051,60.8639335632324,62.1795043945312,63.2078399658203,64.1873168945312,65.4214553833008,67.2042388916016,68.7099075317383,69.8417892456055,70.4213943481445,71.8186874389648,73.8977890014648,76.2475814819336,78.497917175293,79.7640609741211,81.2165451049805,82.9675445556641,84.8167190551758,86.6774978637695,87.7462997436523,89.0998840332031,89.8129119873047,90.4487991333008,90.2073516845703,89.9210662841797,89.2892532348633,88.4861831665039,87.4621124267578,86.2494430541992,85.5875473022461,85.964958190918,87.0491027832031,88.7995834350586,90.4080963134766,91.0630722045898,92.2242431640625,93.6968765258789,95.7788543701172,97.5933456420898,99.388069152832,100.851905822754,102.119064331055,103.53141784668,105.135673522949,110.109107971191,96.1474914550781,68.6552810668945,67.4319686889648,64.6639709472656,65.9943923950195,63.9368286132812,61.3243293762207,58.4624633789062,55.5233039855957,78.5742034912109,83.1804122924805,75.7522964477539,68.005973815918,63.428955078125,59.9774703979492,56.2688941955566,53.4006767272949,52.3056564331055,52.3058853149414,51.6241683959961,51.0193977355957,50.0698738098145,49.2398567199707,50.1916694641113,51.5902824401855,52.0111961364746,52.2755432128906,52.3778190612793,52.5248680114746,52.1852684020996,51.7165794372559
"175",46.3548851013184,48.2434120178223,52.1203269958496,55.0103874206543,59.0037689208984,60.2058029174805,66.2933731079102,62.0322723388672,49.0265617370605,44.1410980224609,36.6429023742676,35.6523017883301,40.6598129272461,49.1863975524902,101.186424255371,91.0601043701172,88.0900421142578,86.110725402832,83.9211502075195,80.5973739624023,79.52685546875,80.0093231201172,80.9469451904297,83.0675430297852,83.2852020263672,83.5951461791992,85.9433364868164,89.1509857177734,90.5192260742188,94.9321060180664,98.2206726074219,97.5103378295898,97.0216674804688,96.6808166503906,96.4440155029297,96.4154434204102,95.5138244628906,94.38916015625,94.0209503173828,93.7739715576172,93.2140197753906,92.7998886108398,92.580207824707,92.6973266601562,94.1037521362305,95.2569274902344,95.5391006469727,95.3334503173828,95.1557693481445,94.8859329223633,95.6299896240234,95.3205795288086,91.2039260864258,93.6096420288086,91.2879409790039,93.964111328125,90.8570327758789,92.8322372436523,95.5637588500977,96.8395538330078,95.6924133300781,95.0418701171875,94.6844635009766,94.5337066650391,94.4858779907227,94.4055557250977,94.0905609130859,93.8492889404297,94.2455139160156,94.4803237915039,94.2110214233398,92.7030410766602,90.4177169799805,86.872932434082,81.9811019897461,77.2979431152344,73.7089996337891,70.2888412475586,67.978141784668,65.3166275024414,62.875114440918,61.1702003479004,60.169506072998,58.9782981872559,58.4184303283691,58.5288276672363,59.4772148132324,60.5323791503906,61.0841979980469,62.610424041748,64.4256134033203,66.37158203125,69.4793243408203,72.7726974487305,76.3793258666992,78.3089218139648,77.5150833129883,75.633056640625,72.6373977661133,69.8219680786133,68.0861587524414,66.3491287231445,64.7331314086914,63.429256439209,62.5251007080078,62.1675071716309,61.357421875,60.4577903747559,60.0725059509277,59.9264068603516,59.6466865539551,59.3400764465332,58.9836273193359,58.5373077392578,58.532154083252,59.4946479797363,60.4201927185059,61.350830078125,62.6487998962402,63.9703788757324,65.2567672729492,66.5284652709961,67.9905776977539,69.4406967163086,70.7725296020508,71.4767761230469,72.4584503173828,74.0599899291992,76.1978759765625,78.6966094970703,79.9621353149414,80.8055801391602,82.2308120727539,83.2484130859375,84.8542175292969,86.4472122192383,87.9031677246094,88.5751953125,89.0836486816406,88.8600234985352,88.7128829956055,88.4704284667969,87.8749389648438,87.3358459472656,86.3977737426758,85.7838821411133,85.9791793823242,86.9466934204102,88.3311614990234,90.2034149169922,91.0297241210938,92.1683807373047,93.2562408447266,95.1554183959961,96.9751892089844,98.9789657592773,100.594665527344,102.035545349121,103.482574462891,104.943138122559,107.089714050293,108.46403503418,74.4865341186523,67.8029174804688,65.8881759643555,67.8897705078125,65.4585571289062,64.0025024414062,58.6909675598145,56.0657730102539,81.0912094116211,83.5413818359375,75.2450485229492,67.0197830200195,63.4889335632324,59.7696075439453,56.1060752868652,52.9649543762207,51.8984756469727,51.8321762084961,51.6290740966797,50.800422668457,50.2177696228027,49.2479133605957,50.0373649597168,51.315845489502,51.801815032959,52.0916366577148,52.2705955505371,52.4636001586914,52.1767730712891,51.73876953125
"176.25",46.3619499206543,48.0269508361816,52.2018203735352,55.1196556091309,58.7493515014648,60.8210678100586,66.6115036010742,61.4384117126465,49.6045951843262,44.797794342041,38.2163887023926,35.5518684387207,38.6466484069824,48.0037879943848,102.183784484863,91.2649841308594,88.0818481445312,86.0460739135742,83.3898162841797,80.3863830566406,79.4316635131836,79.9814453125,81.3560409545898,83.7196807861328,83.8050079345703,84.071533203125,86.2862243652344,89.1397705078125,90.2569732666016,94.9677810668945,98.2665710449219,97.4924468994141,96.8529739379883,96.2387390136719,95.886962890625,95.7405395507812,95.0647888183594,94.1220321655273,93.5668258666992,93.1109390258789,92.7492980957031,92.5713806152344,92.6497421264648,93.5598678588867,95.2861785888672,95.9371795654297,95.878288269043,95.4913558959961,95.1638793945312,95.2283096313477,96.0229263305664,96.7843170166016,96.3479461669922,89.4068374633789,88.8064575195312,89.9056015014648,97.0792541503906,97.3904724121094,97.3373489379883,96.210693359375,95.1896896362305,94.7518463134766,94.6756286621094,94.4357223510742,94.2603454589844,94.0627059936523,93.784797668457,93.6503677368164,94.0779037475586,94.3922805786133,93.1520614624023,91.0057983398438,88.1743011474609,84.2067565917969,79.2364273071289,75.3975677490234,73.0377883911133,70.092155456543,67.1558151245117,64.4445343017578,62.1924133300781,60.6486206054688,59.6723556518555,58.8463096618652,58.4415664672852,59.0414047241211,60.4210357666016,61.3090476989746,61.5713844299316,62.6633110046387,64.008544921875,65.9160461425781,69.2202453613281,72.9385604858398,76.8641128540039,79.2832183837891,78.5283966064453,76.1397018432617,72.9745712280273,70.1082534790039,68.0008773803711,65.9079818725586,64.0764846801758,62.7983551025391,62.0765037536621,61.6634941101074,61.0237998962402,60.1281204223633,59.7952270507812,59.9502372741699,60.0003623962402,59.5611305236816,59.1540298461914,58.7326278686523,58.9551124572754,60.0328979492188,61.0767555236816,61.9196968078613,63.2178535461426,64.7598419189453,66.4555740356445,67.6310806274414,68.8654479980469,70.1589126586914,71.3349075317383,72.0685882568359,73.1571426391602,74.6983261108398,76.3936080932617,78.7632904052734,80.0083541870117,80.6854248046875,81.8719482421875,82.2432250976562,83.3255157470703,85.1912231445312,86.5340347290039,87.0839385986328,87.4386901855469,87.4964752197266,87.5624160766602,87.7847366333008,87.3422012329102,87.2925415039062,86.5580673217773,86.135498046875,86.0055770874023,86.795051574707,87.8670272827148,89.6682510375977,90.853645324707,92.0725631713867,93.0440826416016,94.6843719482422,96.5628280639648,98.6223831176758,100.384399414062,101.828498840332,103.244850158691,104.816436767578,105.990432739258,110.34651184082,73.1780776977539,68.1982955932617,65.6238250732422,69.2568283081055,66.4880523681641,61.6128273010254,58.6798095703125,56.2121315002441,83.5806503295898,84.3072357177734,74.8157196044922,66.7786254882812,63.5728073120117,59.7068634033203,55.9869995117188,52.5231971740723,51.6843223571777,51.5635795593262,51.4103202819824,50.8914413452148,50.1435089111328,49.0982513427734,50.000431060791,50.926097869873,51.6335525512695,51.9234161376953,52.1500701904297,52.3836326599121,52.172908782959,51.758617401123
"177.5",46.8499298095703,48.1012115478516,52.1521911621094,54.9208755493164,58.4168014526367,61.7142791748047,66.1647796630859,59.6338195800781,49.5440864562988,45.4614143371582,39.5027847290039,35.6647262573242,36.9645538330078,46.0677642822266,103.394355773926,91.1544570922852,87.8055801391602,85.6292953491211,82.4952392578125,79.4193420410156,79.011344909668,80.189697265625,81.9038314819336,84.3004531860352,84.5195770263672,84.6628265380859,86.6732711791992,89.1842651367188,90.1117248535156,95.1848602294922,98.3177795410156,97.3661422729492,96.587890625,95.8704452514648,95.2976379394531,94.8989181518555,94.4232559204102,93.8138809204102,93.347770690918,92.9749145507812,92.6645126342773,92.5718231201172,93.0647201538086,94.802131652832,96.3572006225586,96.2607803344727,95.9613342285156,95.5428314208984,95.429573059082,96.0389404296875,97.1432266235352,98.7389755249023,98.9638061523438,99.6513748168945,99.0976867675781,92.0522537231445,99.1560363769531,97.0903625488281,96.0880813598633,95.1196594238281,94.4237670898438,94.5624923706055,94.7402038574219,94.6131362915039,94.2254409790039,93.731330871582,93.2825775146484,93.379768371582,94.0743942260742,93.9610748291016,91.7634963989258,89.2673568725586,85.9862060546875,81.3176727294922,77.0139923095703,73.7323226928711,71.3287963867188,68.2787399291992,66.6982421875,63.7138938903809,61.7935829162598,60.2726631164551,58.9884910583496,58.6081161499023,58.5362091064453,59.5129737854004,60.7904052734375,61.6886100769043,61.8959350585938,62.5576477050781,63.5011863708496,65.7630615234375,69.2744750976562,73.5621490478516,77.7433776855469,80.5852966308594,80.2950057983398,77.2834243774414,73.7809600830078,71.0415191650391,68.6071090698242,66.1502151489258,63.935977935791,62.4957389831543,61.9421005249023,61.3210182189941,60.7624549865723,60.153377532959,59.8838806152344,60.096607208252,60.1268005371094,59.5872840881348,58.9286346435547,58.6168632507324,59.2871589660645,60.7319412231445,61.6856422424316,62.5006217956543,63.6667442321777,65.2997055053711,67.1424407958984,68.4828186035156,69.683479309082,70.7529525756836,71.7306213378906,72.3237838745117,73.4453887939453,75.4165267944336,77.1648788452148,79.0712280273438,80.0270385742188,80.9128952026367,82.0414276123047,82.000846862793,82.7556838989258,84.0234451293945,85.2734603881836,85.7411117553711,85.8853149414062,86.4298400878906,86.4200592041016,86.917854309082,86.9084777832031,87.0573425292969,86.6247711181641,86.3652038574219,86.1584167480469,86.6033782958984,87.482292175293,89.1166381835938,90.6463775634766,91.9415817260742,92.8185119628906,94.2976608276367,96.0708770751953,98.2703857421875,100.084419250488,101.54736328125,102.848442077637,104.279609680176,105.077880859375,107.765670776367,91.3051147460938,69.5309371948242,68.0995712280273,69.5030975341797,67.5967407226562,63.3107643127441,58.9006500244141,58.8516883850098,86.2198944091797,85.4770812988281,74.2762832641602,66.944206237793,63.2084655761719,59.7315979003906,55.9565353393555,52.1910667419434,51.4630737304688,51.4675140380859,51.4116134643555,50.9826736450195,50.1620292663574,49.1630973815918,49.965950012207,50.6478233337402,51.4332084655762,51.771842956543,52.0147743225098,52.3053283691406,52.171199798584,51.7764434814453
"178.75",46.6018486022949,47.9654159545898,52.133617401123,55.3661918640137,58.2504730224609,62.6939926147461,66.5365982055664,57.9461212158203,49.6547584533691,45.7689170837402,39.8736839294434,35.6685256958008,35.5694236755371,75.4669036865234,101.714096069336,90.7391204833984,87.5277404785156,84.9281921386719,81.1100845336914,78.2767181396484,78.9893493652344,80.746711730957,82.3141632080078,84.5881881713867,85.1782836914062,85.585334777832,87.3620986938477,89.4617614746094,90.1780014038086,95.506103515625,98.3061599731445,97.1838836669922,96.2421875,95.4864273071289,94.7235565185547,94.1914520263672,93.9485397338867,93.6281433105469,93.4135818481445,93.2351303100586,93.1054763793945,93.0145416259766,93.6395874023438,95.2116165161133,96.2128219604492,95.986442565918,95.7809906005859,95.5483551025391,95.8696594238281,96.9063720703125,98.231071472168,99.3308181762695,99.1932983398438,99.3845672607422,100.500396728516,99.2204818725586,97.1347503662109,95.950065612793,94.8266067504883,93.8386535644531,93.5867614746094,93.9367599487305,94.284553527832,94.4173202514648,94.1077041625977,93.5857467651367,93.0019760131836,93.1894760131836,93.7412719726562,92.6483306884766,90.0900726318359,87.4361724853516,83.7744445800781,79.1377639770508,75.4480438232422,72.6354293823242,70.6527709960938,68.1742477416992,65.5578155517578,63.2369346618652,61.2249031066895,59.4238357543945,58.3121604919434,58.2931289672852,58.9590644836426,60.0626792907715,61.040714263916,61.7925720214844,61.9787368774414,62.0939025878906,63.1395454406738,65.8174285888672,69.7661361694336,74.3192291259766,79.2183074951172,81.8076095581055,81.3156433105469,78.1040802001953,74.3774642944336,71.228401184082,68.4709320068359,66.2413787841797,63.9999465942383,62.4491081237793,61.6511344909668,60.8583679199219,60.109188079834,59.7777099609375,59.4475860595703,59.7767868041992,59.6396980285645,58.9341125488281,58.0696449279785,57.8644905090332,58.8189010620117,60.5754661560059,61.6790962219238,62.5299301147461,63.7961616516113,65.4590072631836,67.4990386962891,69.1740264892578,70.5569458007812,71.6767501831055,72.4551086425781,72.7398071289062,73.6993560791016,75.7616653442383,78.1688919067383,80.2078247070312,80.9484100341797,81.3650665283203,82.429801940918,82.2275009155273,82.3649597167969,82.8976364135742,84.118522644043,84.7706756591797,84.8402938842773,85.5906143188477,85.6685104370117,86.333869934082,86.4584121704102,86.6811599731445,86.5348815917969,86.3681030273438,86.2585067749023,86.6272201538086,87.4238891601562,88.8794097900391,90.3730697631836,91.9244766235352,92.7511291503906,93.9831924438477,95.6432876586914,97.7359390258789,99.4991149902344,100.980613708496,102.391845703125,103.490615844727,104.020935058594,105.230537414551,105.24486541748,89.1405639648438,75.2927398681641,70.1271514892578,68.6818161010742,65.2103729248047,57.8519859313965,69.299186706543,89.633171081543,81.6931228637695,73.9580383300781,67.6180114746094,62.7665100097656,59.6956062316895,55.6430130004883,52.1185913085938,51.0851364135742,51.3090972900391,51.2383766174316,50.7864151000977,50.264591217041,49.2533187866211,49.9326820373535,50.3789176940918,51.2746429443359,51.6008949279785,51.916374206543,52.2094497680664,52.169261932373,51.7925033569336
"180",46.6929664611816,48.406566619873,52.1717987060547,55.2326622009277,58.4295768737793,63.5526657104492,63.5820236206055,55.8545722961426,49.4652290344238,45.5981941223145,39.8544960021973,35.0605278015137,34.352409362793,90.5907592773438,97.5811996459961,90.1014785766602,87.2525405883789,83.932746887207,79.9653015136719,78.2592239379883,79.5552749633789,81.3309326171875,82.7041091918945,84.7955169677734,85.8358840942383,86.6953887939453,88.2977905273438,89.7029800415039,90.4864044189453,95.8199615478516,98.1087875366211,96.8246002197266,95.7906265258789,94.9660720825195,94.2287216186523,93.7825317382812,93.6580047607422,93.4763488769531,93.4660034179688,93.520637512207,93.7185974121094,93.8778915405273,94.4921417236328,95.4774627685547,96.0134963989258,96.1757736206055,96.0122909545898,95.8755493164062,96.5588455200195,97.550407409668,98.2385559082031,98.4399642944336,98.5847320556641,98.7900390625,98.3643569946289,97.2783050537109,96.3456726074219,95.4115447998047,93.8908538818359,92.7827835083008,92.5578994750977,92.8111267089844,93.3114547729492,93.8715972900391,93.8150863647461,93.186653137207,92.6477661132812,92.6603164672852,92.414192199707,90.7932281494141,88.3329238891602,85.371696472168,81.5256958007812,77.3981399536133,74.3461990356445,72.0232925415039,69.7376556396484,66.7099380493164,64.3187942504883,62.2890853881836,60.4657897949219,58.9369316101074,58.1396141052246,58.3717193603516,59.5913772583008,60.7348480224609,61.428825378418,61.9278450012207,61.8819351196289,61.7229118347168,63.022388458252,66.290641784668,70.7394943237305,76.112060546875,80.4917449951172,82.2266464233398,81.3297424316406,78.1341705322266,74.0474243164062,70.5442123413086,68.1140365600586,66.0321884155273,64.2242050170898,62.6202011108398,61.1647262573242,60.2882804870605,59.5060768127441,59.2784881591797,59.1800231933594,59.3357315063477,59.196704864502,58.6091270446777,57.6821479797363,57.212718963623,58.1880493164062,60.0740394592285,61.6275329589844,62.4780883789062,63.8471450805664,65.8560638427734,68.0491180419922,70.0419540405273,71.4847106933594,72.5492095947266,73.4696731567383,73.5829620361328,73.9249420166016,76.1238479614258,78.6739273071289,80.8870010375977,81.5366973876953,81.6840286254883,82.5843505859375,82.4918060302734,82.4012832641602,82.4676895141602,83.0190658569336,84.0053405761719,83.983154296875,84.6998977661133,84.9580841064453,85.8478851318359,86.1931915283203,86.4132385253906,86.4452819824219,86.2617874145508,86.3431549072266,86.6633453369141,87.5418701171875,88.8799591064453,90.2037658691406,91.6869201660156,92.6515274047852,93.4598617553711,95.0987167358398,96.9398040771484,98.7086563110352,100.109771728516,101.5517578125,102.296936035156,102.90225982666,103.431564331055,106.206985473633,109.501350402832,112.357131958008,81.0760879516602,69.7264251708984,66.4857177734375,60.0297737121582,87.9581756591797,93.7860107421875,73.3511047363281,75.8825225830078,68.8836441040039,62.3219528198242,59.5490303039551,55.274055480957,52.246940612793,50.7320251464844,50.8159255981445,51.1646728515625,50.4861373901367,50.1302833557129,49.4448661804199,49.8250160217285,50.3284034729004,51.1555328369141,51.4045028686523,51.8131523132324,52.129451751709,52.1684722900391,51.8070259094238
